         Index            Ts             t            HF        Weight            Tr
           [#]          [°C]           [s]          [mW]          [mg]          [°C]
             0  1.25962e+003  0.00000e+000 -6.87397e+002  2.04503e+001  1.27000e+003
             1  1.26012e+003  1.00000e+000 -6.80178e+002  2.04502e+001  1.27083e+003
             2  1.26128e+003  2.00000e+000 -6.77757e+002  2.04502e+001  1.27167e+003
             3  1.26208e+003  3.00000e+000 -6.79829e+002  2.04502e+001  1.27250e+003
             4  1.26292e+003  4.00000e+000 -6.79978e+002  2.04501e+001  1.27333e+003
             5  1.26377e+003  5.00000e+000 -6.79769e+002  2.04501e+001  1.27417e+003
             6  1.26465e+003  6.00000e+000 -6.79634e+002  2.04501e+001  1.27500e+003
             7  1.26555e+003  7.00000e+000 -6.79509e+002  2.04501e+001  1.27583e+003
             8  1.26647e+003  8.00000e+000 -6.79072e+002  2.04502e+001  1.27667e+003
             9  1.26741e+003  9.00000e+000 -6.78614e+002  2.04503e+001  1.27750e+003
            10  1.26835e+003  1.00000e+001 -6.78188e+002  2.04503e+001  1.27833e+003
            11  1.26931e+003  1.10000e+001 -6.77777e+002  2.04504e+001  1.27917e+003
            12  1.27027e+003  1.20000e+001 -6.77373e+002  2.04505e+001  1.28000e+003
            13  1.27124e+003  1.30000e+001 -6.76997e+002  2.04507e+001  1.28083e+003
            14  1.27221e+003  1.40000e+001 -6.76618e+002  2.04508e+001  1.28167e+003
            15  1.27317e+003  1.50000e+001 -6.76270e+002  2.04509e+001  1.28250e+003
            16  1.27414e+003  1.60000e+001 -6.75940e+002  2.04510e+001  1.28333e+003
            17  1.27510e+003  1.70000e+001 -6.75686e+002  2.04511e+001  1.28417e+003
            18  1.27606e+003  1.80000e+001 -6.75401e+002  2.04512e+001  1.28500e+003
            19  1.27701e+003  1.90000e+001 -6.75146e+002  2.04513e+001  1.28583e+003
            20  1.27796e+003  2.00000e+001 -6.74909e+002  2.04514e+001  1.28667e+003
            21  1.27890e+003  2.10000e+001 -6.74711e+002  2.04514e+001  1.28750e+003
            22  1.27985e+003  2.20000e+001 -6.74552e+002  2.04515e+001  1.28833e+003
            23  1.28078e+003  2.30000e+001 -6.74432e+002  2.04515e+001  1.28917e+003
            24  1.28171e+003  2.40000e+001 -6.74317e+002  2.04515e+001  1.29000e+003
            25  1.28264e+003  2.50000e+001 -6.74283e+002  2.04514e+001  1.29083e+003
            26  1.28355e+003  2.60000e+001 -6.74227e+002  2.04514e+001  1.29167e+003
            27  1.28447e+003  2.70000e+001 -6.74182e+002  2.04514e+001  1.29250e+003
            28  1.28538e+003  2.80000e+001 -6.74144e+002  2.04513e+001  1.29333e+003
            29  1.28629e+003  2.90000e+001 -6.74183e+002  2.04512e+001  1.29417e+003
            30  1.28718e+003  3.00000e+001 -6.74185e+002  2.04512e+001  1.29500e+003
            31  1.28809e+003  3.10000e+001 -6.74186e+002  2.04511e+001  1.29583e+003
            32  1.28898e+003  3.20000e+001 -6.74191e+002  2.04511e+001  1.29667e+003
            33  1.28986e+003  3.30000e+001 -6.74201e+002  2.04511e+001  1.29750e+003
            34  1.29075e+003  3.40000e+001 -6.74198e+002  2.04511e+001  1.29833e+003
            35  1.29163e+003  3.50000e+001 -6.74189e+002  2.04510e+001  1.29917e+003
            36  1.29251e+003  3.60000e+001 -6.74180e+002  2.04510e+001  1.30000e+003
            37  1.29338e+003  3.70000e+001 -6.74174e+002  2.04510e+001  1.30083e+003
            38  1.29425e+003  3.80000e+001 -6.74169e+002  2.04510e+001  1.30167e+003
            39  1.29512e+003  3.90000e+001 -6.74167e+002  2.04510e+001  1.30250e+003
            40  1.29598e+003  4.00000e+001 -6.74161e+002  2.04510e+001  1.30333e+003
            41  1.29685e+003  4.10000e+001 -6.74140e+002  2.04510e+001  1.30417e+003
            42  1.29771e+003  4.20000e+001 -6.74120e+002  2.04509e+001  1.30500e+003
            43  1.29857e+003  4.30000e+001 -6.74102e+002  2.04509e+001  1.30583e+003
            44  1.29942e+003  4.40000e+001 -6.74089e+002  2.04508e+001  1.30667e+003
            45  1.30027e+003  4.50000e+001 -6.74046e+002  2.04508e+001  1.30750e+003
            46  1.30113e+003  4.60000e+001 -6.74023e+002  2.04507e+001  1.30833e+003
            47  1.30198e+003  4.70000e+001 -6.74056e+002  2.04507e+001  1.30917e+003
            48  1.30283e+003  4.80000e+001 -6.74199e+002  2.04506e+001  1.31000e+003
            49  1.30368e+003  4.90000e+001 -6.74063e+002  2.04506e+001  1.31083e+003
            50  1.30452e+003  5.00000e+001 -6.73954e+002  2.04506e+001  1.31167e+003
            51  1.30537e+003  5.10000e+001 -6.73877e+002  2.04506e+001  1.31250e+003
            52  1.30621e+003  5.20000e+001 -6.73805e+002  2.04506e+001  1.31333e+003
            53  1.30706e+003  5.30000e+001 -6.73690e+002  2.04506e+001  1.31417e+003
            54  1.30790e+003  5.40000e+001 -6.73577e+002  2.04506e+001  1.31500e+003
            55  1.30874e+003  5.50000e+001 -6.73461e+002  2.04506e+001  1.31583e+003
            56  1.30958e+003  5.60000e+001 -6.73354e+002  2.04506e+001  1.31667e+003
            57  1.31042e+003  5.70000e+001 -6.73243e+002  2.04506e+001  1.31750e+003
            58  1.31126e+003  5.80000e+001 -6.73132e+002  2.04506e+001  1.31833e+003
            59  1.31209e+003  5.90000e+001 -6.73022e+002  2.04505e+001  1.31917e+003
            60  1.31293e+003  6.00000e+001 -6.72911e+002  2.04505e+001  1.32000e+003
            61  1.31377e+003  6.10000e+001 -6.72803e+002  2.04505e+001  1.32083e+003
            62  1.31461e+003  6.20000e+001 -6.72690e+002  2.04505e+001  1.32167e+003
            63  1.31544e+003  6.30000e+001 -6.72573e+002  2.04504e+001  1.32250e+003
            64  1.31627e+003  6.40000e+001 -6.72450e+002  2.04504e+001  1.32333e+003
            65  1.31711e+003  6.50000e+001 -6.72314e+002  2.04503e+001  1.32417e+003
            66  1.31794e+003  6.60000e+001 -6.72197e+002  2.04502e+001  1.32500e+003
            67  1.31878e+003  6.70000e+001 -6.72089e+002  2.04501e+001  1.32583e+003
            68  1.31961e+003  6.80000e+001 -6.71974e+002  2.04500e+001  1.32667e+003
            69  1.32044e+003  6.90000e+001 -6.71810e+002  2.04498e+001  1.32750e+003
            70  1.32127e+003  7.00000e+001 -6.71672e+002  2.04497e+001  1.32833e+003
            71  1.32210e+003  7.10000e+001 -6.71542e+002  2.04496e+001  1.32917e+003
            72  1.32293e+003  7.20000e+001 -6.71408e+002  2.04494e+001  1.33000e+003
            73  1.32376e+003  7.30000e+001 -6.71262e+002  2.04493e+001  1.33083e+003
            74  1.32459e+003  7.40000e+001 -6.71072e+002  2.04492e+001  1.33167e+003
            75  1.32542e+003  7.50000e+001 -6.70913e+002  2.04492e+001  1.33250e+003
            76  1.32624e+003  7.60000e+001 -6.70756e+002  2.04491e+001  1.33333e+003
            77  1.32708e+003  7.70000e+001 -6.70596e+002  2.04490e+001  1.33417e+003
            78  1.32790e+003  7.80000e+001 -6.70435e+002  2.04490e+001  1.33500e+003
            79  1.32873e+003  7.90000e+001 -6.70282e+002  2.04490e+001  1.33583e+003
            80  1.32956e+003  8.00000e+001 -6.70133e+002  2.04490e+001  1.33667e+003
            81  1.33038e+003  8.10000e+001 -6.69979e+002  2.04490e+001  1.33750e+003
            82  1.33121e+003  8.20000e+001 -6.69756e+002  2.04489e+001  1.33833e+003
            83  1.33203e+003  8.30000e+001 -6.69563e+002  2.04489e+001  1.33917e+003
            84  1.33286e+003  8.40000e+001 -6.69377e+002  2.04489e+001  1.34000e+003
            85  1.33368e+003  8.50000e+001 -6.69198e+002  2.04488e+001  1.34083e+003
            86  1.33451e+003  8.60000e+001 -6.68968e+002  2.04487e+001  1.34167e+003
            87  1.33533e+003  8.70000e+001 -6.68760e+002  2.04487e+001  1.34250e+003
            88  1.33615e+003  8.80000e+001 -6.68556e+002  2.04486e+001  1.34333e+003
            89  1.33698e+003  8.90000e+001 -6.68349e+002  2.04486e+001  1.34417e+003
            90  1.33780e+003  9.00000e+001 -6.68144e+002  2.04485e+001  1.34500e+003
            91  1.33862e+003  9.10000e+001 -6.67875e+002  2.04485e+001  1.34583e+003
            92  1.33945e+003  9.20000e+001 -6.67563e+002  2.04484e+001  1.34667e+003
            93  1.34027e+003  9.30000e+001 -6.67233e+002  2.04484e+001  1.34750e+003
            94  1.34109e+003  9.40000e+001 -6.67037e+002  2.04483e+001  1.34833e+003
            95  1.34191e+003  9.50000e+001 -6.66895e+002  2.04482e+001  1.34917e+003
            96  1.34273e+003  9.60000e+001 -6.66753e+002  2.04481e+001  1.35000e+003
            97  1.34355e+003  9.70000e+001 -6.66585e+002  2.04480e+001  1.35083e+003
            98  1.34437e+003  9.80000e+001 -6.66260e+002  2.04479e+001  1.35167e+003
            99  1.34519e+003  9.90000e+001 -6.65943e+002  2.04479e+001  1.35250e+003
           100  1.34601e+003  1.00000e+002 -6.65635e+002  2.04478e+001  1.35333e+003
           101  1.34683e+003  1.01000e+002 -6.65328e+002  2.04477e+001  1.35417e+003
           102  1.34765e+003  1.02000e+002 -6.65022e+002  2.04476e+001  1.35500e+003
           103  1.34847e+003  1.03000e+002 -6.64734e+002  2.04476e+001  1.35583e+003
           104  1.34929e+003  1.04000e+002 -6.64455e+002  2.04475e+001  1.35667e+003
           105  1.35011e+003  1.05000e+002 -6.64176e+002  2.04474e+001  1.35750e+003
           106  1.35093e+003  1.06000e+002 -6.63904e+002  2.04472e+001  1.35833e+003
           107  1.35175e+003  1.07000e+002 -6.63621e+002  2.04471e+001  1.35917e+003
           108  1.35257e+003  1.08000e+002 -6.63336e+002  2.04469e+001  1.36000e+003
           109  1.35339e+003  1.09000e+002 -6.63052e+002  2.04468e+001  1.36083e+003
           110  1.35421e+003  1.10000e+002 -6.62780e+002  2.04466e+001  1.36167e+003
           111  1.35503e+003  1.11000e+002 -6.62504e+002  2.04465e+001  1.36250e+003
           112  1.35585e+003  1.12000e+002 -6.62229e+002  2.04463e+001  1.36333e+003
           113  1.35667e+003  1.13000e+002 -6.61959e+002  2.04462e+001  1.36417e+003
           114  1.35749e+003  1.14000e+002 -6.61690e+002  2.04461e+001  1.36500e+003
           115  1.35830e+003  1.15000e+002 -6.61421e+002  2.04460e+001  1.36583e+003
           116  1.35912e+003  1.16000e+002 -6.61152e+002  2.04460e+001  1.36667e+003
           117  1.35994e+003  1.17000e+002 -6.60885e+002  2.04459e+001  1.36750e+003
           118  1.36076e+003  1.18000e+002 -6.60626e+002  2.04458e+001  1.36833e+003
           119  1.36158e+003  1.19000e+002 -6.60362e+002  2.04457e+001  1.36917e+003
           120  1.36239e+003  1.20000e+002 -6.60099e+002  2.04457e+001  1.37000e+003
           121  1.36322e+003  1.21000e+002 -6.59834e+002  2.04456e+001  1.37083e+003
           122  1.36404e+003  1.22000e+002 -6.59574e+002  2.04455e+001  1.37167e+003
           123  1.36485e+003  1.23000e+002 -6.59305e+002  2.04454e+001  1.37250e+003
           124  1.36568e+003  1.24000e+002 -6.59036e+002  2.04453e+001  1.37333e+003
           125  1.36649e+003  1.25000e+002 -6.58765e+002  2.04452e+001  1.37417e+003
           126  1.36731e+003  1.26000e+002 -6.58480e+002  2.04451e+001  1.37500e+003
           127  1.36813e+003  1.27000e+002 -6.58201e+002  2.04450e+001  1.37583e+003
           128  1.36895e+003  1.28000e+002 -6.57929e+002  2.04450e+001  1.37667e+003
           129  1.36977e+003  1.29000e+002 -6.57657e+002  2.04449e+001  1.37750e+003
           130  1.37058e+003  1.30000e+002 -6.57351e+002  2.04448e+001  1.37833e+003
           131  1.37140e+003  1.31000e+002 -6.57063e+002  2.04448e+001  1.37917e+003
           132  1.37221e+003  1.32000e+002 -6.56771e+002  2.04447e+001  1.38000e+003
           133  1.37304e+003  1.33000e+002 -6.56466e+002  2.04447e+001  1.38083e+003
           134  1.37385e+003  1.34000e+002 -6.56121e+002  2.04446e+001  1.38167e+003
           135  1.37468e+003  1.35000e+002 -6.55810e+002  2.04446e+001  1.38250e+003
           136  1.37549e+003  1.36000e+002 -6.55509e+002  2.04445e+001  1.38333e+003
           137  1.37630e+003  1.37000e+002 -6.55210e+002  2.04444e+001  1.38417e+003
           138  1.37713e+003  1.38000e+002 -6.54902e+002  2.04443e+001  1.38500e+003
           139  1.37794e+003  1.39000e+002 -6.54598e+002  2.04442e+001  1.38583e+003
           140  1.37877e+003  1.40000e+002 -6.54296e+002  2.04440e+001  1.38667e+003
           141  1.37959e+003  1.41000e+002 -6.53993e+002  2.04439e+001  1.38750e+003
           142  1.38040e+003  1.42000e+002 -6.53694e+002  2.04437e+001  1.38833e+003
           143  1.38122e+003  1.43000e+002 -6.53381e+002  2.04436e+001  1.38917e+003
           144  1.38204e+003  1.44000e+002 -6.53071e+002  2.04434e+001  1.39000e+003
           145  1.38286e+003  1.45000e+002 -6.52761e+002  2.04432e+001  1.39083e+003
           146  1.38368e+003  1.46000e+002 -6.52448e+002  2.04430e+001  1.39167e+003
           147  1.38449e+003  1.47000e+002 -6.52160e+002  2.04429e+001  1.39250e+003
           148  1.38530e+003  1.48000e+002 -6.51871e+002  2.04427e+001  1.39333e+003
           149  1.38612e+003  1.49000e+002 -6.51540e+002  2.04426e+001  1.39417e+003
           150  1.38693e+003  1.50000e+002 -6.51187e+002  2.04425e+001  1.39500e+003
           151  1.38776e+003  1.51000e+002 -6.50852e+002  2.04424e+001  1.39583e+003
           152  1.38857e+003  1.52000e+002 -6.50513e+002  2.04423e+001  1.39667e+003
           153  1.38939e+003  1.53000e+002 -6.50184e+002  2.04422e+001  1.39750e+003
           154  1.39020e+003  1.54000e+002 -6.49784e+002  2.04423e+001  1.39833e+003
           155  1.39102e+003  1.55000e+002 -6.49429e+002  2.04423e+001  1.39917e+003
           156  1.39183e+003  1.56000e+002 -6.49085e+002  2.04423e+001  1.40000e+003
           157  1.39264e+003  1.57000e+002 -6.48741e+002  2.04423e+001  1.40083e+003
           158  1.39346e+003  1.58000e+002 -6.48387e+002  2.04423e+001  1.40167e+003
           159  1.39427e+003  1.59000e+002 -6.48021e+002  2.04423e+001  1.40250e+003
           160  1.39509e+003  1.60000e+002 -6.47660e+002  2.04423e+001  1.40333e+003
           161  1.39590e+003  1.61000e+002 -6.47314e+002  2.04423e+001  1.40417e+003
           162  1.39672e+003  1.62000e+002 -6.47009e+002  2.04422e+001  1.40500e+003
           163  1.39753e+003  1.63000e+002 -6.46683e+002  2.04421e+001  1.40583e+003
           164  1.39835e+003  1.64000e+002 -6.46358e+002  2.04420e+001  1.40667e+003
           165  1.39916e+003  1.65000e+002 -6.46064e+002  2.04419e+001  1.40750e+003
           166  1.39998e+003  1.66000e+002 -6.45837e+002  2.04418e+001  1.40833e+003
           167  1.40079e+003  1.67000e+002 -6.45588e+002  2.04415e+001  1.40917e+003
           168  1.40160e+003  1.68000e+002 -6.45310e+002  2.04414e+001  1.41000e+003
           169  1.40241e+003  1.69000e+002 -6.45019e+002  2.04412e+001  1.41083e+003
           170  1.40322e+003  1.70000e+002 -6.44726e+002  2.04410e+001  1.41167e+003
           171  1.40404e+003  1.71000e+002 -6.44418e+002  2.04408e+001  1.41250e+003
           172  1.40485e+003  1.72000e+002 -6.44126e+002  2.04407e+001  1.41333e+003
           173  1.40567e+003  1.73000e+002 -6.43839e+002  2.04405e+001  1.41417e+003
           174  1.40648e+003  1.74000e+002 -6.43556e+002  2.04403e+001  1.41500e+003
           175  1.40730e+003  1.75000e+002 -6.43261e+002  2.04402e+001  1.41583e+003
           176  1.40811e+003  1.76000e+002 -6.42964e+002  2.04400e+001  1.41667e+003
           177  1.40892e+003  1.77000e+002 -6.42667e+002  2.04398e+001  1.41750e+003
           178  1.40973e+003  1.78000e+002 -6.42368e+002  2.04397e+001  1.41833e+003
           179  1.41055e+003  1.79000e+002 -6.42054e+002  2.04395e+001  1.41917e+003
           180  1.41136e+003  1.80000e+002 -6.41749e+002  2.04394e+001  1.42000e+003
           181  1.41217e+003  1.81000e+002 -6.41444e+002  2.04392e+001  1.42083e+003
           182  1.41298e+003  1.82000e+002 -6.41137e+002  2.04391e+001  1.42167e+003
           183  1.41379e+003  1.83000e+002 -6.40815e+002  2.04389e+001  1.42250e+003
           184  1.41461e+003  1.84000e+002 -6.40501e+002  2.04388e+001  1.42333e+003
           185  1.41542e+003  1.85000e+002 -6.40185e+002  2.04387e+001  1.42417e+003
           186  1.41624e+003  1.86000e+002 -6.39866e+002  2.04386e+001  1.42500e+003
           187  1.41704e+003  1.87000e+002 -6.39521e+002  2.04385e+001  1.42583e+003
           188  1.41786e+003  1.88000e+002 -6.39194e+002  2.04383e+001  1.42667e+003
           189  1.41868e+003  1.89000e+002 -6.38880e+002  2.04382e+001  1.42750e+003
           190  1.41948e+003  1.90000e+002 -6.38580e+002  2.04381e+001  1.42833e+003
           191  1.42030e+003  1.91000e+002 -6.38218e+002  2.04380e+001  1.42917e+003
           192  1.42111e+003  1.92000e+002 -6.37873e+002  2.04380e+001  1.43000e+003
           193  1.42192e+003  1.93000e+002 -6.37538e+002  2.04379e+001  1.43083e+003
           194  1.42273e+003  1.94000e+002 -6.37206e+002  2.04378e+001  1.43167e+003
           195  1.42354e+003  1.95000e+002 -6.36844e+002  2.04378e+001  1.43250e+003
           196  1.42436e+003  1.96000e+002 -6.36516e+002  2.04378e+001  1.43333e+003
           197  1.42517e+003  1.97000e+002 -6.36208e+002  2.04377e+001  1.43417e+003
           198  1.42598e+003  1.98000e+002 -6.35847e+002  2.04377e+001  1.43500e+003
           199  1.42680e+003  1.99000e+002 -6.35575e+002  2.04376e+001  1.43583e+003
           200  1.42761e+003  2.00000e+002 -6.35475e+002  2.04376e+001  1.43667e+003
           201  1.42842e+003  2.01000e+002 -6.35295e+002  2.04375e+001  1.43750e+003
           202  1.42923e+003  2.02000e+002 -6.34932e+002  2.04374e+001  1.43833e+003
           203  1.43004e+003  2.03000e+002 -6.34620e+002  2.04373e+001  1.43917e+003
           204  1.43085e+003  2.04000e+002 -6.34304e+002  2.04372e+001  1.44000e+003
           205  1.43166e+003  2.05000e+002 -6.33996e+002  2.04371e+001  1.44083e+003
           206  1.43248e+003  2.06000e+002 -6.33664e+002  2.04370e+001  1.44167e+003
           207  1.43329e+003  2.07000e+002 -6.33407e+002  2.04369e+001  1.44250e+003
           208  1.43410e+003  2.08000e+002 -6.33125e+002  2.04367e+001  1.44333e+003
           209  1.43491e+003  2.09000e+002 -6.32843e+002  2.04366e+001  1.44417e+003
           210  1.43572e+003  2.10000e+002 -6.32580e+002  2.04364e+001  1.44500e+003
           211  1.43654e+003  2.11000e+002 -6.32378e+002  2.04363e+001  1.44583e+003
           212  1.43735e+003  2.12000e+002 -6.32148e+002  2.04361e+001  1.44667e+003
           213  1.43816e+003  2.13000e+002 -6.31920e+002  2.04359e+001  1.44750e+003
           214  1.43896e+003  2.14000e+002 -6.31690e+002  2.04358e+001  1.44833e+003
           215  1.43978e+003  2.15000e+002 -6.31480e+002  2.04356e+001  1.44917e+003
           216  1.44059e+003  2.16000e+002 -6.31257e+002  2.04355e+001  1.45000e+003
           217  1.44140e+003  2.17000e+002 -6.31035e+002  2.04353e+001  1.45083e+003
           218  1.44221e+003  2.18000e+002 -6.30813e+002  2.04352e+001  1.45167e+003
           219  1.44303e+003  2.19000e+002 -6.30612e+002  2.04351e+001  1.45250e+003
           220  1.44384e+003  2.20000e+002 -6.30409e+002  2.04350e+001  1.45333e+003
           221  1.44465e+003  2.21000e+002 -6.30245e+002  2.04349e+001  1.45417e+003
           222  1.44545e+003  2.22000e+002 -6.30147e+002  2.04348e+001  1.45500e+003
           223  1.44627e+003  2.23000e+002 -6.30211e+002  2.04347e+001  1.45583e+003
           224  1.44707e+003  2.24000e+002 -6.30350e+002  2.04346e+001  1.45667e+003
           225  1.44788e+003  2.25000e+002 -6.30305e+002  2.04345e+001  1.45750e+003
           226  1.44869e+003  2.26000e+002 -6.30196e+002  2.04343e+001  1.45833e+003
           227  1.44949e+003  2.27000e+002 -6.29928e+002  2.04342e+001  1.45917e+003
           228  1.45030e+003  2.28000e+002 -6.29692e+002  2.04341e+001  1.46000e+003
           229  1.45111e+003  2.29000e+002 -6.29475e+002  2.04340e+001  1.46083e+003
           230  1.45192e+003  2.30000e+002 -6.29231e+002  2.04338e+001  1.46167e+003
           231  1.45272e+003  2.31000e+002 -6.28993e+002  2.04338e+001  1.46250e+003
           232  1.45353e+003  2.32000e+002 -6.28723e+002  2.04337e+001  1.46333e+003
           233  1.45434e+003  2.33000e+002 -6.28383e+002  2.04336e+001  1.46417e+003
           234  1.45515e+003  2.34000e+002 -6.28026e+002  2.04336e+001  1.46500e+003
           235  1.45596e+003  2.35000e+002 -6.27771e+002  2.04335e+001  1.46583e+003
           236  1.45677e+003  2.36000e+002 -6.27604e+002  2.04335e+001  1.46667e+003
           237  1.45758e+003  2.37000e+002 -6.27319e+002  2.04334e+001  1.46750e+003
           238  1.45839e+003  2.38000e+002 -6.27140e+002  2.04334e+001  1.46833e+003
           239  1.45918e+003  2.39000e+002 -6.26965e+002  2.04333e+001  1.46917e+003
           240  1.45999e+003  2.40000e+002 -6.26759e+002  2.04332e+001  1.47000e+003
           241  1.46080e+003  2.41000e+002 -6.26542e+002  2.04331e+001  1.47083e+003
           242  1.46161e+003  2.42000e+002 -6.26327e+002  2.04330e+001  1.47167e+003
           243  1.46242e+003  2.43000e+002 -6.26106e+002  2.04329e+001  1.47250e+003
           244  1.46323e+003  2.44000e+002 -6.25894e+002  2.04328e+001  1.47333e+003
           245  1.46404e+003  2.45000e+002 -6.25680e+002  2.04327e+001  1.47417e+003
           246  1.46485e+003  2.46000e+002 -6.25465e+002  2.04325e+001  1.47500e+003
           247  1.46565e+003  2.47000e+002 -6.25225e+002  2.04323e+001  1.47583e+003
           248  1.46646e+003  2.48000e+002 -6.25005e+002  2.04322e+001  1.47667e+003
           249  1.46726e+003  2.49000e+002 -6.24953e+002  2.04320e+001  1.47750e+003
           250  1.46807e+003  2.50000e+002 -6.25177e+002  2.04318e+001  1.47833e+003
           251  1.46887e+003  2.51000e+002 -6.25441e+002  2.04316e+001  1.47917e+003
           252  1.46967e+003  2.52000e+002 -6.25362e+002  2.04314e+001  1.48000e+003
           253  1.47047e+003  2.53000e+002 -6.25043e+002  2.04313e+001  1.48083e+003
           254  1.47129e+003  2.54000e+002 -6.24749e+002  2.04311e+001  1.48167e+003
           255  1.47209e+003  2.55000e+002 -6.24643e+002  2.04309e+001  1.48250e+003
           256  1.47290e+003  2.56000e+002 -6.24490e+002  2.04308e+001  1.48333e+003
           257  1.47370e+003  2.57000e+002 -6.24346e+002  2.04306e+001  1.48417e+003
           258  1.47450e+003  2.58000e+002 -6.24210e+002  2.04305e+001  1.48500e+003
           259  1.47530e+003  2.59000e+002 -6.24085e+002  2.04304e+001  1.48583e+003
           260  1.47611e+003  2.60000e+002 -6.23959e+002  2.04304e+001  1.48667e+003
           261  1.47691e+003  2.61000e+002 -6.23648e+002  2.04304e+001  1.48750e+003
           262  1.47773e+003  2.62000e+002 -6.23423e+002  2.04303e+001  1.48833e+003
           263  1.47853e+003  2.63000e+002 -6.23395e+002  2.04303e+001  1.48917e+003
           264  1.47933e+003  2.64000e+002 -6.23122e+002  2.04302e+001  1.49000e+003
           265  1.48014e+003  2.65000e+002 -6.22974e+002  2.04302e+001  1.49083e+003
           266  1.48094e+003  2.66000e+002 -6.22969e+002  2.04301e+001  1.49167e+003
           267  1.48175e+003  2.67000e+002 -6.23037e+002  2.04301e+001  1.49250e+003
           268  1.48255e+003  2.68000e+002 -6.22703e+002  2.04300e+001  1.49333e+003
           269  1.48336e+003  2.69000e+002 -6.22383e+002  2.04299e+001  1.49417e+003
           270  1.48416e+003  2.70000e+002 -6.22071e+002  2.04298e+001  1.49500e+003
           271  1.48497e+003  2.71000e+002 -6.21764e+002  2.04296e+001  1.49583e+003
           272  1.48577e+003  2.72000e+002 -6.21599e+002  2.04295e+001  1.49667e+003
           273  1.48657e+003  2.73000e+002 -6.21440e+002  2.04294e+001  1.49750e+003
           274  1.48738e+003  2.74000e+002 -6.21277e+002  2.04292e+001  1.49833e+003
           275  1.48819e+003  2.75000e+002 -6.21111e+002  2.04291e+001  1.49917e+003
           276  1.48900e+003  2.76000e+002 -6.20948e+002  2.04291e+001  1.50000e+003
           277  1.48979e+003  2.77000e+002 -6.20796e+002  2.04290e+001  1.50083e+003
           278  1.49061e+003  2.78000e+002 -6.20631e+002  2.04289e+001  1.50167e+003
           279  1.49141e+003  2.79000e+002 -6.20432e+002  2.04289e+001  1.50250e+003
           280  1.49222e+003  2.80000e+002 -6.20236e+002  2.04288e+001  1.50333e+003
           281  1.49303e+003  2.81000e+002 -6.20132e+002  2.04288e+001  1.50417e+003
           282  1.49383e+003  2.82000e+002 -6.20060e+002  2.04287e+001  1.50500e+003
           283  1.49464e+003  2.83000e+002 -6.19959e+002  2.04286e+001  1.50583e+003
           284  1.49544e+003  2.84000e+002 -6.19711e+002  2.04284e+001  1.50667e+003
           285  1.49625e+003  2.85000e+002 -6.19544e+002  2.04282e+001  1.50750e+003
           286  1.49706e+003  2.86000e+002 -6.19619e+002  2.04280e+001  1.50833e+003
           287  1.49786e+003  2.87000e+002 -6.19877e+002  2.04278e+001  1.50917e+003
           288  1.49867e+003  2.88000e+002 -6.19675e+002  2.04276e+001  1.51000e+003
           289  1.49946e+003  2.89000e+002 -6.19401e+002  2.04274e+001  1.51083e+003
           290  1.50027e+003  2.90000e+002 -6.19825e+002  2.04272e+001  1.51167e+003
           291  1.50107e+003  2.91000e+002 -6.21205e+002  2.04270e+001  1.51250e+003
           292  1.50186e+003  2.92000e+002 -6.22047e+002  2.04269e+001  1.51333e+003
           293  1.50266e+003  2.93000e+002 -6.21836e+002  2.04267e+001  1.51417e+003
           294  1.50346e+003  2.94000e+002 -6.21366e+002  2.04265e+001  1.51500e+003
           295  1.50426e+003  2.95000e+002 -6.21101e+002  2.04264e+001  1.51583e+003
           296  1.50506e+003  2.96000e+002 -6.21061e+002  2.04263e+001  1.51667e+003
           297  1.50586e+003  2.97000e+002 -6.21401e+002  2.04262e+001  1.51750e+003
           298  1.50665e+003  2.98000e+002 -6.21871e+002  2.04260e+001  1.51833e+003
           299  1.50744e+003  2.99000e+002 -6.21961e+002  2.04259e+001  1.51917e+003
           300  1.50824e+003  3.00000e+002 -6.21511e+002  2.04259e+001  1.52000e+003
           301  1.50904e+003  3.01000e+002 -6.21316e+002  2.04258e+001  1.52083e+003
           302  1.50984e+003  3.02000e+002 -6.21005e+002  2.04258e+001  1.52167e+003
           303  1.51064e+003  3.03000e+002 -6.20799e+002  2.04257e+001  1.52250e+003
           304  1.51144e+003  3.04000e+002 -6.20549e+002  2.04256e+001  1.52333e+003
           305  1.51224e+003  3.05000e+002 -6.20203e+002  2.04256e+001  1.52417e+003
           306  1.51304e+003  3.06000e+002 -6.20016e+002  2.04255e+001  1.52500e+003
           307  1.51384e+003  3.07000e+002 -6.19864e+002  2.04254e+001  1.52583e+003
           308  1.51465e+003  3.08000e+002 -6.19846e+002  2.04253e+001  1.52667e+003
           309  1.51545e+003  3.09000e+002 -6.20000e+002  2.04252e+001  1.52750e+003
           310  1.51626e+003  3.10000e+002 -6.19862e+002  2.04252e+001  1.52833e+003
           311  1.51706e+003  3.11000e+002 -6.19437e+002  2.04251e+001  1.52917e+003
           312  1.51787e+003  3.12000e+002 -6.19310e+002  2.04249e+001  1.53000e+003
           313  1.51867e+003  3.13000e+002 -6.19659e+002  2.04248e+001  1.53083e+003
           314  1.51948e+003  3.14000e+002 -6.20601e+002  2.04247e+001  1.53167e+003
           315  1.52027e+003  3.15000e+002 -6.21929e+002  2.04246e+001  1.53250e+003
           316  1.52107e+003  3.16000e+002 -6.21153e+002  2.04244e+001  1.53333e+003
           317  1.52187e+003  3.17000e+002 -6.20394e+002  2.04243e+001  1.53417e+003
           318  1.52268e+003  3.18000e+002 -6.19657e+002  2.04241e+001  1.53500e+003
           319  1.52349e+003  3.19000e+002 -6.18969e+002  2.04240e+001  1.53583e+003
           320  1.52430e+003  3.20000e+002 -6.19318e+002  2.04238e+001  1.53667e+003
           321  1.52510e+003  3.21000e+002 -6.19789e+002  2.04236e+001  1.53750e+003
           322  1.52591e+003  3.22000e+002 -6.20923e+002  2.04235e+001  1.53833e+003
           323  1.52671e+003  3.23000e+002 -6.22958e+002  2.04233e+001  1.53917e+003
           324  1.52750e+003  3.24000e+002 -6.23830e+002  2.04231e+001  1.54000e+003
           325  1.52830e+003  3.25000e+002 -6.25112e+002  2.04229e+001  1.54083e+003
           326  1.52908e+003  3.26000e+002 -6.24700e+002  2.04228e+001  1.54167e+003
           327  1.52989e+003  3.27000e+002 -6.23431e+002  2.04226e+001  1.54250e+003
           328  1.53070e+003  3.28000e+002 -6.22696e+002  2.04225e+001  1.54333e+003
           329  1.53151e+003  3.29000e+002 -6.22344e+002  2.04223e+001  1.54417e+003
           330  1.53231e+003  3.30000e+002 -6.22404e+002  2.04222e+001  1.54500e+003
           331  1.53312e+003  3.31000e+002 -6.22704e+002  2.04221e+001  1.54583e+003
           332  1.53393e+003  3.32000e+002 -6.22903e+002  2.04220e+001  1.54667e+003
           333  1.53473e+003  3.33000e+002 -6.23055e+002  2.04219e+001  1.54750e+003
           334  1.53553e+003  3.34000e+002 -6.23289e+002  2.04218e+001  1.54833e+003
           335  1.53633e+003  3.35000e+002 -6.23715e+002  2.04218e+001  1.54917e+003
           336  1.53714e+003  3.36000e+002 -6.24168e+002  2.04217e+001  1.55000e+003
           337  1.53793e+003  3.37000e+002 -6.26681e+002  2.04217e+001  1.55083e+003
           338  1.53872e+003  3.38000e+002 -6.26557e+002  2.04217e+001  1.55167e+003
           339  1.53954e+003  3.39000e+002 -6.25931e+002  2.04217e+001  1.55250e+003
           340  1.54034e+003  3.40000e+002 -6.25501e+002  2.04216e+001  1.55333e+003
           341  1.54115e+003  3.41000e+002 -6.25648e+002  2.04216e+001  1.55417e+003
           342  1.54195e+003  3.42000e+002 -6.25445e+002  2.04216e+001  1.55500e+003
           343  1.54276e+003  3.43000e+002 -6.25435e+002  2.04215e+001  1.55583e+003
           344  1.54356e+003  3.44000e+002 -6.25665e+002  2.04214e+001  1.55667e+003
           345  1.54437e+003  3.45000e+002 -6.25505e+002  2.04213e+001  1.55750e+003
           346  1.54518e+003  3.46000e+002 -6.25728e+002  2.04212e+001  1.55833e+003
           347  1.54598e+003  3.47000e+002 -6.26405e+002  2.04212e+001  1.55917e+003
           348  1.54678e+003  3.48000e+002 -6.27396e+002  2.04211e+001  1.56000e+003
           349  1.54758e+003  3.49000e+002 -6.27987e+002  2.04209e+001  1.56083e+003
           350  1.54839e+003  3.50000e+002 -6.28309e+002  2.04208e+001  1.56167e+003
           351  1.54919e+003  3.51000e+002 -6.28369e+002  2.04208e+001  1.56250e+003
           352  1.54999e+003  3.52000e+002 -6.28077e+002  2.04207e+001  1.56333e+003
           353  1.55080e+003  3.53000e+002 -6.27651e+002  2.04206e+001  1.56417e+003
           354  1.55161e+003  3.54000e+002 -6.27391e+002  2.04205e+001  1.56500e+003
           355  1.55241e+003  3.55000e+002 -6.27466e+002  2.04204e+001  1.56583e+003
           356  1.55322e+003  3.56000e+002 -6.27642e+002  2.04202e+001  1.56667e+003
           357  1.55402e+003  3.57000e+002 -6.32107e+002  2.04201e+001  1.56750e+003
           358  1.55481e+003  3.58000e+002 -6.38319e+002  2.04200e+001  1.56833e+003
           359  1.55560e+003  3.59000e+002 -6.47325e+002  2.04198e+001  1.56917e+003
           360  1.55637e+003  3.60000e+002 -6.58840e+002  2.04196e+001  1.57000e+003
           361  1.55714e+003  3.61000e+002 -6.76095e+002  2.04195e+001  1.57083e+003
           362  1.55789e+003  3.62000e+002 -6.91693e+002  2.04193e+001  1.57167e+003
           363  1.55866e+003  3.63000e+002 -7.09005e+002  2.04191e+001  1.57250e+003
           364  1.55941e+003  3.64000e+002 -7.29280e+002  2.04189e+001  1.57333e+003
           365  1.56016e+003  3.65000e+002 -7.52237e+002  2.04188e+001  1.57417e+003
           366  1.56091e+003  3.66000e+002 -7.77814e+002  2.04186e+001  1.57500e+003
           367  1.56164e+003  3.67000e+002 -8.03641e+002  2.04184e+001  1.57583e+003
           368  1.56238e+003  3.68000e+002 -8.28833e+002  2.04183e+001  1.57667e+003
           369  1.56312e+003  3.69000e+002 -8.56555e+002  2.04181e+001  1.57750e+003
           370  1.56385e+003  3.70000e+002 -8.84673e+002  2.04179e+001  1.57833e+003
           371  1.56457e+003  3.71000e+002 -9.12618e+002  2.04177e+001  1.57917e+003
           372  1.56531e+003  3.72000e+002 -9.41752e+002  2.04175e+001  1.58000e+003
           373  1.56604e+003  3.73000e+002 -9.78540e+002  2.04172e+001  1.58083e+003
           374  1.56673e+003  3.74000e+002 -1.01157e+003  2.04171e+001  1.58167e+003
           375  1.56746e+003  3.75000e+002 -1.04356e+003  2.04169e+001  1.58250e+003
           376  1.56818e+003  3.76000e+002 -1.07675e+003  2.04167e+001  1.58333e+003
           377  1.56888e+003  3.77000e+002 -1.11183e+003  2.04166e+001  1.58417e+003
           378  1.56959e+003  3.78000e+002 -1.14338e+003  2.04165e+001  1.58500e+003
           379  1.57034e+003  3.79000e+002 -1.16076e+003  2.04164e+001  1.58583e+003
           380  1.57114e+003  3.80000e+002 -1.15871e+003  2.04163e+001  1.58667e+003
           381  1.57202e+003  3.81000e+002 -1.11472e+003  2.04162e+001  1.58750e+003
           382  1.57292e+003  3.82000e+002 -1.07372e+003  2.04161e+001  1.58833e+003
           383  1.57380e+003  3.83000e+002 -1.03688e+003  2.04160e+001  1.58917e+003
           384  1.57466e+003  3.84000e+002 -1.00411e+003  2.04159e+001  1.59000e+003
           385  1.57550e+003  3.85000e+002 -9.77578e+002  2.04158e+001  1.59083e+003
           386  1.57633e+003  3.86000e+002 -9.43800e+002  2.04158e+001  1.59167e+003
           387  1.57719e+003  3.87000e+002 -9.12950e+002  2.04157e+001  1.59250e+003
           388  1.57803e+003  3.88000e+002 -8.85794e+002  2.04156e+001  1.59333e+003
           389  1.57886e+003  3.89000e+002 -8.64942e+002  2.04156e+001  1.59417e+003
           390  1.57969e+003  3.90000e+002 -8.46073e+002  2.04155e+001  1.59500e+003
           391  1.58051e+003  3.91000e+002 -8.29031e+002  2.04154e+001  1.59583e+003
           392  1.58133e+003  3.92000e+002 -8.14074e+002  2.04154e+001  1.59667e+003
           393  1.58214e+003  3.93000e+002 -7.98850e+002  2.04154e+001  1.59750e+003
           394  1.58296e+003  3.94000e+002 -7.84785e+002  2.04153e+001  1.59833e+003
           395  1.58378e+003  3.95000e+002 -7.71773e+002  2.04153e+001  1.59917e+003
]1[Pd RR Ar 50ml/min total calib
