         Index            Ts             t            HF        Weight            Tr
           [#]          [°C]           [s]          [mW]          [mg]          [°C]
             0  1.39844e+003  0.00000e+000 -5.64146e+002  2.04021e+001  1.41000e+003
             1  1.39857e+003  1.00000e+000 -5.62057e+002  2.04022e+001  1.41017e+003
             2  1.39881e+003  2.00000e+000 -5.60723e+002  2.04022e+001  1.41033e+003
             3  1.39897e+003  3.00000e+000 -5.61600e+002  2.04022e+001  1.41050e+003
             4  1.39916e+003  4.00000e+000 -5.61854e+002  2.04022e+001  1.41067e+003
             5  1.39934e+003  5.00000e+000 -5.61909e+002  2.04023e+001  1.41083e+003
             6  1.39954e+003  6.00000e+000 -5.61791e+002  2.04023e+001  1.41100e+003
             7  1.39974e+003  7.00000e+000 -5.61670e+002  2.04023e+001  1.41117e+003
             8  1.39994e+003  8.00000e+000 -5.61558e+002  2.04023e+001  1.41133e+003
             9  1.40015e+003  9.00000e+000 -5.61440e+002  2.04024e+001  1.41150e+003
            10  1.40035e+003  1.00000e+001 -5.61332e+002  2.04024e+001  1.41167e+003
            11  1.40057e+003  1.10000e+001 -5.61130e+002  2.04025e+001  1.41183e+003
            12  1.40078e+003  1.20000e+001 -5.60987e+002  2.04025e+001  1.41200e+003
            13  1.40099e+003  1.30000e+001 -5.60823e+002  2.04026e+001  1.41217e+003
            14  1.40120e+003  1.40000e+001 -5.60595e+002  2.04026e+001  1.41233e+003
            15  1.40140e+003  1.50000e+001 -5.60560e+002  2.04027e+001  1.41250e+003
            16  1.40162e+003  1.60000e+001 -5.60452e+002  2.04028e+001  1.41267e+003
            17  1.40182e+003  1.70000e+001 -5.60340e+002  2.04028e+001  1.41283e+003
            18  1.40203e+003  1.80000e+001 -5.60220e+002  2.04029e+001  1.41300e+003
            19  1.40223e+003  1.90000e+001 -5.60137e+002  2.04030e+001  1.41317e+003
            20  1.40244e+003  2.00000e+001 -5.60025e+002  2.04030e+001  1.41333e+003
            21  1.40264e+003  2.10000e+001 -5.59953e+002  2.04031e+001  1.41350e+003
            22  1.40283e+003  2.20000e+001 -5.59955e+002  2.04031e+001  1.41367e+003
            23  1.40303e+003  2.30000e+001 -5.59980e+002  2.04031e+001  1.41383e+003
            24  1.40323e+003  2.40000e+001 -5.59969e+002  2.04032e+001  1.41400e+003
            25  1.40342e+003  2.50000e+001 -5.59941e+002  2.04032e+001  1.41417e+003
            26  1.40362e+003  2.60000e+001 -5.59911e+002  2.04032e+001  1.41433e+003
            27  1.40381e+003  2.70000e+001 -5.59881e+002  2.04031e+001  1.41450e+003
            28  1.40400e+003  2.80000e+001 -5.59851e+002  2.04031e+001  1.41467e+003
            29  1.40419e+003  2.90000e+001 -5.59825e+002  2.04031e+001  1.41483e+003
            30  1.40438e+003  3.00000e+001 -5.59805e+002  2.04031e+001  1.41500e+003
            31  1.40457e+003  3.10000e+001 -5.59784e+002  2.04031e+001  1.41517e+003
            32  1.40476e+003  3.20000e+001 -5.59768e+002  2.04031e+001  1.41533e+003
            33  1.40494e+003  3.30000e+001 -5.59749e+002  2.04031e+001  1.41550e+003
            34  1.40513e+003  3.40000e+001 -5.59726e+002  2.04032e+001  1.41567e+003
            35  1.40531e+003  3.50000e+001 -5.59718e+002  2.04033e+001  1.41583e+003
            36  1.40549e+003  3.60000e+001 -5.59700e+002  2.04033e+001  1.41600e+003
            37  1.40567e+003  3.70000e+001 -5.59678e+002  2.04034e+001  1.41617e+003
            38  1.40586e+003  3.80000e+001 -5.59652e+002  2.04034e+001  1.41633e+003
            39  1.40603e+003  3.90000e+001 -5.59642e+002  2.04035e+001  1.41650e+003
            40  1.40622e+003  4.00000e+001 -5.59632e+002  2.04035e+001  1.41667e+003
            41  1.40639e+003  4.10000e+001 -5.59618e+002  2.04036e+001  1.41683e+003
            42  1.40657e+003  4.20000e+001 -5.59604e+002  2.04036e+001  1.41700e+003
            43  1.40675e+003  4.30000e+001 -5.59578e+002  2.04036e+001  1.41717e+003
            44  1.40692e+003  4.40000e+001 -5.59566e+002  2.04037e+001  1.41733e+003
            45  1.40710e+003  4.50000e+001 -5.59557e+002  2.04037e+001  1.41750e+003
            46  1.40727e+003  4.60000e+001 -5.59544e+002  2.04037e+001  1.41767e+003
            47  1.40744e+003  4.70000e+001 -5.59536e+002  2.04037e+001  1.41783e+003
            48  1.40762e+003  4.80000e+001 -5.59514e+002  2.04037e+001  1.41800e+003
            49  1.40780e+003  4.90000e+001 -5.59498e+002  2.04038e+001  1.41817e+003
            50  1.40797e+003  5.00000e+001 -5.59483e+002  2.04038e+001  1.41833e+003
            51  1.40814e+003  5.10000e+001 -5.59527e+002  2.04038e+001  1.41850e+003
            52  1.40831e+003  5.20000e+001 -5.59536e+002  2.04038e+001  1.41867e+003
            53  1.40849e+003  5.30000e+001 -5.59555e+002  2.04038e+001  1.41883e+003
            54  1.40865e+003  5.40000e+001 -5.59602e+002  2.04039e+001  1.41900e+003
            55  1.40883e+003  5.50000e+001 -5.59684e+002  2.04039e+001  1.41917e+003
            56  1.40900e+003  5.60000e+001 -5.59558e+002  2.04039e+001  1.41933e+003
            57  1.40917e+003  5.70000e+001 -5.59531e+002  2.04039e+001  1.41950e+003
            58  1.40934e+003  5.80000e+001 -5.59516e+002  2.04040e+001  1.41967e+003
            59  1.40951e+003  5.90000e+001 -5.59509e+002  2.04040e+001  1.41983e+003
            60  1.40969e+003  6.00000e+001 -5.59494e+002  2.04040e+001  1.42000e+003
            61  1.40985e+003  6.10000e+001 -5.59459e+002  2.04041e+001  1.42017e+003
            62  1.41002e+003  6.20000e+001 -5.59444e+002  2.04041e+001  1.42033e+003
            63  1.41018e+003  6.30000e+001 -5.59448e+002  2.04042e+001  1.42050e+003
            64  1.41036e+003  6.40000e+001 -5.59480e+002  2.04042e+001  1.42067e+003
            65  1.41053e+003  6.50000e+001 -5.59490e+002  2.04043e+001  1.42083e+003
            66  1.41070e+003  6.60000e+001 -5.59505e+002  2.04043e+001  1.42100e+003
            67  1.41087e+003  6.70000e+001 -5.59526e+002  2.04043e+001  1.42117e+003
            68  1.41103e+003  6.80000e+001 -5.59529e+002  2.04043e+001  1.42133e+003
            69  1.41120e+003  6.90000e+001 -5.59534e+002  2.04043e+001  1.42150e+003
            70  1.41137e+003  7.00000e+001 -5.59537e+002  2.04043e+001  1.42167e+003
            71  1.41154e+003  7.10000e+001 -5.59537e+002  2.04043e+001  1.42183e+003
            72  1.41170e+003  7.20000e+001 -5.59545e+002  2.04044e+001  1.42200e+003
            73  1.41187e+003  7.30000e+001 -5.59553e+002  2.04044e+001  1.42217e+003
            74  1.41204e+003  7.40000e+001 -5.59559e+002  2.04044e+001  1.42233e+003
            75  1.41220e+003  7.50000e+001 -5.59568e+002  2.04044e+001  1.42250e+003
            76  1.41237e+003  7.60000e+001 -5.59565e+002  2.04045e+001  1.42267e+003
            77  1.41254e+003  7.70000e+001 -5.59568e+002  2.04045e+001  1.42283e+003
            78  1.41271e+003  7.80000e+001 -5.59568e+002  2.04046e+001  1.42300e+003
            79  1.41287e+003  7.90000e+001 -5.59570e+002  2.04046e+001  1.42317e+003
            80  1.41304e+003  8.00000e+001 -5.59577e+002  2.04047e+001  1.42333e+003
            81  1.41321e+003  8.10000e+001 -5.59582e+002  2.04047e+001  1.42350e+003
            82  1.41337e+003  8.20000e+001 -5.59590e+002  2.04047e+001  1.42367e+003
            83  1.41354e+003  8.30000e+001 -5.59610e+002  2.04048e+001  1.42383e+003
            84  1.41371e+003  8.40000e+001 -5.59650e+002  2.04048e+001  1.42400e+003
            85  1.41387e+003  8.50000e+001 -5.59661e+002  2.04049e+001  1.42417e+003
            86  1.41403e+003  8.60000e+001 -5.59571e+002  2.04049e+001  1.42433e+003
            87  1.41420e+003  8.70000e+001 -5.59383e+002  2.04049e+001  1.42450e+003
            88  1.41437e+003  8.80000e+001 -5.59053e+002  2.04050e+001  1.42467e+003
            89  1.41453e+003  8.90000e+001 -5.58842e+002  2.04050e+001  1.42483e+003
            90  1.41470e+003  9.00000e+001 -5.58816e+002  2.04050e+001  1.42500e+003
            91  1.41486e+003  9.10000e+001 -5.58793e+002  2.04051e+001  1.42517e+003
            92  1.41503e+003  9.20000e+001 -5.58823e+002  2.04051e+001  1.42533e+003
            93  1.41520e+003  9.30000e+001 -5.58849e+002  2.04052e+001  1.42550e+003
            94  1.41536e+003  9.40000e+001 -5.58880e+002  2.04052e+001  1.42567e+003
            95  1.41552e+003  9.50000e+001 -5.58908e+002  2.04052e+001  1.42583e+003
            96  1.41569e+003  9.60000e+001 -5.58913e+002  2.04052e+001  1.42600e+003
            97  1.41586e+003  9.70000e+001 -5.58922e+002  2.04052e+001  1.42617e+003
            98  1.41602e+003  9.80000e+001 -5.58935e+002  2.04053e+001  1.42633e+003
            99  1.41618e+003  9.90000e+001 -5.58944e+002  2.04053e+001  1.42650e+003
           100  1.41635e+003  1.00000e+002 -5.58955e+002  2.04053e+001  1.42667e+003
           101  1.41652e+003  1.01000e+002 -5.58968e+002  2.04054e+001  1.42683e+003
           102  1.41668e+003  1.02000e+002 -5.58980e+002  2.04054e+001  1.42700e+003
           103  1.41684e+003  1.03000e+002 -5.58991e+002  2.04055e+001  1.42717e+003
           104  1.41701e+003  1.04000e+002 -5.59009e+002  2.04055e+001  1.42733e+003
           105  1.41717e+003  1.05000e+002 -5.59028e+002  2.04055e+001  1.42750e+003
           106  1.41734e+003  1.06000e+002 -5.59047e+002  2.04056e+001  1.42767e+003
           107  1.41750e+003  1.07000e+002 -5.59065e+002  2.04056e+001  1.42783e+003
           108  1.41767e+003  1.08000e+002 -5.59090e+002  2.04057e+001  1.42800e+003
           109  1.41783e+003  1.09000e+002 -5.59112e+002  2.04057e+001  1.42817e+003
           110  1.41799e+003  1.10000e+002 -5.59128e+002  2.04057e+001  1.42833e+003
           111  1.41816e+003  1.11000e+002 -5.59143e+002  2.04058e+001  1.42850e+003
           112  1.41833e+003  1.12000e+002 -5.59163e+002  2.04058e+001  1.42867e+003
           113  1.41848e+003  1.13000e+002 -5.59179e+002  2.04058e+001  1.42883e+003
           114  1.41865e+003  1.14000e+002 -5.59197e+002  2.04058e+001  1.42900e+003
           115  1.41881e+003  1.15000e+002 -5.59212e+002  2.04058e+001  1.42917e+003
           116  1.41898e+003  1.16000e+002 -5.59223e+002  2.04058e+001  1.42933e+003
           117  1.41914e+003  1.17000e+002 -5.59238e+002  2.04059e+001  1.42950e+003
           118  1.41930e+003  1.18000e+002 -5.59249e+002  2.04059e+001  1.42967e+003
           119  1.41947e+003  1.19000e+002 -5.59259e+002  2.04059e+001  1.42983e+003
           120  1.41963e+003  1.20000e+002 -5.59258e+002  2.04059e+001  1.43000e+003
           121  1.41979e+003  1.21000e+002 -5.59264e+002  2.04059e+001  1.43017e+003
           122  1.41997e+003  1.22000e+002 -5.59274e+002  2.04059e+001  1.43033e+003
           123  1.42012e+003  1.23000e+002 -5.59286e+002  2.04059e+001  1.43050e+003
           124  1.42029e+003  1.24000e+002 -5.59295e+002  2.04060e+001  1.43067e+003
           125  1.42045e+003  1.25000e+002 -5.59297e+002  2.04060e+001  1.43083e+003
           126  1.42061e+003  1.26000e+002 -5.59297e+002  2.04060e+001  1.43100e+003
           127  1.42077e+003  1.27000e+002 -5.59299e+002  2.04061e+001  1.43117e+003
           128  1.42094e+003  1.28000e+002 -5.59304e+002  2.04062e+001  1.43133e+003
           129  1.42110e+003  1.29000e+002 -5.59308e+002  2.04063e+001  1.43150e+003
           130  1.42127e+003  1.30000e+002 -5.59313e+002  2.04063e+001  1.43167e+003
           131  1.42143e+003  1.31000e+002 -5.59318e+002  2.04064e+001  1.43183e+003
           132  1.42159e+003  1.32000e+002 -5.59325e+002  2.04065e+001  1.43200e+003
           133  1.42175e+003  1.33000e+002 -5.59331e+002  2.04066e+001  1.43217e+003
           134  1.42192e+003  1.34000e+002 -5.59340e+002  2.04066e+001  1.43233e+003
           135  1.42208e+003  1.35000e+002 -5.59347e+002  2.04067e+001  1.43250e+003
           136  1.42224e+003  1.36000e+002 -5.59353e+002  2.04067e+001  1.43267e+003
           137  1.42240e+003  1.37000e+002 -5.59400e+002  2.04067e+001  1.43283e+003
           138  1.42256e+003  1.38000e+002 -5.59419e+002  2.04067e+001  1.43300e+003
           139  1.42273e+003  1.39000e+002 -5.59430e+002  2.04067e+001  1.43317e+003
           140  1.42289e+003  1.40000e+002 -5.59438e+002  2.04067e+001  1.43333e+003
           141  1.42305e+003  1.41000e+002 -5.59463e+002  2.04067e+001  1.43350e+003
           142  1.42321e+003  1.42000e+002 -5.59503e+002  2.04066e+001  1.43367e+003
           143  1.42337e+003  1.43000e+002 -5.59577e+002  2.04066e+001  1.43383e+003
           144  1.42354e+003  1.44000e+002 -5.59643e+002  2.04066e+001  1.43400e+003
           145  1.42369e+003  1.45000e+002 -5.59558e+002  2.04066e+001  1.43417e+003
           146  1.42386e+003  1.46000e+002 -5.59519e+002  2.04066e+001  1.43433e+003
           147  1.42401e+003  1.47000e+002 -5.59485e+002  2.04066e+001  1.43450e+003
           148  1.42418e+003  1.48000e+002 -5.59448e+002  2.04067e+001  1.43467e+003
           149  1.42435e+003  1.49000e+002 -5.59420e+002  2.04067e+001  1.43483e+003
           150  1.42451e+003  1.50000e+002 -5.59407e+002  2.04068e+001  1.43500e+003
           151  1.42467e+003  1.51000e+002 -5.59396e+002  2.04068e+001  1.43517e+003
           152  1.42483e+003  1.52000e+002 -5.59387e+002  2.04069e+001  1.43533e+003
           153  1.42500e+003  1.53000e+002 -5.59386e+002  2.04070e+001  1.43550e+003
           154  1.42516e+003  1.54000e+002 -5.59371e+002  2.04071e+001  1.43567e+003
           155  1.42532e+003  1.55000e+002 -5.59353e+002  2.04071e+001  1.43583e+003
           156  1.42548e+003  1.56000e+002 -5.59338e+002  2.04072e+001  1.43600e+003
           157  1.42564e+003  1.57000e+002 -5.59339e+002  2.04072e+001  1.43617e+003
           158  1.42581e+003  1.58000e+002 -5.59336e+002  2.04073e+001  1.43633e+003
           159  1.42596e+003  1.59000e+002 -5.59333e+002  2.04073e+001  1.43650e+003
           160  1.42613e+003  1.60000e+002 -5.59333e+002  2.04073e+001  1.43667e+003
           161  1.42628e+003  1.61000e+002 -5.59342e+002  2.04073e+001  1.43683e+003
           162  1.42645e+003  1.62000e+002 -5.59341e+002  2.04073e+001  1.43700e+003
           163  1.42661e+003  1.63000e+002 -5.59334e+002  2.04073e+001  1.43717e+003
           164  1.42677e+003  1.64000e+002 -5.59315e+002  2.04073e+001  1.43733e+003
           165  1.42694e+003  1.65000e+002 -5.59351e+002  2.04073e+001  1.43750e+003
           166  1.42710e+003  1.66000e+002 -5.59364e+002  2.04073e+001  1.43767e+003
           167  1.42726e+003  1.67000e+002 -5.59381e+002  2.04073e+001  1.43783e+003
           168  1.42742e+003  1.68000e+002 -5.59412e+002  2.04073e+001  1.43800e+003
           169  1.42758e+003  1.69000e+002 -5.59519e+002  2.04073e+001  1.43817e+003
           170  1.42774e+003  1.70000e+002 -5.59637e+002  2.04074e+001  1.43833e+003
           171  1.42790e+003  1.71000e+002 -5.59712e+002  2.04074e+001  1.43850e+003
           172  1.42806e+003  1.72000e+002 -5.59600e+002  2.04074e+001  1.43867e+003
           173  1.42822e+003  1.73000e+002 -5.59524e+002  2.04075e+001  1.43883e+003
           174  1.42838e+003  1.74000e+002 -5.59488e+002  2.04075e+001  1.43900e+003
           175  1.42855e+003  1.75000e+002 -5.59483e+002  2.04075e+001  1.43917e+003
           176  1.42871e+003  1.76000e+002 -5.59460e+002  2.04076e+001  1.43933e+003
           177  1.42887e+003  1.77000e+002 -5.59488e+002  2.04076e+001  1.43950e+003
           178  1.42903e+003  1.78000e+002 -5.59473e+002  2.04077e+001  1.43967e+003
           179  1.42919e+003  1.79000e+002 -5.59468e+002  2.04077e+001  1.43983e+003
           180  1.42935e+003  1.80000e+002 -5.59506e+002  2.04078e+001  1.44000e+003
           181  1.42951e+003  1.81000e+002 -5.59565e+002  2.04078e+001  1.44017e+003
           182  1.42967e+003  1.82000e+002 -5.59583e+002  2.04079e+001  1.44033e+003
           183  1.42983e+003  1.83000e+002 -5.59597e+002  2.04079e+001  1.44050e+003
           184  1.43000e+003  1.84000e+002 -5.59607e+002  2.04079e+001  1.44067e+003
           185  1.43015e+003  1.85000e+002 -5.59596e+002  2.04079e+001  1.44083e+003
           186  1.43031e+003  1.86000e+002 -5.59597e+002  2.04079e+001  1.44100e+003
           187  1.43047e+003  1.87000e+002 -5.59602e+002  2.04079e+001  1.44117e+003
           188  1.43063e+003  1.88000e+002 -5.59607e+002  2.04078e+001  1.44133e+003
           189  1.43080e+003  1.89000e+002 -5.59600e+002  2.04078e+001  1.44150e+003
           190  1.43095e+003  1.90000e+002 -5.59600e+002  2.04078e+001  1.44167e+003
           191  1.43112e+003  1.91000e+002 -5.59597e+002  2.04078e+001  1.44183e+003
           192  1.43128e+003  1.92000e+002 -5.59593e+002  2.04078e+001  1.44200e+003
           193  1.43143e+003  1.93000e+002 -5.59575e+002  2.04079e+001  1.44217e+003
           194  1.43159e+003  1.94000e+002 -5.59563e+002  2.04079e+001  1.44233e+003
           195  1.43175e+003  1.95000e+002 -5.59557e+002  2.04080e+001  1.44250e+003
           196  1.43191e+003  1.96000e+002 -5.59552e+002  2.04080e+001  1.44267e+003
           197  1.43207e+003  1.97000e+002 -5.59537e+002  2.04081e+001  1.44283e+003
           198  1.43224e+003  1.98000e+002 -5.59525e+002  2.04082e+001  1.44300e+003
           199  1.43239e+003  1.99000e+002 -5.59513e+002  2.04083e+001  1.44317e+003
           200  1.43255e+003  2.00000e+002 -5.59498e+002  2.04084e+001  1.44333e+003
           201  1.43271e+003  2.01000e+002 -5.59482e+002  2.04084e+001  1.44350e+003
           202  1.43287e+003  2.02000e+002 -5.59471e+002  2.04085e+001  1.44367e+003
           203  1.43303e+003  2.03000e+002 -5.59460e+002  2.04086e+001  1.44383e+003
           204  1.43320e+003  2.04000e+002 -5.59448e+002  2.04086e+001  1.44400e+003
           205  1.43335e+003  2.05000e+002 -5.59444e+002  2.04086e+001  1.44417e+003
           206  1.43351e+003  2.06000e+002 -5.59436e+002  2.04086e+001  1.44433e+003
           207  1.43367e+003  2.07000e+002 -5.59431e+002  2.04086e+001  1.44450e+003
           208  1.43383e+003  2.08000e+002 -5.59432e+002  2.04086e+001  1.44467e+003
           209  1.43399e+003  2.09000e+002 -5.59426e+002  2.04086e+001  1.44483e+003
           210  1.43415e+003  2.10000e+002 -5.59395e+002  2.04086e+001  1.44500e+003
           211  1.43431e+003  2.11000e+002 -5.59368e+002  2.04086e+001  1.44517e+003
           212  1.43447e+003  2.12000e+002 -5.59382e+002  2.04087e+001  1.44533e+003
           213  1.43463e+003  2.13000e+002 -5.59435e+002  2.04088e+001  1.44550e+003
           214  1.43478e+003  2.14000e+002 -5.59453e+002  2.04088e+001  1.44567e+003
           215  1.43495e+003  2.15000e+002 -5.59460e+002  2.04089e+001  1.44583e+003
           216  1.43511e+003  2.16000e+002 -5.59465e+002  2.04089e+001  1.44600e+003
           217  1.43526e+003  2.17000e+002 -5.59473e+002  2.04090e+001  1.44617e+003
           218  1.43543e+003  2.18000e+002 -5.59518e+002  2.04091e+001  1.44633e+003
           219  1.43558e+003  2.19000e+002 -5.59543e+002  2.04091e+001  1.44650e+003
           220  1.43574e+003  2.20000e+002 -5.59562e+002  2.04091e+001  1.44667e+003
           221  1.43590e+003  2.21000e+002 -5.59580e+002  2.04091e+001  1.44683e+003
           222  1.43606e+003  2.22000e+002 -5.59603e+002  2.04091e+001  1.44700e+003
           223  1.43622e+003  2.23000e+002 -5.59624e+002  2.04091e+001  1.44717e+003
           224  1.43638e+003  2.24000e+002 -5.59643e+002  2.04091e+001  1.44733e+003
           225  1.43654e+003  2.25000e+002 -5.59659e+002  2.04091e+001  1.44750e+003
           226  1.43669e+003  2.26000e+002 -5.59662e+002  2.04091e+001  1.44767e+003
           227  1.43685e+003  2.27000e+002 -5.59671e+002  2.04091e+001  1.44783e+003
           228  1.43701e+003  2.28000e+002 -5.59678e+002  2.04091e+001  1.44800e+003
           229  1.43717e+003  2.29000e+002 -5.59680e+002  2.04091e+001  1.44817e+003
           230  1.43733e+003  2.30000e+002 -5.59674e+002  2.04091e+001  1.44833e+003
           231  1.43749e+003  2.31000e+002 -5.59675e+002  2.04091e+001  1.44850e+003
           232  1.43765e+003  2.32000e+002 -5.59686e+002  2.04091e+001  1.44867e+003
           233  1.43780e+003  2.33000e+002 -5.59709e+002  2.04092e+001  1.44883e+003
           234  1.43796e+003  2.34000e+002 -5.59660e+002  2.04092e+001  1.44900e+003
           235  1.43812e+003  2.35000e+002 -5.59635e+002  2.04093e+001  1.44917e+003
           236  1.43829e+003  2.36000e+002 -5.59604e+002  2.04093e+001  1.44933e+003
           237  1.43844e+003  2.37000e+002 -5.59586e+002  2.04094e+001  1.44950e+003
           238  1.43860e+003  2.38000e+002 -5.59522e+002  2.04094e+001  1.44967e+003
           239  1.43876e+003  2.39000e+002 -5.59476e+002  2.04095e+001  1.44983e+003
           240  1.43892e+003  2.40000e+002 -5.59432e+002  2.04095e+001  1.45000e+003
           241  1.43908e+003  2.41000e+002 -5.59398e+002  2.04096e+001  1.45017e+003
           242  1.43924e+003  2.42000e+002 -5.59356e+002  2.04096e+001  1.45033e+003
           243  1.43940e+003  2.43000e+002 -5.59319e+002  2.04096e+001  1.45050e+003
           244  1.43955e+003  2.44000e+002 -5.59282e+002  2.04096e+001  1.45067e+003
           245  1.43971e+003  2.45000e+002 -5.59235e+002  2.04097e+001  1.45083e+003
           246  1.43988e+003  2.46000e+002 -5.59167e+002  2.04096e+001  1.45100e+003
           247  1.44003e+003  2.47000e+002 -5.59092e+002  2.04097e+001  1.45117e+003
           248  1.44019e+003  2.48000e+002 -5.59065e+002  2.04097e+001  1.45133e+003
           249  1.44035e+003  2.49000e+002 -5.59047e+002  2.04097e+001  1.45150e+003
           250  1.44051e+003  2.50000e+002 -5.59090e+002  2.04097e+001  1.45167e+003
           251  1.44067e+003  2.51000e+002 -5.59102e+002  2.04098e+001  1.45183e+003
           252  1.44083e+003  2.52000e+002 -5.59118e+002  2.04098e+001  1.45200e+003
           253  1.44099e+003  2.53000e+002 -5.59137e+002  2.04098e+001  1.45217e+003
           254  1.44114e+003  2.54000e+002 -5.59160e+002  2.04098e+001  1.45233e+003
           255  1.44131e+003  2.55000e+002 -5.59171e+002  2.04098e+001  1.45250e+003
           256  1.44147e+003  2.56000e+002 -5.59182e+002  2.04099e+001  1.45267e+003
           257  1.44163e+003  2.57000e+002 -5.59193e+002  2.04099e+001  1.45283e+003
           258  1.44179e+003  2.58000e+002 -5.59200e+002  2.04099e+001  1.45300e+003
           259  1.44194e+003  2.59000e+002 -5.59208e+002  2.04098e+001  1.45317e+003
           260  1.44210e+003  2.60000e+002 -5.59215e+002  2.04098e+001  1.45333e+003
           261  1.44227e+003  2.61000e+002 -5.59221e+002  2.04098e+001  1.45350e+003
           262  1.44242e+003  2.62000e+002 -5.59230e+002  2.04098e+001  1.45367e+003
           263  1.44258e+003  2.63000e+002 -5.59237e+002  2.04098e+001  1.45383e+003
           264  1.44274e+003  2.64000e+002 -5.59243e+002  2.04098e+001  1.45400e+003
           265  1.44290e+003  2.65000e+002 -5.59245e+002  2.04098e+001  1.45417e+003
           266  1.44305e+003  2.66000e+002 -5.59229e+002  2.04099e+001  1.45433e+003
           267  1.44321e+003  2.67000e+002 -5.59222e+002  2.04100e+001  1.45450e+003
           268  1.44337e+003  2.68000e+002 -5.59219e+002  2.04101e+001  1.45467e+003
           269  1.44353e+003  2.69000e+002 -5.59219e+002  2.04102e+001  1.45483e+003
           270  1.44369e+003  2.70000e+002 -5.59219e+002  2.04103e+001  1.45500e+003
           271  1.44385e+003  2.71000e+002 -5.59221e+002  2.04104e+001  1.45517e+003
           272  1.44401e+003  2.72000e+002 -5.59225e+002  2.04105e+001  1.45533e+003
           273  1.44416e+003  2.73000e+002 -5.59232e+002  2.04106e+001  1.45550e+003
           274  1.44432e+003  2.74000e+002 -5.59240e+002  2.04107e+001  1.45567e+003
           275  1.44448e+003  2.75000e+002 -5.59247e+002  2.04107e+001  1.45583e+003
           276  1.44464e+003  2.76000e+002 -5.59255e+002  2.04107e+001  1.45600e+003
           277  1.44480e+003  2.77000e+002 -5.59264e+002  2.04107e+001  1.45617e+003
           278  1.44495e+003  2.78000e+002 -5.59290e+002  2.04107e+001  1.45633e+003
           279  1.44511e+003  2.79000e+002 -5.59300e+002  2.04107e+001  1.45650e+003
           280  1.44528e+003  2.80000e+002 -5.59306e+002  2.04107e+001  1.45667e+003
           281  1.44543e+003  2.81000e+002 -5.59312e+002  2.04107e+001  1.45683e+003
           282  1.44559e+003  2.82000e+002 -5.59327e+002  2.04108e+001  1.45700e+003
           283  1.44575e+003  2.83000e+002 -5.59336e+002  2.04108e+001  1.45717e+003
           284  1.44591e+003  2.84000e+002 -5.59340e+002  2.04109e+001  1.45733e+003
           285  1.44607e+003  2.85000e+002 -5.59345e+002  2.04109e+001  1.45750e+003
           286  1.44622e+003  2.86000e+002 -5.59351e+002  2.04110e+001  1.45767e+003
           287  1.44638e+003  2.87000e+002 -5.59343e+002  2.04110e+001  1.45783e+003
           288  1.44654e+003  2.88000e+002 -5.59339e+002  2.04110e+001  1.45800e+003
           289  1.44670e+003  2.89000e+002 -5.59337e+002  2.04110e+001  1.45817e+003
           290  1.44686e+003  2.90000e+002 -5.59338e+002  2.04111e+001  1.45833e+003
           291  1.44702e+003  2.91000e+002 -5.59339e+002  2.04110e+001  1.45850e+003
           292  1.44718e+003  2.92000e+002 -5.59336e+002  2.04110e+001  1.45867e+003
           293  1.44734e+003  2.93000e+002 -5.59330e+002  2.04110e+001  1.45883e+003
           294  1.44749e+003  2.94000e+002 -5.59326e+002  2.04110e+001  1.45900e+003
           295  1.44764e+003  2.95000e+002 -5.59324e+002  2.04110e+001  1.45917e+003
           296  1.44781e+003  2.96000e+002 -5.59324e+002  2.04110e+001  1.45933e+003
           297  1.44797e+003  2.97000e+002 -5.59326e+002  2.04110e+001  1.45950e+003
           298  1.44812e+003  2.98000e+002 -5.59330e+002  2.04110e+001  1.45967e+003
           299  1.44828e+003  2.99000e+002 -5.59339e+002  2.04110e+001  1.45983e+003
           300  1.44844e+003  3.00000e+002 -5.59351e+002  2.04110e+001  1.46000e+003
           301  1.44860e+003  3.01000e+002 -5.59360e+002  2.04110e+001  1.46017e+003
           302  1.44876e+003  3.02000e+002 -5.59367e+002  2.04110e+001  1.46033e+003
           303  1.44892e+003  3.03000e+002 -5.59382e+002  2.04110e+001  1.46050e+003
           304  1.44907e+003  3.04000e+002 -5.59389e+002  2.04110e+001  1.46067e+003
           305  1.44923e+003  3.05000e+002 -5.59395e+002  2.04110e+001  1.46083e+003
           306  1.44939e+003  3.06000e+002 -5.59401e+002  2.04110e+001  1.46100e+003
           307  1.44955e+003  3.07000e+002 -5.59412e+002  2.04111e+001  1.46117e+003
           308  1.44971e+003  3.08000e+002 -5.59424e+002  2.04111e+001  1.46133e+003
           309  1.44987e+003  3.09000e+002 -5.59436e+002  2.04111e+001  1.46150e+003
           310  1.45003e+003  3.10000e+002 -5.59446e+002  2.04112e+001  1.46167e+003
           311  1.45018e+003  3.11000e+002 -5.59441e+002  2.04112e+001  1.46183e+003
           312  1.45034e+003  3.12000e+002 -5.59442e+002  2.04113e+001  1.46200e+003
           313  1.45050e+003  3.13000e+002 -5.59446e+002  2.04113e+001  1.46217e+003
           314  1.45066e+003  3.14000e+002 -5.59452e+002  2.04114e+001  1.46233e+003
           315  1.45082e+003  3.15000e+002 -5.59461e+002  2.04114e+001  1.46250e+003
           316  1.45098e+003  3.16000e+002 -5.59471e+002  2.04115e+001  1.46267e+003
           317  1.45114e+003  3.17000e+002 -5.59477e+002  2.04115e+001  1.46283e+003
           318  1.45129e+003  3.18000e+002 -5.59480e+002  2.04116e+001  1.46300e+003
           319  1.45145e+003  3.19000e+002 -5.59475e+002  2.04116e+001  1.46317e+003
           320  1.45161e+003  3.20000e+002 -5.59475e+002  2.04116e+001  1.46333e+003
           321  1.45177e+003  3.21000e+002 -5.59479e+002  2.04116e+001  1.46350e+003
           322  1.45192e+003  3.22000e+002 -5.59488e+002  2.04116e+001  1.46367e+003
           323  1.45209e+003  3.23000e+002 -5.59487e+002  2.04116e+001  1.46383e+003
           324  1.45224e+003  3.24000e+002 -5.59487e+002  2.04116e+001  1.46400e+003
           325  1.45240e+003  3.25000e+002 -5.59485e+002  2.04116e+001  1.46417e+003
           326  1.45256e+003  3.26000e+002 -5.59481e+002  2.04116e+001  1.46433e+003
           327  1.45272e+003  3.27000e+002 -5.59464e+002  2.04116e+001  1.46450e+003
           328  1.45288e+003  3.28000e+002 -5.59456e+002  2.04116e+001  1.46467e+003
           329  1.45304e+003  3.29000e+002 -5.59450e+002  2.04116e+001  1.46483e+003
           330  1.45320e+003  3.30000e+002 -5.59448e+002  2.04117e+001  1.46500e+003
           331  1.45335e+003  3.31000e+002 -5.59439e+002  2.04117e+001  1.46517e+003
           332  1.45351e+003  3.32000e+002 -5.59426e+002  2.04118e+001  1.46533e+003
           333  1.45367e+003  3.33000e+002 -5.59414e+002  2.04118e+001  1.46550e+003
           334  1.45383e+003  3.34000e+002 -5.59404e+002  2.04118e+001  1.46567e+003
           335  1.45398e+003  3.35000e+002 -5.59381e+002  2.04119e+001  1.46583e+003
           336  1.45414e+003  3.36000e+002 -5.59366e+002  2.04119e+001  1.46600e+003
           337  1.45430e+003  3.37000e+002 -5.59358e+002  2.04119e+001  1.46617e+003
           338  1.45446e+003  3.38000e+002 -5.59351e+002  2.04120e+001  1.46633e+003
           339  1.45461e+003  3.39000e+002 -5.59338e+002  2.04120e+001  1.46650e+003
           340  1.45478e+003  3.40000e+002 -5.59328e+002  2.04121e+001  1.46667e+003
           341  1.45493e+003  3.41000e+002 -5.59319e+002  2.04121e+001  1.46683e+003
           342  1.45509e+003  3.42000e+002 -5.59315e+002  2.04122e+001  1.46700e+003
           343  1.45525e+003  3.43000e+002 -5.59305e+002  2.04122e+001  1.46717e+003
           344  1.45541e+003  3.44000e+002 -5.59292e+002  2.04122e+001  1.46733e+003
           345  1.45556e+003  3.45000e+002 -5.59276e+002  2.04123e+001  1.46750e+003
           346  1.45572e+003  3.46000e+002 -5.59257e+002  2.04123e+001  1.46767e+003
           347  1.45587e+003  3.47000e+002 -5.59238e+002  2.04123e+001  1.46783e+003
           348  1.45604e+003  3.48000e+002 -5.59220e+002  2.04123e+001  1.46800e+003
           349  1.45619e+003  3.49000e+002 -5.59202e+002  2.04123e+001  1.46817e+003
           350  1.45635e+003  3.50000e+002 -5.59180e+002  2.04124e+001  1.46833e+003
           351  1.45651e+003  3.51000e+002 -5.59151e+002  2.04124e+001  1.46850e+003
           352  1.45667e+003  3.52000e+002 -5.59127e+002  2.04124e+001  1.46867e+003
           353  1.45682e+003  3.53000e+002 -5.59108e+002  2.04125e+001  1.46883e+003
           354  1.45698e+003  3.54000e+002 -5.59091e+002  2.04125e+001  1.46900e+003
           355  1.45714e+003  3.55000e+002 -5.59064e+002  2.04125e+001  1.46917e+003
           356  1.45730e+003  3.56000e+002 -5.59040e+002  2.04125e+001  1.46933e+003
           357  1.45745e+003  3.57000e+002 -5.59013e+002  2.04125e+001  1.46950e+003
           358  1.45761e+003  3.58000e+002 -5.58976e+002  2.04126e+001  1.46967e+003
           359  1.45777e+003  3.59000e+002 -5.58979e+002  2.04126e+001  1.46983e+003
           360  1.45793e+003  3.60000e+002 -5.58965e+002  2.04126e+001  1.47000e+003
           361  1.45809e+003  3.61000e+002 -5.58967e+002  2.04126e+001  1.47017e+003
           362  1.45825e+003  3.62000e+002 -5.59005e+002  2.04126e+001  1.47033e+003
           363  1.45840e+003  3.63000e+002 -5.59040e+002  2.04127e+001  1.47050e+003
           364  1.45856e+003  3.64000e+002 -5.59048e+002  2.04127e+001  1.47067e+003
           365  1.45872e+003  3.65000e+002 -5.59051e+002  2.04127e+001  1.47083e+003
           366  1.45888e+003  3.66000e+002 -5.59050e+002  2.04127e+001  1.47100e+003
           367  1.45903e+003  3.67000e+002 -5.59033e+002  2.04126e+001  1.47117e+003
           368  1.45920e+003  3.68000e+002 -5.59023e+002  2.04126e+001  1.47133e+003
           369  1.45935e+003  3.69000e+002 -5.59018e+002  2.04126e+001  1.47150e+003
           370  1.45951e+003  3.70000e+002 -5.59014e+002  2.04126e+001  1.47167e+003
           371  1.45967e+003  3.71000e+002 -5.59002e+002  2.04126e+001  1.47183e+003
           372  1.45983e+003  3.72000e+002 -5.59000e+002  2.04126e+001  1.47200e+003
           373  1.45998e+003  3.73000e+002 -5.58996e+002  2.04127e+001  1.47217e+003
           374  1.46014e+003  3.74000e+002 -5.58988e+002  2.04127e+001  1.47233e+003
           375  1.46029e+003  3.75000e+002 -5.58964e+002  2.04128e+001  1.47250e+003
           376  1.46046e+003  3.76000e+002 -5.58948e+002  2.04129e+001  1.47267e+003
           377  1.46061e+003  3.77000e+002 -5.58932e+002  2.04130e+001  1.47283e+003
           378  1.46078e+003  3.78000e+002 -5.58916e+002  2.04130e+001  1.47300e+003
           379  1.46093e+003  3.79000e+002 -5.58901e+002  2.04131e+001  1.47317e+003
           380  1.46108e+003  3.80000e+002 -5.58891e+002  2.04132e+001  1.47333e+003
           381  1.46124e+003  3.81000e+002 -5.58880e+002  2.04132e+001  1.47350e+003
           382  1.46140e+003  3.82000e+002 -5.58868e+002  2.04133e+001  1.47367e+003
           383  1.46156e+003  3.83000e+002 -5.58856e+002  2.04133e+001  1.47383e+003
           384  1.46172e+003  3.84000e+002 -5.58838e+002  2.04134e+001  1.47400e+003
           385  1.46188e+003  3.85000e+002 -5.58810e+002  2.04134e+001  1.47417e+003
           386  1.46203e+003  3.86000e+002 -5.58791e+002  2.04134e+001  1.47433e+003
           387  1.46219e+003  3.87000e+002 -5.58773e+002  2.04135e+001  1.47450e+003
           388  1.46235e+003  3.88000e+002 -5.58772e+002  2.04135e+001  1.47467e+003
           389  1.46251e+003  3.89000e+002 -5.58763e+002  2.04135e+001  1.47483e+003
           390  1.46266e+003  3.90000e+002 -5.58762e+002  2.04136e+001  1.47500e+003
           391  1.46282e+003  3.91000e+002 -5.58774e+002  2.04136e+001  1.47517e+003
           392  1.46298e+003  3.92000e+002 -5.58907e+002  2.04136e+001  1.47533e+003
           393  1.46314e+003  3.93000e+002 -5.59033e+002  2.04136e+001  1.47550e+003
           394  1.46330e+003  3.94000e+002 -5.59005e+002  2.04136e+001  1.47567e+003
           395  1.46345e+003  3.95000e+002 -5.58969e+002  2.04136e+001  1.47583e+003
           396  1.46361e+003  3.96000e+002 -5.58930e+002  2.04135e+001  1.47600e+003
           397  1.46377e+003  3.97000e+002 -5.58913e+002  2.04135e+001  1.47617e+003
           398  1.46392e+003  3.98000e+002 -5.58889e+002  2.04135e+001  1.47633e+003
           399  1.46408e+003  3.99000e+002 -5.58859e+002  2.04135e+001  1.47650e+003
           400  1.46424e+003  4.00000e+002 -5.58862e+002  2.04135e+001  1.47667e+003
           401  1.46439e+003  4.01000e+002 -5.58864e+002  2.04135e+001  1.47683e+003
           402  1.46455e+003  4.02000e+002 -5.58864e+002  2.04135e+001  1.47700e+003
           403  1.46471e+003  4.03000e+002 -5.58860e+002  2.04135e+001  1.47717e+003
           404  1.46487e+003  4.04000e+002 -5.58855e+002  2.04136e+001  1.47733e+003
           405  1.46503e+003  4.05000e+002 -5.58854e+002  2.04136e+001  1.47750e+003
           406  1.46518e+003  4.06000e+002 -5.58855e+002  2.04137e+001  1.47767e+003
           407  1.46535e+003  4.07000e+002 -5.58852e+002  2.04137e+001  1.47783e+003
           408  1.46550e+003  4.08000e+002 -5.58879e+002  2.04138e+001  1.47800e+003
           409  1.46566e+003  4.09000e+002 -5.58888e+002  2.04138e+001  1.47817e+003
           410  1.46581e+003  4.10000e+002 -5.58894e+002  2.04139e+001  1.47833e+003
           411  1.46597e+003  4.11000e+002 -5.58900e+002  2.04139e+001  1.47850e+003
           412  1.46613e+003  4.12000e+002 -5.58918e+002  2.04139e+001  1.47867e+003
           413  1.46629e+003  4.13000e+002 -5.58932e+002  2.04140e+001  1.47883e+003
           414  1.46645e+003  4.14000e+002 -5.58938e+002  2.04140e+001  1.47900e+003
           415  1.46660e+003  4.15000e+002 -5.58941e+002  2.04141e+001  1.47917e+003
           416  1.46676e+003  4.16000e+002 -5.58945e+002  2.04142e+001  1.47933e+003
           417  1.46692e+003  4.17000e+002 -5.58949e+002  2.04142e+001  1.47950e+003
           418  1.46707e+003  4.18000e+002 -5.58949e+002  2.04143e+001  1.47967e+003
           419  1.46723e+003  4.19000e+002 -5.58950e+002  2.04144e+001  1.47983e+003
           420  1.46739e+003  4.20000e+002 -5.58947e+002  2.04145e+001  1.48000e+003
           421  1.46755e+003  4.21000e+002 -5.58944e+002  2.04145e+001  1.48017e+003
           422  1.46770e+003  4.22000e+002 -5.58944e+002  2.04146e+001  1.48033e+003
           423  1.46786e+003  4.23000e+002 -5.58942e+002  2.04146e+001  1.48050e+003
           424  1.46802e+003  4.24000e+002 -5.58933e+002  2.04146e+001  1.48067e+003
           425  1.46818e+003  4.25000e+002 -5.58938e+002  2.04146e+001  1.48083e+003
           426  1.46834e+003  4.26000e+002 -5.58936e+002  2.04146e+001  1.48100e+003
           427  1.46849e+003  4.27000e+002 -5.58917e+002  2.04146e+001  1.48117e+003
           428  1.46865e+003  4.28000e+002 -5.58946e+002  2.04145e+001  1.48133e+003
           429  1.46881e+003  4.29000e+002 -5.58954e+002  2.04144e+001  1.48150e+003
           430  1.46897e+003  4.30000e+002 -5.58958e+002  2.04144e+001  1.48167e+003
           431  1.46912e+003  4.31000e+002 -5.58962e+002  2.04144e+001  1.48183e+003
           432  1.46928e+003  4.32000e+002 -5.58972e+002  2.04144e+001  1.48200e+003
           433  1.46943e+003  4.33000e+002 -5.58980e+002  2.04144e+001  1.48217e+003
           434  1.46959e+003  4.34000e+002 -5.58990e+002  2.04144e+001  1.48233e+003
           435  1.46975e+003  4.35000e+002 -5.58990e+002  2.04145e+001  1.48250e+003
           436  1.46991e+003  4.36000e+002 -5.59009e+002  2.04146e+001  1.48267e+003
           437  1.47007e+003  4.37000e+002 -5.59024e+002  2.04146e+001  1.48283e+003
           438  1.47022e+003  4.38000e+002 -5.59036e+002  2.04147e+001  1.48300e+003
           439  1.47038e+003  4.39000e+002 -5.59047e+002  2.04147e+001  1.48317e+003
           440  1.47054e+003  4.40000e+002 -5.59057e+002  2.04148e+001  1.48333e+003
           441  1.47070e+003  4.41000e+002 -5.59063e+002  2.04148e+001  1.48350e+003
           442  1.47086e+003  4.42000e+002 -5.59071e+002  2.04148e+001  1.48367e+003
           443  1.47101e+003  4.43000e+002 -5.59081e+002  2.04148e+001  1.48383e+003
           444  1.47117e+003  4.44000e+002 -5.59086e+002  2.04147e+001  1.48400e+003
           445  1.47133e+003  4.45000e+002 -5.59088e+002  2.04147e+001  1.48417e+003
           446  1.47149e+003  4.46000e+002 -5.59098e+002  2.04147e+001  1.48433e+003
           447  1.47164e+003  4.47000e+002 -5.59115e+002  2.04147e+001  1.48450e+003
           448  1.47180e+003  4.48000e+002 -5.59127e+002  2.04147e+001  1.48467e+003
           449  1.47196e+003  4.49000e+002 -5.59054e+002  2.04148e+001  1.48483e+003
           450  1.47211e+003  4.50000e+002 -5.59025e+002  2.04148e+001  1.48500e+003
           451  1.47227e+003  4.51000e+002 -5.59009e+002  2.04149e+001  1.48517e+003
           452  1.47243e+003  4.52000e+002 -5.58995e+002  2.04149e+001  1.48533e+003
           453  1.47259e+003  4.53000e+002 -5.58981e+002  2.04150e+001  1.48550e+003
           454  1.47274e+003  4.54000e+002 -5.58967e+002  2.04151e+001  1.48567e+003
           455  1.47290e+003  4.55000e+002 -5.58942e+002  2.04151e+001  1.48583e+003
           456  1.47305e+003  4.56000e+002 -5.58903e+002  2.04152e+001  1.48600e+003
           457  1.47322e+003  4.57000e+002 -5.58904e+002  2.04152e+001  1.48617e+003
           458  1.47337e+003  4.58000e+002 -5.58872e+002  2.04153e+001  1.48633e+003
           459  1.47353e+003  4.59000e+002 -5.58847e+002  2.04153e+001  1.48650e+003
           460  1.47369e+003  4.60000e+002 -5.58822e+002  2.04153e+001  1.48667e+003
           461  1.47385e+003  4.61000e+002 -5.58934e+002  2.04154e+001  1.48683e+003
           462  1.47401e+003  4.62000e+002 -5.59008e+002  2.04154e+001  1.48700e+003
           463  1.47417e+003  4.63000e+002 -5.59065e+002  2.04155e+001  1.48717e+003
           464  1.47433e+003  4.64000e+002 -5.59044e+002  2.04156e+001  1.48733e+003
           465  1.47448e+003  4.65000e+002 -5.58998e+002  2.04157e+001  1.48750e+003
           466  1.47464e+003  4.66000e+002 -5.58995e+002  2.04157e+001  1.48767e+003
           467  1.47480e+003  4.67000e+002 -5.59004e+002  2.04158e+001  1.48783e+003
           468  1.47496e+003  4.68000e+002 -5.59012e+002  2.04158e+001  1.48800e+003
           469  1.47512e+003  4.69000e+002 -5.59038e+002  2.04158e+001  1.48817e+003
           470  1.47527e+003  4.70000e+002 -5.59066e+002  2.04158e+001  1.48833e+003
           471  1.47542e+003  4.71000e+002 -5.59104e+002  2.04158e+001  1.48850e+003
           472  1.47558e+003  4.72000e+002 -5.59151e+002  2.04158e+001  1.48867e+003
           473  1.47574e+003  4.73000e+002 -5.59197e+002  2.04157e+001  1.48883e+003
           474  1.47589e+003  4.74000e+002 -5.59238e+002  2.04156e+001  1.48900e+003
           475  1.47605e+003  4.75000e+002 -5.59277e+002  2.04156e+001  1.48917e+003
           476  1.47621e+003  4.76000e+002 -5.59311e+002  2.04155e+001  1.48933e+003
           477  1.47637e+003  4.77000e+002 -5.59342e+002  2.04155e+001  1.48950e+003
           478  1.47653e+003  4.78000e+002 -5.59324e+002  2.04154e+001  1.48967e+003
           479  1.47669e+003  4.79000e+002 -5.59267e+002  2.04154e+001  1.48983e+003
           480  1.47684e+003  4.80000e+002 -5.59361e+002  2.04154e+001  1.49000e+003
           481  1.47700e+003  4.81000e+002 -5.59478e+002  2.04153e+001  1.49017e+003
           482  1.47716e+003  4.82000e+002 -5.59558e+002  2.04153e+001  1.49033e+003
           483  1.47731e+003  4.83000e+002 -5.59595e+002  2.04153e+001  1.49050e+003
           484  1.47747e+003  4.84000e+002 -5.59588e+002  2.04152e+001  1.49067e+003
           485  1.47763e+003  4.85000e+002 -5.59541e+002  2.04152e+001  1.49083e+003
           486  1.47778e+003  4.86000e+002 -5.59507e+002  2.04152e+001  1.49100e+003
           487  1.47794e+003  4.87000e+002 -5.59486e+002  2.04152e+001  1.49117e+003
           488  1.47810e+003  4.88000e+002 -5.59464e+002  2.04152e+001  1.49133e+003
           489  1.47825e+003  4.89000e+002 -5.59457e+002  2.04152e+001  1.49150e+003
           490  1.47841e+003  4.90000e+002 -5.59450e+002  2.04153e+001  1.49167e+003
           491  1.47857e+003  4.91000e+002 -5.59443e+002  2.04153e+001  1.49183e+003
           492  1.47873e+003  4.92000e+002 -5.59433e+002  2.04154e+001  1.49200e+003
           493  1.47888e+003  4.93000e+002 -5.59430e+002  2.04154e+001  1.49217e+003
           494  1.47904e+003  4.94000e+002 -5.59426e+002  2.04154e+001  1.49233e+003
           495  1.47920e+003  4.95000e+002 -5.59418e+002  2.04155e+001  1.49250e+003
           496  1.47936e+003  4.96000e+002 -5.59410e+002  2.04155e+001  1.49267e+003
           497  1.47951e+003  4.97000e+002 -5.59434e+002  2.04155e+001  1.49283e+003
           498  1.47967e+003  4.98000e+002 -5.59435e+002  2.04155e+001  1.49300e+003
           499  1.47983e+003  4.99000e+002 -5.59417e+002  2.04155e+001  1.49317e+003
           500  1.47999e+003  5.00000e+002 -5.59385e+002  2.04155e+001  1.49333e+003
           501  1.48015e+003  5.01000e+002 -5.59470e+002  2.04155e+001  1.49350e+003
           502  1.48030e+003  5.02000e+002 -5.59521e+002  2.04156e+001  1.49367e+003
           503  1.48046e+003  5.03000e+002 -5.59556e+002  2.04156e+001  1.49383e+003
           504  1.48062e+003  5.04000e+002 -5.59596e+002  2.04156e+001  1.49400e+003
           505  1.48078e+003  5.05000e+002 -5.59664e+002  2.04157e+001  1.49417e+003
           506  1.48093e+003  5.06000e+002 -5.59696e+002  2.04158e+001  1.49433e+003
           507  1.48109e+003  5.07000e+002 -5.59644e+002  2.04159e+001  1.49450e+003
           508  1.48125e+003  5.08000e+002 -5.59547e+002  2.04159e+001  1.49467e+003
           509  1.48141e+003  5.09000e+002 -5.59450e+002  2.04160e+001  1.49483e+003
           510  1.48156e+003  5.10000e+002 -5.59433e+002  2.04160e+001  1.49500e+003
           511  1.48172e+003  5.11000e+002 -5.59472e+002  2.04161e+001  1.49517e+003
           512  1.48188e+003  5.12000e+002 -5.59492e+002  2.04161e+001  1.49533e+003
           513  1.48203e+003  5.13000e+002 -5.59508e+002  2.04162e+001  1.49550e+003
           514  1.48219e+003  5.14000e+002 -5.59503e+002  2.04162e+001  1.49567e+003
           515  1.48234e+003  5.15000e+002 -5.59500e+002  2.04162e+001  1.49583e+003
           516  1.48250e+003  5.16000e+002 -5.59499e+002  2.04163e+001  1.49600e+003
           517  1.48266e+003  5.17000e+002 -5.59507e+002  2.04163e+001  1.49617e+003
           518  1.48282e+003  5.18000e+002 -5.59497e+002  2.04163e+001  1.49633e+003
           519  1.48298e+003  5.19000e+002 -5.59462e+002  2.04164e+001  1.49650e+003
           520  1.48313e+003  5.20000e+002 -5.59398e+002  2.04164e+001  1.49667e+003
           521  1.48329e+003  5.21000e+002 -5.59488e+002  2.04164e+001  1.49683e+003
           522  1.48345e+003  5.22000e+002 -5.59573e+002  2.04165e+001  1.49700e+003
           523  1.48361e+003  5.23000e+002 -5.59639e+002  2.04165e+001  1.49717e+003
           524  1.48376e+003  5.24000e+002 -5.59703e+002  2.04166e+001  1.49733e+003
           525  1.48392e+003  5.25000e+002 -5.59776e+002  2.04167e+001  1.49750e+003
           526  1.48408e+003  5.26000e+002 -5.59835e+002  2.04167e+001  1.49767e+003
           527  1.48423e+003  5.27000e+002 -5.59893e+002  2.04167e+001  1.49783e+003
           528  1.48439e+003  5.28000e+002 -5.59957e+002  2.04168e+001  1.49800e+003
           529  1.48455e+003  5.29000e+002 -5.60015e+002  2.04168e+001  1.49817e+003
           530  1.48470e+003  5.30000e+002 -5.60078e+002  2.04168e+001  1.49833e+003
           531  1.48486e+003  5.31000e+002 -5.60132e+002  2.04168e+001  1.49850e+003
           532  1.48502e+003  5.32000e+002 -5.60169e+002  2.04168e+001  1.49867e+003
           533  1.48518e+003  5.33000e+002 -5.60238e+002  2.04168e+001  1.49883e+003
           534  1.48534e+003  5.34000e+002 -5.60301e+002  2.04168e+001  1.49900e+003
           535  1.48549e+003  5.35000e+002 -5.60393e+002  2.04168e+001  1.49917e+003
           536  1.48565e+003  5.36000e+002 -5.60530e+002  2.04169e+001  1.49933e+003
           537  1.48581e+003  5.37000e+002 -5.60660e+002  2.04169e+001  1.49950e+003
           538  1.48596e+003  5.38000e+002 -5.60775e+002  2.04169e+001  1.49967e+003
           539  1.48612e+003  5.39000e+002 -5.60884e+002  2.04169e+001  1.49983e+003
           540  1.48627e+003  5.40000e+002 -5.60963e+002  2.04170e+001  1.50000e+003
           541  1.48643e+003  5.41000e+002 -5.61023e+002  2.04170e+001  1.50017e+003
           542  1.48660e+003  5.42000e+002 -5.61059e+002  2.04170e+001  1.50033e+003
           543  1.48675e+003  5.43000e+002 -5.61038e+002  2.04171e+001  1.50050e+003
           544  1.48690e+003  5.44000e+002 -5.61017e+002  2.04171e+001  1.50067e+003
           545  1.48706e+003  5.45000e+002 -5.60969e+002  2.04171e+001  1.50083e+003
           546  1.48722e+003  5.46000e+002 -5.61031e+002  2.04172e+001  1.50100e+003
           547  1.48738e+003  5.47000e+002 -5.61031e+002  2.04172e+001  1.50117e+003
           548  1.48753e+003  5.48000e+002 -5.61044e+002  2.04172e+001  1.50133e+003
           549  1.48768e+003  5.49000e+002 -5.61181e+002  2.04172e+001  1.50150e+003
           550  1.48785e+003  5.50000e+002 -5.61309e+002  2.04172e+001  1.50167e+003
           551  1.48800e+003  5.51000e+002 -5.61419e+002  2.04172e+001  1.50183e+003
           552  1.48816e+003  5.52000e+002 -5.61484e+002  2.04172e+001  1.50200e+003
           553  1.48831e+003  5.53000e+002 -5.61509e+002  2.04172e+001  1.50217e+003
           554  1.48847e+003  5.54000e+002 -5.61560e+002  2.04172e+001  1.50233e+003
           555  1.48863e+003  5.55000e+002 -5.61619e+002  2.04172e+001  1.50250e+003
           556  1.48879e+003  5.56000e+002 -5.61672e+002  2.04172e+001  1.50267e+003
           557  1.48895e+003  5.57000e+002 -5.61729e+002  2.04172e+001  1.50283e+003
           558  1.48910e+003  5.58000e+002 -5.61761e+002  2.04172e+001  1.50300e+003
           559  1.48926e+003  5.59000e+002 -5.61819e+002  2.04172e+001  1.50317e+003
           560  1.48942e+003  5.60000e+002 -5.61888e+002  2.04172e+001  1.50333e+003
           561  1.48957e+003  5.61000e+002 -5.61915e+002  2.04172e+001  1.50350e+003
           562  1.48973e+003  5.62000e+002 -5.61896e+002  2.04172e+001  1.50367e+003
           563  1.48988e+003  5.63000e+002 -5.61891e+002  2.04173e+001  1.50383e+003
           564  1.49004e+003  5.64000e+002 -5.61903e+002  2.04173e+001  1.50400e+003
           565  1.49020e+003  5.65000e+002 -5.61916e+002  2.04173e+001  1.50417e+003
           566  1.49035e+003  5.66000e+002 -5.61902e+002  2.04173e+001  1.50433e+003
           567  1.49051e+003  5.67000e+002 -5.61898e+002  2.04174e+001  1.50450e+003
           568  1.49067e+003  5.68000e+002 -5.61936e+002  2.04174e+001  1.50467e+003
           569  1.49083e+003  5.69000e+002 -5.62059e+002  2.04174e+001  1.50483e+003
           570  1.49099e+003  5.70000e+002 -5.62064e+002  2.04175e+001  1.50500e+003
           571  1.49115e+003  5.71000e+002 -5.62096e+002  2.04175e+001  1.50517e+003
           572  1.49130e+003  5.72000e+002 -5.61993e+002  2.04175e+001  1.50533e+003
           573  1.49146e+003  5.73000e+002 -5.61813e+002  2.04176e+001  1.50550e+003
           574  1.49162e+003  5.74000e+002 -5.61577e+002  2.04176e+001  1.50567e+003
           575  1.49177e+003  5.75000e+002 -5.61468e+002  2.04177e+001  1.50583e+003
           576  1.49193e+003  5.76000e+002 -5.61482e+002  2.04177e+001  1.50600e+003
           577  1.49208e+003  5.77000e+002 -5.61532e+002  2.04177e+001  1.50617e+003
           578  1.49224e+003  5.78000e+002 -5.61644e+002  2.04178e+001  1.50633e+003
           579  1.49240e+003  5.79000e+002 -5.61747e+002  2.04177e+001  1.50650e+003
           580  1.49255e+003  5.80000e+002 -5.61893e+002  2.04177e+001  1.50667e+003
           581  1.49271e+003  5.81000e+002 -5.62057e+002  2.04177e+001  1.50683e+003
           582  1.49287e+003  5.82000e+002 -5.62250e+002  2.04176e+001  1.50700e+003
           583  1.49303e+003  5.83000e+002 -5.62387e+002  2.04175e+001  1.50717e+003
           584  1.49318e+003  5.84000e+002 -5.62437e+002  2.04174e+001  1.50733e+003
           585  1.49334e+003  5.85000e+002 -5.62659e+002  2.04173e+001  1.50750e+003
           586  1.49349e+003  5.86000e+002 -5.62760e+002  2.04172e+001  1.50767e+003
           587  1.49366e+003  5.87000e+002 -5.62870e+002  2.04172e+001  1.50783e+003
           588  1.49381e+003  5.88000e+002 -5.62938e+002  2.04171e+001  1.50800e+003
           589  1.49397e+003  5.89000e+002 -5.62978e+002  2.04171e+001  1.50817e+003
           590  1.49413e+003  5.90000e+002 -5.62972e+002  2.04172e+001  1.50833e+003
           591  1.49428e+003  5.91000e+002 -5.63004e+002  2.04172e+001  1.50850e+003
           592  1.49445e+003  5.92000e+002 -5.63039e+002  2.04173e+001  1.50867e+003
           593  1.49460e+003  5.93000e+002 -5.63082e+002  2.04174e+001  1.50883e+003
           594  1.49475e+003  5.94000e+002 -5.63113e+002  2.04175e+001  1.50900e+003
           595  1.49490e+003  5.95000e+002 -5.63079e+002  2.04176e+001  1.50917e+003
           596  1.49507e+003  5.96000e+002 -5.63027e+002  2.04176e+001  1.50933e+003
           597  1.49523e+003  5.97000e+002 -5.63223e+002  2.04177e+001  1.50950e+003
           598  1.49538e+003  5.98000e+002 -5.63423e+002  2.04177e+001  1.50967e+003
           599  1.49554e+003  5.99000e+002 -5.63447e+002  2.04178e+001  1.50983e+003
           600  1.49570e+003  6.00000e+002 -5.63600e+002  2.04178e+001  1.51000e+003
           601  1.49585e+003  6.01000e+002 -5.63748e+002  2.04178e+001  1.51017e+003
           602  1.49601e+003  6.02000e+002 -5.63598e+002  2.04178e+001  1.51033e+003
           603  1.49617e+003  6.03000e+002 -5.63680e+002  2.04179e+001  1.51050e+003
           604  1.49633e+003  6.04000e+002 -5.63746e+002  2.04179e+001  1.51067e+003
           605  1.49648e+003  6.05000e+002 -5.63743e+002  2.04179e+001  1.51083e+003
           606  1.49665e+003  6.06000e+002 -5.63731e+002  2.04180e+001  1.51100e+003
           607  1.49680e+003  6.07000e+002 -5.63740e+002  2.04180e+001  1.51117e+003
           608  1.49696e+003  6.08000e+002 -5.63864e+002  2.04181e+001  1.51133e+003
           609  1.49711e+003  6.09000e+002 -5.64142e+002  2.04181e+001  1.51150e+003
           610  1.49727e+003  6.10000e+002 -5.64419e+002  2.04181e+001  1.51167e+003
           611  1.49743e+003  6.11000e+002 -5.64542e+002  2.04182e+001  1.51183e+003
           612  1.49759e+003  6.12000e+002 -5.64619e+002  2.04182e+001  1.51200e+003
           613  1.49774e+003  6.13000e+002 -5.64683e+002  2.04181e+001  1.51217e+003
           614  1.49790e+003  6.14000e+002 -5.64739e+002  2.04181e+001  1.51233e+003
           615  1.49806e+003  6.15000e+002 -5.65187e+002  2.04179e+001  1.51250e+003
           616  1.49821e+003  6.16000e+002 -5.65206e+002  2.04178e+001  1.51267e+003
           617  1.49837e+003  6.17000e+002 -5.65200e+002  2.04178e+001  1.51283e+003
           618  1.49853e+003  6.18000e+002 -5.65369e+002  2.04177e+001  1.51300e+003
           619  1.49868e+003  6.19000e+002 -5.65625e+002  2.04177e+001  1.51317e+003
           620  1.49884e+003  6.20000e+002 -5.65680e+002  2.04176e+001  1.51333e+003
           621  1.49900e+003  6.21000e+002 -5.65643e+002  2.04176e+001  1.51350e+003
           622  1.49915e+003  6.22000e+002 -5.65603e+002  2.04176e+001  1.51367e+003
           623  1.49931e+003  6.23000e+002 -5.65593e+002  2.04177e+001  1.51383e+003
           624  1.49947e+003  6.24000e+002 -5.65729e+002  2.04178e+001  1.51400e+003
           625  1.49962e+003  6.25000e+002 -5.65827e+002  2.04178e+001  1.51417e+003
           626  1.49978e+003  6.26000e+002 -5.65874e+002  2.04179e+001  1.51433e+003
           627  1.49994e+003  6.27000e+002 -5.65935e+002  2.04179e+001  1.51450e+003
           628  1.50010e+003  6.28000e+002 -5.66034e+002  2.04180e+001  1.51467e+003
           629  1.50026e+003  6.29000e+002 -5.66126e+002  2.04180e+001  1.51483e+003
           630  1.50041e+003  6.30000e+002 -5.66078e+002  2.04181e+001  1.51500e+003
           631  1.50056e+003  6.31000e+002 -5.65844e+002  2.04181e+001  1.51517e+003
           632  1.50072e+003  6.32000e+002 -5.65553e+002  2.04182e+001  1.51533e+003
           633  1.50088e+003  6.33000e+002 -5.65690e+002  2.04182e+001  1.51550e+003
           634  1.50104e+003  6.34000e+002 -5.65938e+002  2.04183e+001  1.51567e+003
           635  1.50120e+003  6.35000e+002 -5.65917e+002  2.04184e+001  1.51583e+003
           636  1.50135e+003  6.36000e+002 -5.65986e+002  2.04184e+001  1.51600e+003
           637  1.50151e+003  6.37000e+002 -5.66077e+002  2.04184e+001  1.51617e+003
           638  1.50167e+003  6.38000e+002 -5.66159e+002  2.04185e+001  1.51633e+003
           639  1.50182e+003  6.39000e+002 -5.66297e+002  2.04185e+001  1.51650e+003
           640  1.50198e+003  6.40000e+002 -5.66404e+002  2.04185e+001  1.51667e+003
           641  1.50213e+003  6.41000e+002 -5.66531e+002  2.04184e+001  1.51683e+003
           642  1.50229e+003  6.42000e+002 -5.66697e+002  2.04184e+001  1.51700e+003
           643  1.50245e+003  6.43000e+002 -5.66707e+002  2.04184e+001  1.51717e+003
           644  1.50260e+003  6.44000e+002 -5.66728e+002  2.04184e+001  1.51733e+003
           645  1.50276e+003  6.45000e+002 -5.66828e+002  2.04184e+001  1.51750e+003
           646  1.50292e+003  6.46000e+002 -5.67157e+002  2.04184e+001  1.51767e+003
           647  1.50308e+003  6.47000e+002 -5.67398e+002  2.04184e+001  1.51783e+003
           648  1.50323e+003  6.48000e+002 -5.67526e+002  2.04185e+001  1.51800e+003
           649  1.50339e+003  6.49000e+002 -5.67577e+002  2.04185e+001  1.51817e+003
           650  1.50354e+003  6.50000e+002 -5.67612e+002  2.04186e+001  1.51833e+003
           651  1.50370e+003  6.51000e+002 -5.67641e+002  2.04187e+001  1.51850e+003
           652  1.50386e+003  6.52000e+002 -5.67670e+002  2.04187e+001  1.51867e+003
           653  1.50401e+003  6.53000e+002 -5.67753e+002  2.04188e+001  1.51883e+003
           654  1.50417e+003  6.54000e+002 -5.67954e+002  2.04188e+001  1.51900e+003
           655  1.50433e+003  6.55000e+002 -5.68085e+002  2.04188e+001  1.51917e+003
           656  1.50449e+003  6.56000e+002 -5.68225e+002  2.04188e+001  1.51933e+003
           657  1.50464e+003  6.57000e+002 -5.68363e+002  2.04188e+001  1.51950e+003
           658  1.50479e+003  6.58000e+002 -5.68506e+002  2.04188e+001  1.51967e+003
           659  1.50495e+003  6.59000e+002 -5.68644e+002  2.04188e+001  1.51983e+003
           660  1.50511e+003  6.60000e+002 -5.68794e+002  2.04188e+001  1.52000e+003
           661  1.50526e+003  6.61000e+002 -5.68941e+002  2.04188e+001  1.52017e+003
           662  1.50543e+003  6.62000e+002 -5.69040e+002  2.04189e+001  1.52033e+003
           663  1.50558e+003  6.63000e+002 -5.68951e+002  2.04189e+001  1.52050e+003
           664  1.50574e+003  6.64000e+002 -5.68883e+002  2.04189e+001  1.52067e+003
           665  1.50589e+003  6.65000e+002 -5.68897e+002  2.04189e+001  1.52083e+003
           666  1.50605e+003  6.66000e+002 -5.69138e+002  2.04189e+001  1.52100e+003
           667  1.50621e+003  6.67000e+002 -5.69027e+002  2.04190e+001  1.52117e+003
           668  1.50636e+003  6.68000e+002 -5.68653e+002  2.04190e+001  1.52133e+003
           669  1.50652e+003  6.69000e+002 -5.68353e+002  2.04190e+001  1.52150e+003
           670  1.50667e+003  6.70000e+002 -5.68374e+002  2.04190e+001  1.52167e+003
           671  1.50683e+003  6.71000e+002 -5.68599e+002  2.04190e+001  1.52183e+003
           672  1.50699e+003  6.72000e+002 -5.68867e+002  2.04190e+001  1.52200e+003
           673  1.50714e+003  6.73000e+002 -5.69054e+002  2.04190e+001  1.52217e+003
           674  1.50730e+003  6.74000e+002 -5.69013e+002  2.04190e+001  1.52233e+003
           675  1.50746e+003  6.75000e+002 -5.68889e+002  2.04190e+001  1.52250e+003
           676  1.50762e+003  6.76000e+002 -5.68983e+002  2.04190e+001  1.52267e+003
           677  1.50777e+003  6.77000e+002 -5.69113e+002  2.04190e+001  1.52283e+003
           678  1.50793e+003  6.78000e+002 -5.69261e+002  2.04191e+001  1.52300e+003
           679  1.50808e+003  6.79000e+002 -5.69462e+002  2.04191e+001  1.52317e+003
           680  1.50824e+003  6.80000e+002 -5.69644e+002  2.04192e+001  1.52333e+003
           681  1.50839e+003  6.81000e+002 -5.69855e+002  2.04192e+001  1.52350e+003
           682  1.50855e+003  6.82000e+002 -5.70141e+002  2.04193e+001  1.52367e+003
           683  1.50871e+003  6.83000e+002 -5.70150e+002  2.04193e+001  1.52383e+003
           684  1.50887e+003  6.84000e+002 -5.70090e+002  2.04193e+001  1.52400e+003
           685  1.50903e+003  6.85000e+002 -5.70149e+002  2.04193e+001  1.52417e+003
           686  1.50918e+003  6.86000e+002 -5.70061e+002  2.04192e+001  1.52433e+003
           687  1.50934e+003  6.87000e+002 -5.70038e+002  2.04192e+001  1.52450e+003
           688  1.50950e+003  6.88000e+002 -5.70173e+002  2.04191e+001  1.52467e+003
           689  1.50965e+003  6.89000e+002 -5.70284e+002  2.04191e+001  1.52483e+003
           690  1.50981e+003  6.90000e+002 -5.70397e+002  2.04190e+001  1.52500e+003
           691  1.50996e+003  6.91000e+002 -5.70482e+002  2.04190e+001  1.52517e+003
           692  1.51012e+003  6.92000e+002 -5.70581e+002  2.04190e+001  1.52533e+003
           693  1.51028e+003  6.93000e+002 -5.70684e+002  2.04190e+001  1.52550e+003
           694  1.51044e+003  6.94000e+002 -5.70799e+002  2.04191e+001  1.52567e+003
           695  1.51059e+003  6.95000e+002 -5.70715e+002  2.04191e+001  1.52583e+003
           696  1.51075e+003  6.96000e+002 -5.70400e+002  2.04192e+001  1.52600e+003
           697  1.51090e+003  6.97000e+002 -5.70124e+002  2.04192e+001  1.52617e+003
           698  1.51106e+003  6.98000e+002 -5.70083e+002  2.04192e+001  1.52633e+003
           699  1.51122e+003  6.99000e+002 -5.70186e+002  2.04193e+001  1.52650e+003
           700  1.51137e+003  7.00000e+002 -5.70360e+002  2.04193e+001  1.52667e+003
           701  1.51153e+003  7.01000e+002 -5.70533e+002  2.04193e+001  1.52683e+003
           702  1.51168e+003  7.02000e+002 -5.70712e+002  2.04193e+001  1.52700e+003
           703  1.51184e+003  7.03000e+002 -5.70877e+002  2.04193e+001  1.52717e+003
           704  1.51200e+003  7.04000e+002 -5.71062e+002  2.04193e+001  1.52733e+003
           705  1.51215e+003  7.05000e+002 -5.71155e+002  2.04193e+001  1.52750e+003
           706  1.51231e+003  7.06000e+002 -5.71209e+002  2.04193e+001  1.52767e+003
           707  1.51247e+003  7.07000e+002 -5.71275e+002  2.04193e+001  1.52783e+003
           708  1.51263e+003  7.08000e+002 -5.71446e+002  2.04193e+001  1.52800e+003
           709  1.51278e+003  7.09000e+002 -5.71584e+002  2.04193e+001  1.52817e+003
           710  1.51294e+003  7.10000e+002 -5.71705e+002  2.04194e+001  1.52833e+003
           711  1.51309e+003  7.11000e+002 -5.71826e+002  2.04194e+001  1.52850e+003
           712  1.51325e+003  7.12000e+002 -5.71932e+002  2.04195e+001  1.52867e+003
           713  1.51341e+003  7.13000e+002 -5.72042e+002  2.04195e+001  1.52883e+003
           714  1.51356e+003  7.14000e+002 -5.72154e+002  2.04196e+001  1.52900e+003
           715  1.51372e+003  7.15000e+002 -5.72273e+002  2.04196e+001  1.52917e+003
           716  1.51387e+003  7.16000e+002 -5.72378e+002  2.04197e+001  1.52933e+003
           717  1.51403e+003  7.17000e+002 -5.72487e+002  2.04197e+001  1.52950e+003
           718  1.51419e+003  7.18000e+002 -5.72598e+002  2.04197e+001  1.52967e+003
           719  1.51435e+003  7.19000e+002 -5.72708e+002  2.04197e+001  1.52983e+003
           720  1.51450e+003  7.20000e+002 -5.72813e+002  2.04196e+001  1.53000e+003
           721  1.51466e+003  7.21000e+002 -5.72891e+002  2.04196e+001  1.53017e+003
           722  1.51482e+003  7.22000e+002 -5.72920e+002  2.04196e+001  1.53033e+003
           723  1.51498e+003  7.23000e+002 -5.72969e+002  2.04196e+001  1.53050e+003
           724  1.51514e+003  7.24000e+002 -5.73017e+002  2.04196e+001  1.53067e+003
           725  1.51529e+003  7.25000e+002 -5.73067e+002  2.04196e+001  1.53083e+003
           726  1.51545e+003  7.26000e+002 -5.73199e+002  2.04196e+001  1.53100e+003
           727  1.51561e+003  7.27000e+002 -5.73492e+002  2.04196e+001  1.53117e+003
           728  1.51576e+003  7.28000e+002 -5.73834e+002  2.04196e+001  1.53133e+003
           729  1.51592e+003  7.29000e+002 -5.74074e+002  2.04197e+001  1.53150e+003
           730  1.51607e+003  7.30000e+002 -5.74105e+002  2.04197e+001  1.53167e+003
           731  1.51623e+003  7.31000e+002 -5.73871e+002  2.04197e+001  1.53183e+003
           732  1.51639e+003  7.32000e+002 -5.74020e+002  2.04197e+001  1.53200e+003
           733  1.51655e+003  7.33000e+002 -5.74261e+002  2.04197e+001  1.53217e+003
           734  1.51670e+003  7.34000e+002 -5.74459e+002  2.04198e+001  1.53233e+003
           735  1.51686e+003  7.35000e+002 -5.74584e+002  2.04198e+001  1.53250e+003
           736  1.51702e+003  7.36000e+002 -5.74640e+002  2.04198e+001  1.53267e+003
           737  1.51717e+003  7.37000e+002 -5.74890e+002  2.04198e+001  1.53283e+003
           738  1.51733e+003  7.38000e+002 -5.75097e+002  2.04198e+001  1.53300e+003
           739  1.51748e+003  7.39000e+002 -5.75146e+002  2.04198e+001  1.53317e+003
           740  1.51764e+003  7.40000e+002 -5.75133e+002  2.04198e+001  1.53333e+003
           741  1.51780e+003  7.41000e+002 -5.75058e+002  2.04199e+001  1.53350e+003
           742  1.51796e+003  7.42000e+002 -5.74992e+002  2.04199e+001  1.53367e+003
           743  1.51811e+003  7.43000e+002 -5.75227e+002  2.04200e+001  1.53383e+003
           744  1.51827e+003  7.44000e+002 -5.75453e+002  2.04200e+001  1.53400e+003
           745  1.51842e+003  7.45000e+002 -5.75637e+002  2.04201e+001  1.53417e+003
           746  1.51858e+003  7.46000e+002 -5.75744e+002  2.04201e+001  1.53433e+003
           747  1.51874e+003  7.47000e+002 -5.75872e+002  2.04202e+001  1.53450e+003
           748  1.51890e+003  7.48000e+002 -5.75961e+002  2.04202e+001  1.53467e+003
           749  1.51906e+003  7.49000e+002 -5.76073e+002  2.04202e+001  1.53483e+003
           750  1.51921e+003  7.50000e+002 -5.76130e+002  2.04202e+001  1.53500e+003
           751  1.51936e+003  7.51000e+002 -5.76095e+002  2.04202e+001  1.53517e+003
           752  1.51952e+003  7.52000e+002 -5.76356e+002  2.04202e+001  1.53533e+003
           753  1.51968e+003  7.53000e+002 -5.76561e+002  2.04203e+001  1.53550e+003
           754  1.51984e+003  7.54000e+002 -5.76674e+002  2.04203e+001  1.53567e+003
           755  1.51999e+003  7.55000e+002 -5.76613e+002  2.04203e+001  1.53583e+003
           756  1.52015e+003  7.56000e+002 -5.76848e+002  2.04203e+001  1.53600e+003
           757  1.52030e+003  7.57000e+002 -5.76956e+002  2.04203e+001  1.53617e+003
           758  1.52046e+003  7.58000e+002 -5.76787e+002  2.04203e+001  1.53633e+003
           759  1.52062e+003  7.59000e+002 -5.76601e+002  2.04203e+001  1.53650e+003
           760  1.52078e+003  7.60000e+002 -5.76588e+002  2.04202e+001  1.53667e+003
           761  1.52093e+003  7.61000e+002 -5.76651e+002  2.04202e+001  1.53683e+003
           762  1.52109e+003  7.62000e+002 -5.76797e+002  2.04202e+001  1.53700e+003
           763  1.52125e+003  7.63000e+002 -5.77008e+002  2.04201e+001  1.53717e+003
           764  1.52140e+003  7.64000e+002 -5.77086e+002  2.04201e+001  1.53733e+003
           765  1.52156e+003  7.65000e+002 -5.77368e+002  2.04201e+001  1.53750e+003
           766  1.52171e+003  7.66000e+002 -5.77430e+002  2.04201e+001  1.53767e+003
           767  1.52187e+003  7.67000e+002 -5.77439e+002  2.04201e+001  1.53783e+003
           768  1.52203e+003  7.68000e+002 -5.77513e+002  2.04202e+001  1.53800e+003
           769  1.52219e+003  7.69000e+002 -5.77722e+002  2.04202e+001  1.53817e+003
           770  1.52234e+003  7.70000e+002 -5.77791e+002  2.04203e+001  1.53833e+003
           771  1.52250e+003  7.71000e+002 -5.77815e+002  2.04203e+001  1.53850e+003
           772  1.52266e+003  7.72000e+002 -5.77826e+002  2.04203e+001  1.53867e+003
           773  1.52281e+003  7.73000e+002 -5.77962e+002  2.04204e+001  1.53883e+003
           774  1.52297e+003  7.74000e+002 -5.78241e+002  2.04204e+001  1.53900e+003
           775  1.52312e+003  7.75000e+002 -5.78483e+002  2.04204e+001  1.53917e+003
           776  1.52328e+003  7.76000e+002 -5.78665e+002  2.04203e+001  1.53933e+003
           777  1.52344e+003  7.77000e+002 -5.78629e+002  2.04203e+001  1.53950e+003
           778  1.52359e+003  7.78000e+002 -5.78561e+002  2.04202e+001  1.53967e+003
           779  1.52375e+003  7.79000e+002 -5.78493e+002  2.04202e+001  1.53983e+003
           780  1.52391e+003  7.80000e+002 -5.78442e+002  2.04202e+001  1.54000e+003
           781  1.52406e+003  7.81000e+002 -5.78792e+002  2.04202e+001  1.54017e+003
           782  1.52422e+003  7.82000e+002 -5.79001e+002  2.04202e+001  1.54033e+003
           783  1.52437e+003  7.83000e+002 -5.78913e+002  2.04202e+001  1.54050e+003
           784  1.52453e+003  7.84000e+002 -5.78787e+002  2.04203e+001  1.54067e+003
           785  1.52469e+003  7.85000e+002 -5.78798e+002  2.04203e+001  1.54083e+003
           786  1.52485e+003  7.86000e+002 -5.79014e+002  2.04204e+001  1.54100e+003
           787  1.52501e+003  7.87000e+002 -5.79262e+002  2.04204e+001  1.54117e+003
           788  1.52516e+003  7.88000e+002 -5.79490e+002  2.04205e+001  1.54133e+003
           789  1.52531e+003  7.89000e+002 -5.79656e+002  2.04205e+001  1.54150e+003
           790  1.52547e+003  7.90000e+002 -5.79766e+002  2.04205e+001  1.54167e+003
           791  1.52563e+003  7.91000e+002 -5.79719e+002  2.04205e+001  1.54183e+003
           792  1.52579e+003  7.92000e+002 -5.79718e+002  2.04205e+001  1.54200e+003
           793  1.52595e+003  7.93000e+002 -5.79835e+002  2.04205e+001  1.54217e+003
           794  1.52610e+003  7.94000e+002 -5.79852e+002  2.04204e+001  1.54233e+003
           795  1.52626e+003  7.95000e+002 -5.79796e+002  2.04204e+001  1.54250e+003
           796  1.52642e+003  7.96000e+002 -5.79712e+002  2.04203e+001  1.54267e+003
           797  1.52658e+003  7.97000e+002 -5.79985e+002  2.04202e+001  1.54283e+003
           798  1.52673e+003  7.98000e+002 -5.80016e+002  2.04202e+001  1.54300e+003
           799  1.52689e+003  7.99000e+002 -5.80011e+002  2.04201e+001  1.54317e+003
           800  1.52705e+003  8.00000e+002 -5.80120e+002  2.04201e+001  1.54333e+003
           801  1.52721e+003  8.01000e+002 -5.80222e+002  2.04201e+001  1.54350e+003
           802  1.52736e+003  8.02000e+002 -5.80323e+002  2.04202e+001  1.54367e+003
           803  1.52752e+003  8.03000e+002 -5.80394e+002  2.04202e+001  1.54383e+003
           804  1.52767e+003  8.04000e+002 -5.80428e+002  2.04202e+001  1.54400e+003
           805  1.52783e+003  8.05000e+002 -5.80358e+002  2.04203e+001  1.54417e+003
           806  1.52799e+003  8.06000e+002 -5.80328e+002  2.04203e+001  1.54433e+003
           807  1.52814e+003  8.07000e+002 -5.80286e+002  2.04203e+001  1.54450e+003
           808  1.52830e+003  8.08000e+002 -5.80227e+002  2.04203e+001  1.54467e+003
           809  1.52845e+003  8.09000e+002 -5.80609e+002  2.04203e+001  1.54483e+003
           810  1.52861e+003  8.10000e+002 -5.80992e+002  2.04203e+001  1.54500e+003
           811  1.52876e+003  8.11000e+002 -5.81187e+002  2.04203e+001  1.54517e+003
           812  1.52892e+003  8.12000e+002 -5.81008e+002  2.04203e+001  1.54533e+003
           813  1.52908e+003  8.13000e+002 -5.80634e+002  2.04204e+001  1.54550e+003
           814  1.52924e+003  8.14000e+002 -5.80363e+002  2.04204e+001  1.54567e+003
           815  1.52940e+003  8.15000e+002 -5.80344e+002  2.04205e+001  1.54583e+003
           816  1.52956e+003  8.16000e+002 -5.80410e+002  2.04205e+001  1.54600e+003
           817  1.52971e+003  8.17000e+002 -5.80700e+002  2.04206e+001  1.54617e+003
           818  1.52986e+003  8.18000e+002 -5.81126e+002  2.04206e+001  1.54633e+003
           819  1.53002e+003  8.19000e+002 -5.81331e+002  2.04207e+001  1.54650e+003
           820  1.53018e+003  8.20000e+002 -5.81463e+002  2.04207e+001  1.54667e+003
           821  1.53033e+003  8.21000e+002 -5.81549e+002  2.04207e+001  1.54683e+003
           822  1.53049e+003  8.22000e+002 -5.81666e+002  2.04208e+001  1.54700e+003
           823  1.53065e+003  8.23000e+002 -5.81804e+002  2.04208e+001  1.54717e+003
           824  1.53080e+003  8.24000e+002 -5.81962e+002  2.04208e+001  1.54733e+003
           825  1.53096e+003  8.25000e+002 -5.82170e+002  2.04208e+001  1.54750e+003
           826  1.53112e+003  8.26000e+002 -5.82178e+002  2.04208e+001  1.54767e+003
           827  1.53127e+003  8.27000e+002 -5.82270e+002  2.04208e+001  1.54783e+003
           828  1.53143e+003  8.28000e+002 -5.82570e+002  2.04209e+001  1.54800e+003
           829  1.53159e+003  8.29000e+002 -5.82706e+002  2.04209e+001  1.54817e+003
           830  1.53175e+003  8.30000e+002 -5.82858e+002  2.04210e+001  1.54833e+003
           831  1.53191e+003  8.31000e+002 -5.83034e+002  2.04210e+001  1.54850e+003
           832  1.53206e+003  8.32000e+002 -5.83230e+002  2.04211e+001  1.54867e+003
           833  1.53222e+003  8.33000e+002 -5.83284e+002  2.04212e+001  1.54883e+003
           834  1.53238e+003  8.34000e+002 -5.83314e+002  2.04213e+001  1.54900e+003
           835  1.53253e+003  8.35000e+002 -5.83371e+002  2.04213e+001  1.54917e+003
           836  1.53269e+003  8.36000e+002 -5.83500e+002  2.04214e+001  1.54933e+003
           837  1.53284e+003  8.37000e+002 -5.83653e+002  2.04213e+001  1.54950e+003
           838  1.53300e+003  8.38000e+002 -5.83778e+002  2.04213e+001  1.54967e+003
           839  1.53315e+003  8.39000e+002 -5.83887e+002  2.04213e+001  1.54983e+003
           840  1.53332e+003  8.40000e+002 -5.83995e+002  2.04212e+001  1.55000e+003
           841  1.53347e+003  8.41000e+002 -5.84106e+002  2.04210e+001  1.55017e+003
           842  1.53363e+003  8.42000e+002 -5.84220e+002  2.04209e+001  1.55033e+003
           843  1.53378e+003  8.43000e+002 -5.84329e+002  2.04208e+001  1.55050e+003
           844  1.53393e+003  8.44000e+002 -5.84432e+002  2.04207e+001  1.55067e+003
           845  1.53409e+003  8.45000e+002 -5.84537e+002  2.04207e+001  1.55083e+003
           846  1.53425e+003  8.46000e+002 -5.84791e+002  2.04206e+001  1.55100e+003
           847  1.53441e+003  8.47000e+002 -5.85284e+002  2.04206e+001  1.55117e+003
           848  1.53457e+003  8.48000e+002 -5.85803e+002  2.04205e+001  1.55133e+003
           849  1.53472e+003  8.49000e+002 -5.85920e+002  2.04205e+001  1.55150e+003
           850  1.53488e+003  8.50000e+002 -5.86119e+002  2.04205e+001  1.55167e+003
           851  1.53503e+003  8.51000e+002 -5.86222e+002  2.04205e+001  1.55183e+003
           852  1.53519e+003  8.52000e+002 -5.86003e+002  2.04205e+001  1.55200e+003
           853  1.53535e+003  8.53000e+002 -5.85770e+002  2.04205e+001  1.55217e+003
           854  1.53551e+003  8.54000e+002 -5.85579e+002  2.04206e+001  1.55233e+003
           855  1.53566e+003  8.55000e+002 -5.85385e+002  2.04206e+001  1.55250e+003
           856  1.53582e+003  8.56000e+002 -5.85582e+002  2.04207e+001  1.55267e+003
           857  1.53597e+003  8.57000e+002 -5.85533e+002  2.04207e+001  1.55283e+003
           858  1.53613e+003  8.58000e+002 -5.85677e+002  2.04208e+001  1.55300e+003
           859  1.53628e+003  8.59000e+002 -5.85882e+002  2.04208e+001  1.55317e+003
           860  1.53643e+003  8.60000e+002 -5.86105e+002  2.04209e+001  1.55333e+003
           861  1.53660e+003  8.61000e+002 -5.86539e+002  2.04209e+001  1.55350e+003
           862  1.53675e+003  8.62000e+002 -5.86620e+002  2.04210e+001  1.55367e+003
           863  1.53690e+003  8.63000e+002 -5.86598e+002  2.04210e+001  1.55383e+003
           864  1.53706e+003  8.64000e+002 -5.86538e+002  2.04210e+001  1.55400e+003
           865  1.53722e+003  8.65000e+002 -5.86472e+002  2.04210e+001  1.55417e+003
           866  1.53738e+003  8.66000e+002 -5.86522e+002  2.04210e+001  1.55433e+003
           867  1.53754e+003  8.67000e+002 -5.86919e+002  2.04210e+001  1.55450e+003
           868  1.53769e+003  8.68000e+002 -5.87132e+002  2.04211e+001  1.55467e+003
           869  1.53784e+003  8.69000e+002 -5.87176e+002  2.04211e+001  1.55483e+003
           870  1.53800e+003  8.70000e+002 -5.87125e+002  2.04211e+001  1.55500e+003
           871  1.53816e+003  8.71000e+002 -5.87066e+002  2.04211e+001  1.55517e+003
           872  1.53831e+003  8.72000e+002 -5.87138e+002  2.04212e+001  1.55533e+003
           873  1.53847e+003  8.73000e+002 -5.87580e+002  2.04212e+001  1.55550e+003
           874  1.53862e+003  8.74000e+002 -5.87723e+002  2.04212e+001  1.55567e+003
           875  1.53878e+003  8.75000e+002 -5.87844e+002  2.04212e+001  1.55583e+003
           876  1.53894e+003  8.76000e+002 -5.87944e+002  2.04212e+001  1.55600e+003
           877  1.53910e+003  8.77000e+002 -5.87987e+002  2.04212e+001  1.55617e+003
           878  1.53925e+003  8.78000e+002 -5.88108e+002  2.04213e+001  1.55633e+003
           879  1.53941e+003  8.79000e+002 -5.88402e+002  2.04213e+001  1.55650e+003
           880  1.53956e+003  8.80000e+002 -5.88411e+002  2.04213e+001  1.55667e+003
           881  1.53972e+003  8.81000e+002 -5.88198e+002  2.04213e+001  1.55683e+003
           882  1.53988e+003  8.82000e+002 -5.88068e+002  2.04213e+001  1.55700e+003
           883  1.54004e+003  8.83000e+002 -5.88351e+002  2.04213e+001  1.55717e+003
           884  1.54019e+003  8.84000e+002 -5.88600e+002  2.04213e+001  1.55733e+003
           885  1.54035e+003  8.85000e+002 -5.88663e+002  2.04213e+001  1.55750e+003
           886  1.54050e+003  8.86000e+002 -5.88614e+002  2.04213e+001  1.55767e+003
           887  1.54066e+003  8.87000e+002 -5.88582e+002  2.04213e+001  1.55783e+003
           888  1.54081e+003  8.88000e+002 -5.88551e+002  2.04213e+001  1.55800e+003
           889  1.54097e+003  8.89000e+002 -5.88506e+002  2.04213e+001  1.55817e+003
           890  1.54113e+003  8.90000e+002 -5.88570e+002  2.04213e+001  1.55833e+003
           891  1.54129e+003  8.91000e+002 -5.88917e+002  2.04212e+001  1.55850e+003
           892  1.54145e+003  8.92000e+002 -5.89211e+002  2.04212e+001  1.55867e+003
           893  1.54160e+003  8.93000e+002 -5.89234e+002  2.04213e+001  1.55883e+003
           894  1.54176e+003  8.94000e+002 -5.89477e+002  2.04213e+001  1.55900e+003
           895  1.54192e+003  8.95000e+002 -5.89601e+002  2.04213e+001  1.55917e+003
           896  1.54208e+003  8.96000e+002 -5.89940e+002  2.04213e+001  1.55933e+003
           897  1.54223e+003  8.97000e+002 -5.90354e+002  2.04213e+001  1.55950e+003
           898  1.54238e+003  8.98000e+002 -5.90155e+002  2.04214e+001  1.55967e+003
           899  1.54254e+003  8.99000e+002 -5.90148e+002  2.04214e+001  1.55983e+003
           900  1.54271e+003  9.00000e+002 -5.90491e+002  2.04215e+001  1.56000e+003
           901  1.54286e+003  9.01000e+002 -5.90770e+002  2.04215e+001  1.56017e+003
           902  1.54301e+003  9.02000e+002 -5.90999e+002  2.04216e+001  1.56033e+003
           903  1.54317e+003  9.03000e+002 -5.91112e+002  2.04216e+001  1.56050e+003
           904  1.54333e+003  9.04000e+002 -5.90988e+002  2.04217e+001  1.56067e+003
           905  1.54348e+003  9.05000e+002 -5.90824e+002  2.04217e+001  1.56083e+003
           906  1.54364e+003  9.06000e+002 -5.90776e+002  2.04217e+001  1.56100e+003
           907  1.54379e+003  9.07000e+002 -5.90953e+002  2.04216e+001  1.56117e+003
           908  1.54395e+003  9.08000e+002 -5.91166e+002  2.04216e+001  1.56133e+003
           909  1.54411e+003  9.09000e+002 -5.91418e+002  2.04216e+001  1.56150e+003
           910  1.54427e+003  9.10000e+002 -5.91657e+002  2.04215e+001  1.56167e+003
           911  1.54442e+003  9.11000e+002 -5.91937e+002  2.04215e+001  1.56183e+003
           912  1.54458e+003  9.12000e+002 -5.92192e+002  2.04214e+001  1.56200e+003
           913  1.54474e+003  9.13000e+002 -5.92277e+002  2.04214e+001  1.56217e+003
           914  1.54489e+003  9.14000e+002 -5.92302e+002  2.04214e+001  1.56233e+003
           915  1.54505e+003  9.15000e+002 -5.92376e+002  2.04214e+001  1.56250e+003
           916  1.54520e+003  9.16000e+002 -5.92492e+002  2.04213e+001  1.56267e+003
           917  1.54536e+003  9.17000e+002 -5.92649e+002  2.04213e+001  1.56283e+003
           918  1.54551e+003  9.18000e+002 -5.92809e+002  2.04213e+001  1.56300e+003
           919  1.54567e+003  9.19000e+002 -5.92972e+002  2.04213e+001  1.56317e+003
           920  1.54582e+003  9.20000e+002 -5.93051e+002  2.04213e+001  1.56333e+003
           921  1.54598e+003  9.21000e+002 -5.93063e+002  2.04213e+001  1.56350e+003
           922  1.54614e+003  9.22000e+002 -5.92729e+002  2.04213e+001  1.56367e+003
           923  1.54629e+003  9.23000e+002 -5.92805e+002  2.04214e+001  1.56383e+003
           924  1.54645e+003  9.24000e+002 -5.92934e+002  2.04214e+001  1.56400e+003
           925  1.54661e+003  9.25000e+002 -5.92917e+002  2.04214e+001  1.56417e+003
           926  1.54677e+003  9.26000e+002 -5.92939e+002  2.04214e+001  1.56433e+003
           927  1.54693e+003  9.27000e+002 -5.92950e+002  2.04214e+001  1.56450e+003
           928  1.54708e+003  9.28000e+002 -5.92918e+002  2.04215e+001  1.56467e+003
           929  1.54723e+003  9.29000e+002 -5.92816e+002  2.04215e+001  1.56483e+003
           930  1.54739e+003  9.30000e+002 -5.93196e+002  2.04214e+001  1.56500e+003
           931  1.54755e+003  9.31000e+002 -5.93141e+002  2.04214e+001  1.56517e+003
           932  1.54771e+003  9.32000e+002 -5.93223e+002  2.04214e+001  1.56533e+003
           933  1.54786e+003  9.33000e+002 -5.93837e+002  2.04213e+001  1.56550e+003
           934  1.54802e+003  9.34000e+002 -5.94708e+002  2.04213e+001  1.56567e+003
           935  1.54817e+003  9.35000e+002 -5.95563e+002  2.04213e+001  1.56583e+003
           936  1.54833e+003  9.36000e+002 -5.95890e+002  2.04213e+001  1.56600e+003
           937  1.54848e+003  9.37000e+002 -5.95594e+002  2.04213e+001  1.56617e+003
           938  1.54864e+003  9.38000e+002 -5.95203e+002  2.04213e+001  1.56633e+003
           939  1.54880e+003  9.39000e+002 -5.94947e+002  2.04214e+001  1.56650e+003
           940  1.54895e+003  9.40000e+002 -5.94841e+002  2.04214e+001  1.56667e+003
           941  1.54911e+003  9.41000e+002 -5.94709e+002  2.04214e+001  1.56683e+003
           942  1.54926e+003  9.42000e+002 -5.94590e+002  2.04215e+001  1.56700e+003
           943  1.54942e+003  9.43000e+002 -5.94576e+002  2.04215e+001  1.56717e+003
           944  1.54957e+003  9.44000e+002 -5.94876e+002  2.04215e+001  1.56733e+003
           945  1.54973e+003  9.45000e+002 -5.95371e+002  2.04214e+001  1.56750e+003
           946  1.54988e+003  9.46000e+002 -5.96128e+002  2.04214e+001  1.56767e+003
           947  1.55004e+003  9.47000e+002 -5.95613e+002  2.04214e+001  1.56783e+003
           948  1.55020e+003  9.48000e+002 -5.95565e+002  2.04213e+001  1.56800e+003
           949  1.55035e+003  9.49000e+002 -5.96072e+002  2.04213e+001  1.56817e+003
           950  1.55051e+003  9.50000e+002 -5.96702e+002  2.04213e+001  1.56833e+003
           951  1.55066e+003  9.51000e+002 -5.97802e+002  2.04213e+001  1.56850e+003
           952  1.55082e+003  9.52000e+002 -5.98998e+002  2.04213e+001  1.56867e+003
           953  1.55097e+003  9.53000e+002 -6.00201e+002  2.04214e+001  1.56883e+003
           954  1.55112e+003  9.54000e+002 -6.02038e+002  2.04214e+001  1.56900e+003
           955  1.55127e+003  9.55000e+002 -6.04154e+002  2.04214e+001  1.56917e+003
           956  1.55143e+003  9.56000e+002 -6.06086e+002  2.04215e+001  1.56933e+003
           957  1.55158e+003  9.57000e+002 -6.08410e+002  2.04215e+001  1.56950e+003
           958  1.55173e+003  9.58000e+002 -6.11265e+002  2.04215e+001  1.56967e+003
           959  1.55187e+003  9.59000e+002 -6.13838e+002  2.04216e+001  1.56983e+003
           960  1.55202e+003  9.60000e+002 -6.16563e+002  2.04216e+001  1.57000e+003
           961  1.55217e+003  9.61000e+002 -6.19800e+002  2.04216e+001  1.57017e+003
           962  1.55232e+003  9.62000e+002 -6.23338e+002  2.04216e+001  1.57033e+003
           963  1.55247e+003  9.63000e+002 -6.27130e+002  2.04217e+001  1.57050e+003
           964  1.55261e+003  9.64000e+002 -6.31019e+002  2.04217e+001  1.57067e+003
           965  1.55276e+003  9.65000e+002 -6.35138e+002  2.04217e+001  1.57083e+003
           966  1.55290e+003  9.66000e+002 -6.39569e+002  2.04217e+001  1.57100e+003
           967  1.55305e+003  9.67000e+002 -6.43895e+002  2.04217e+001  1.57117e+003
           968  1.55320e+003  9.68000e+002 -6.48648e+002  2.04217e+001  1.57133e+003
           969  1.55334e+003  9.69000e+002 -6.53652e+002  2.04216e+001  1.57150e+003
           970  1.55348e+003  9.70000e+002 -6.58535e+002  2.04216e+001  1.57167e+003
           971  1.55362e+003  9.71000e+002 -6.63075e+002  2.04216e+001  1.57183e+003
           972  1.55377e+003  9.72000e+002 -6.67969e+002  2.04215e+001  1.57200e+003
           973  1.55391e+003  9.73000e+002 -6.73102e+002  2.04215e+001  1.57217e+003
           974  1.55405e+003  9.74000e+002 -6.78512e+002  2.04215e+001  1.57233e+003
           975  1.55419e+003  9.75000e+002 -6.84166e+002  2.04215e+001  1.57250e+003
           976  1.55434e+003  9.76000e+002 -6.89888e+002  2.04216e+001  1.57267e+003
           977  1.55448e+003  9.77000e+002 -6.95620e+002  2.04216e+001  1.57283e+003
           978  1.55462e+003  9.78000e+002 -7.01319e+002  2.04216e+001  1.57300e+003
           979  1.55477e+003  9.79000e+002 -7.07294e+002  2.04216e+001  1.57317e+003
           980  1.55491e+003  9.80000e+002 -7.13321e+002  2.04216e+001  1.57333e+003
           981  1.55505e+003  9.81000e+002 -7.19352e+002  2.04216e+001  1.57350e+003
           982  1.55519e+003  9.82000e+002 -7.25392e+002  2.04216e+001  1.57367e+003
           983  1.55533e+003  9.83000e+002 -7.31013e+002  2.04215e+001  1.57383e+003
           984  1.55547e+003  9.84000e+002 -7.36917e+002  2.04215e+001  1.57400e+003
           985  1.55561e+003  9.85000e+002 -7.42870e+002  2.04215e+001  1.57417e+003
           986  1.55575e+003  9.86000e+002 -7.49116e+002  2.04215e+001  1.57433e+003
           987  1.55589e+003  9.87000e+002 -7.55381e+002  2.04215e+001  1.57450e+003
           988  1.55603e+003  9.88000e+002 -7.61352e+002  2.04215e+001  1.57467e+003
           989  1.55617e+003  9.89000e+002 -7.67263e+002  2.04215e+001  1.57483e+003
           990  1.55631e+003  9.90000e+002 -7.73165e+002  2.04215e+001  1.57500e+003
           991  1.55646e+003  9.91000e+002 -7.79188e+002  2.04215e+001  1.57517e+003
           992  1.55659e+003  9.92000e+002 -7.85207e+002  2.04215e+001  1.57533e+003
           993  1.55674e+003  9.93000e+002 -7.91164e+002  2.04216e+001  1.57550e+003
           994  1.55688e+003  9.94000e+002 -7.97702e+002  2.04216e+001  1.57567e+003
           995  1.55702e+003  9.95000e+002 -8.04414e+002  2.04216e+001  1.57583e+003
           996  1.55716e+003  9.96000e+002 -8.10660e+002  2.04217e+001  1.57600e+003
           997  1.55730e+003  9.97000e+002 -8.16463e+002  2.04217e+001  1.57617e+003
           998  1.55744e+003  9.98000e+002 -8.22452e+002  2.04217e+001  1.57633e+003
           999  1.55758e+003  9.99000e+002 -8.28687e+002  2.04217e+001  1.57650e+003
          1000  1.55772e+003  1.00000e+003 -8.35171e+002  2.04217e+001  1.57667e+003
          1001  1.55786e+003  1.00100e+003 -8.41641e+002  2.04217e+001  1.57683e+003
          1002  1.55801e+003  1.00200e+003 -8.47943e+002  2.04217e+001  1.57700e+003
          1003  1.55815e+003  1.00300e+003 -8.54091e+002  2.04217e+001  1.57717e+003
          1004  1.55829e+003  1.00400e+003 -8.60414e+002  2.04217e+001  1.57733e+003
          1005  1.55843e+003  1.00500e+003 -8.66974e+002  2.04217e+001  1.57750e+003
          1006  1.55857e+003  1.00600e+003 -8.73329e+002  2.04217e+001  1.57767e+003
          1007  1.55871e+003  1.00700e+003 -8.78129e+002  2.04218e+001  1.57783e+003
          1008  1.55886e+003  1.00800e+003 -8.78278e+002  2.04218e+001  1.57800e+003
          1009  1.55904e+003  1.00900e+003 -8.68849e+002  2.04218e+001  1.57817e+003
          1010  1.55924e+003  1.01000e+003 -8.52242e+002  2.04218e+001  1.57833e+003
          1011  1.55944e+003  1.01100e+003 -8.28622e+002  2.04218e+001  1.57850e+003
          1012  1.55965e+003  1.01200e+003 -8.06240e+002  2.04218e+001  1.57867e+003
          1013  1.55985e+003  1.01300e+003 -7.86080e+002  2.04217e+001  1.57883e+003
          1014  1.56005e+003  1.01400e+003 -7.67432e+002  2.04217e+001  1.57900e+003
          1015  1.56025e+003  1.01500e+003 -7.51994e+002  2.04217e+001  1.57917e+003
          1016  1.56044e+003  1.01600e+003 -7.38067e+002  2.04216e+001  1.57933e+003
          1017  1.56061e+003  1.01700e+003 -7.25607e+002  2.04216e+001  1.57950e+003
          1018  1.56080e+003  1.01800e+003 -7.13880e+002  2.04216e+001  1.57967e+003
          1019  1.56099e+003  1.01900e+003 -7.04284e+002  2.04216e+001  1.57983e+003
          1020  1.56116e+003  1.02000e+003 -6.95437e+002  2.04215e+001  1.58000e+003
          1021  1.56134e+003  1.02100e+003 -6.87400e+002  2.04215e+001  1.58017e+003
          1022  1.56151e+003  1.02200e+003 -6.80029e+002  2.04215e+001  1.58033e+003
          1023  1.56168e+003  1.02300e+003 -6.73844e+002  2.04215e+001  1.58050e+003
          1024  1.56185e+003  1.02400e+003 -6.68306e+002  2.04215e+001  1.58067e+003
          1025  1.56202e+003  1.02500e+003 -6.63692e+002  2.04215e+001  1.58083e+003
          1026  1.56219e+003  1.02600e+003 -6.59500e+002  2.04215e+001  1.58100e+003
          1027  1.56236e+003  1.02700e+003 -6.55390e+002  2.04215e+001  1.58117e+003
          1028  1.56253e+003  1.02800e+003 -6.51201e+002  2.04215e+001  1.58133e+003
          1029  1.56269e+003  1.02900e+003 -6.47794e+002  2.04216e+001  1.58150e+003
          1030  1.56285e+003  1.03000e+003 -6.44688e+002  2.04216e+001  1.58167e+003
          1031  1.56302e+003  1.03100e+003 -6.41805e+002  2.04216e+001  1.58183e+003
          1032  1.56318e+003  1.03200e+003 -6.39048e+002  2.04216e+001  1.58200e+003
          1033  1.56335e+003  1.03300e+003 -6.37735e+002  2.04216e+001  1.58217e+003
          1034  1.56351e+003  1.03400e+003 -6.37672e+002  2.04216e+001  1.58233e+003
          1035  1.56365e+003  1.03500e+003 -6.35008e+002  2.04216e+001  1.58250e+003
          1036  1.56382e+003  1.03600e+003 -6.32084e+002  2.04215e+001  1.58267e+003
          1037  1.56398e+003  1.03700e+003 -6.30837e+002  2.04215e+001  1.58283e+003
          1038  1.56413e+003  1.03800e+003 -6.28540e+002  2.04215e+001  1.58300e+003
          1039  1.56429e+003  1.03900e+003 -6.26050e+002  2.04215e+001  1.58317e+003
          1040  1.56445e+003  1.04000e+003 -6.25059e+002  2.04215e+001  1.58333e+003
          1041  1.56461e+003  1.04100e+003 -6.24017e+002  2.04215e+001  1.58350e+003
          1042  1.56477e+003  1.04200e+003 -6.23372e+002  2.04215e+001  1.58367e+003
          1043  1.56493e+003  1.04300e+003 -6.22871e+002  2.04215e+001  1.58383e+003
          1044  1.56508e+003  1.04400e+003 -6.22608e+002  2.04215e+001  1.58400e+003
          1045  1.56524e+003  1.04500e+003 -6.22261e+002  2.04214e+001  1.58417e+003
          1046  1.56540e+003  1.04600e+003 -6.21712e+002  2.04214e+001  1.58433e+003
          1047  1.56556e+003  1.04700e+003 -6.21158e+002  2.04214e+001  1.58450e+003
          1048  1.56572e+003  1.04800e+003 -6.22241e+002  2.04213e+001  1.58467e+003
          1049  1.56587e+003  1.04900e+003 -6.22618e+002  2.04213e+001  1.58483e+003
          1050  1.56603e+003  1.05000e+003 -6.22425e+002  2.04213e+001  1.58500e+003
          1051  1.56619e+003  1.05100e+003 -6.21771e+002  2.04213e+001  1.58517e+003
          1052  1.56635e+003  1.05200e+003 -6.23710e+002  2.04212e+001  1.58533e+003
          1053  1.56649e+003  1.05300e+003 -6.25045e+002  2.04212e+001  1.58550e+003
          1054  1.56664e+003  1.05400e+003 -6.22668e+002  2.04212e+001  1.58567e+003
          1055  1.56681e+003  1.05500e+003 -6.19662e+002  2.04212e+001  1.58583e+003
          1056  1.56696e+003  1.05600e+003 -6.19990e+002  2.04213e+001  1.58600e+003
          1057  1.56712e+003  1.05700e+003 -6.20366e+002  2.04213e+001  1.58617e+003
          1058  1.56728e+003  1.05800e+003 -6.20188e+002  2.04213e+001  1.58633e+003
          1059  1.56743e+003  1.05900e+003 -6.19510e+002  2.04213e+001  1.58650e+003
          1060  1.56758e+003  1.06000e+003 -6.19065e+002  2.04214e+001  1.58667e+003
          1061  1.56775e+003  1.06100e+003 -6.18790e+002  2.04214e+001  1.58683e+003
          1062  1.56790e+003  1.06200e+003 -6.18938e+002  2.04214e+001  1.58700e+003
          1063  1.56806e+003  1.06300e+003 -6.19141e+002  2.04214e+001  1.58717e+003
          1064  1.56821e+003  1.06400e+003 -6.19132e+002  2.04213e+001  1.58733e+003
          1065  1.56838e+003  1.06500e+003 -6.19773e+002  2.04213e+001  1.58750e+003
          1066  1.56853e+003  1.06600e+003 -6.20375e+002  2.04213e+001  1.58767e+003
          1067  1.56868e+003  1.06700e+003 -6.19522e+002  2.04213e+001  1.58783e+003
          1068  1.56884e+003  1.06800e+003 -6.19079e+002  2.04212e+001  1.58800e+003
          1069  1.56900e+003  1.06900e+003 -6.20497e+002  2.04212e+001  1.58817e+003
          1070  1.56915e+003  1.07000e+003 -6.24235e+002  2.04213e+001  1.58833e+003
          1071  1.56929e+003  1.07100e+003 -6.26088e+002  2.04213e+001  1.58850e+003
          1072  1.56945e+003  1.07200e+003 -6.24599e+002  2.04213e+001  1.58867e+003
          1073  1.56960e+003  1.07300e+003 -6.26273e+002  2.04214e+001  1.58883e+003
          1074  1.56974e+003  1.07400e+003 -6.29903e+002  2.04214e+001  1.58900e+003
          1075  1.56988e+003  1.07500e+003 -6.30125e+002  2.04214e+001  1.58917e+003
          1076  1.57004e+003  1.07600e+003 -6.28197e+002  2.04214e+001  1.58933e+003
          1077  1.57019e+003  1.07700e+003 -6.26777e+002  2.04214e+001  1.58950e+003
          1078  1.57034e+003  1.07800e+003 -6.25906e+002  2.04214e+001  1.58967e+003
          1079  1.57049e+003  1.07900e+003 -6.26221e+002  2.04214e+001  1.58983e+003
          1080  1.57064e+003  1.08000e+003 -6.22593e+002  2.04214e+001  1.59000e+003
          1081  1.57081e+003  1.08100e+003 -6.21315e+002  2.04214e+001  1.59017e+003
          1082  1.57096e+003  1.08200e+003 -6.20745e+002  2.04214e+001  1.59033e+003
          1083  1.57112e+003  1.08300e+003 -6.19935e+002  2.04214e+001  1.59050e+003
          1084  1.57128e+003  1.08400e+003 -6.19215e+002  2.04214e+001  1.59067e+003
          1085  1.57144e+003  1.08500e+003 -6.19132e+002  2.04215e+001  1.59083e+003
          1086  1.57160e+003  1.08600e+003 -6.19801e+002  2.04215e+001  1.59100e+003
          1087  1.57175e+003  1.08700e+003 -6.20603e+002  2.04215e+001  1.59117e+003
          1088  1.57192e+003  1.08800e+003 -6.20037e+002  2.04214e+001  1.59133e+003
          1089  1.57207e+003  1.08900e+003 -6.19775e+002  2.04214e+001  1.59150e+003
          1090  1.57224e+003  1.09000e+003 -6.23572e+002  2.04214e+001  1.59167e+003
          1091  1.57239e+003  1.09100e+003 -6.34383e+002  2.04214e+001  1.59183e+003
          1092  1.57250e+003  1.09200e+003 -6.38691e+002  2.04214e+001  1.59200e+003
          1093  1.57265e+003  1.09300e+003 -6.36412e+002  2.04213e+001  1.59217e+003
          1094  1.57279e+003  1.09400e+003 -6.29805e+002  2.04213e+001  1.59233e+003
          1095  1.57296e+003  1.09500e+003 -6.24390e+002  2.04213e+001  1.59250e+003
          1096  1.57313e+003  1.09600e+003 -6.21222e+002  2.04213e+001  1.59267e+003
          1097  1.57328e+003  1.09700e+003 -6.21468e+002  2.04213e+001  1.59283e+003
          1098  1.57343e+003  1.09800e+003 -6.21874e+002  2.04213e+001  1.59300e+003
          1099  1.57359e+003  1.09900e+003 -6.22163e+002  2.04214e+001  1.59317e+003
          1100  1.57376e+003  1.10000e+003 -6.21745e+002  2.04214e+001  1.59333e+003
          1101  1.57391e+003  1.10100e+003 -6.21635e+002  2.04214e+001  1.59350e+003
          1102  1.57407e+003  1.10200e+003 -6.22989e+002  2.04214e+001  1.59367e+003
          1103  1.57423e+003  1.10300e+003 -6.26158e+002  2.04214e+001  1.59383e+003
          1104  1.57437e+003  1.10400e+003 -6.27175e+002  2.04213e+001  1.59400e+003
          1105  1.57453e+003  1.10500e+003 -6.24992e+002  2.04213e+001  1.59417e+003
          1106  1.57468e+003  1.10600e+003 -6.23779e+002  2.04213e+001  1.59433e+003
          1107  1.57485e+003  1.10700e+003 -6.25134e+002  2.04212e+001  1.59450e+003
          1108  1.57500e+003  1.10800e+003 -6.27883e+002  2.04212e+001  1.59467e+003
          1109  1.57515e+003  1.10900e+003 -6.27166e+002  2.04212e+001  1.59483e+003
          1110  1.57532e+003  1.11000e+003 -6.27416e+002  2.04212e+001  1.59500e+003
          1111  1.57547e+003  1.11100e+003 -6.26761e+002  2.04212e+001  1.59517e+003
          1112  1.57563e+003  1.11200e+003 -6.26691e+002  2.04212e+001  1.59533e+003
          1113  1.57578e+003  1.11300e+003 -6.26704e+002  2.04212e+001  1.59550e+003
          1114  1.57594e+003  1.11400e+003 -6.26819e+002  2.04212e+001  1.59567e+003
          1115  1.57610e+003  1.11500e+003 -6.31899e+002  2.04212e+001  1.59583e+003
          1116  1.57624e+003  1.11600e+003 -6.44451e+002  2.04212e+001  1.59600e+003
          1117  1.57637e+003  1.11700e+003 -6.33617e+002  2.04212e+001  1.59617e+003
          1118  1.57655e+003  1.11800e+003 -6.26445e+002  2.04212e+001  1.59633e+003
          1119  1.57671e+003  1.11900e+003 -6.25490e+002  2.04212e+001  1.59650e+003
          1120  1.57686e+003  1.12000e+003 -6.25660e+002  2.04212e+001  1.59667e+003
          1121  1.57702e+003  1.12100e+003 -6.26725e+002  2.04212e+001  1.59683e+003
          1122  1.57717e+003  1.12200e+003 -6.27992e+002  2.04212e+001  1.59700e+003
          1123  1.57733e+003  1.12300e+003 -6.28134e+002  2.04212e+001  1.59717e+003
          1124  1.57749e+003  1.12400e+003 -6.27437e+002  2.04212e+001  1.59733e+003
          1125  1.57765e+003  1.12500e+003 -6.28998e+002  2.04213e+001  1.59750e+003
          1126  1.57780e+003  1.12600e+003 -6.31410e+002  2.04213e+001  1.59767e+003
          1127  1.57795e+003  1.12700e+003 -6.33569e+002  2.04213e+001  1.59783e+003
          1128  1.57810e+003  1.12800e+003 -6.33774e+002  2.04213e+001  1.59800e+003
          1129  1.57826e+003  1.12900e+003 -6.32556e+002  2.04212e+001  1.59817e+003
          1130  1.57841e+003  1.13000e+003 -6.32012e+002  2.04212e+001  1.59833e+003
          1131  1.57857e+003  1.13100e+003 -6.31551e+002  2.04212e+001  1.59850e+003
          1132  1.57873e+003  1.13200e+003 -6.30921e+002  2.04212e+001  1.59867e+003
          1133  1.57888e+003  1.13300e+003 -6.32039e+002  2.04212e+001  1.59883e+003
          1134  1.57903e+003  1.13400e+003 -6.36726e+002  2.04212e+001  1.59900e+003
          1135  1.57918e+003  1.13500e+003 -6.42072e+002  2.04212e+001  1.59917e+003
          1136  1.57932e+003  1.13600e+003 -6.43841e+002  2.04212e+001  1.59933e+003
          1137  1.57946e+003  1.13700e+003 -6.42946e+002  2.04212e+001  1.59950e+003
          1138  1.57961e+003  1.13800e+003 -6.42278e+002  2.04212e+001  1.59967e+003
          1139  1.57977e+003  1.13900e+003 -6.24819e+002  2.04213e+001  1.59983e+003
]7[Pd RR Ar 50ml/min total calib
