         Index            Ts             t            HF        Weight            Tr
           [#]          [°C]           [s]          [mW]          [mg]          [°C]
             0  1.26606e+003  0.00000e+000 -5.48242e+002  2.04220e+001  1.27000e+003
             1  1.26621e+003  1.00000e+000 -5.47449e+002  2.04220e+001  1.27033e+003
             2  1.26660e+003  2.00000e+000 -5.47383e+002  2.04220e+001  1.27067e+003
             3  1.26685e+003  3.00000e+000 -5.49095e+002  2.04220e+001  1.27100e+003
             4  1.26713e+003  4.00000e+000 -5.49756e+002  2.04220e+001  1.27133e+003
             5  1.26742e+003  5.00000e+000 -5.49741e+002  2.04220e+001  1.27167e+003
             6  1.26771e+003  6.00000e+000 -5.49601e+002  2.04220e+001  1.27200e+003
             7  1.26802e+003  7.00000e+000 -5.49408e+002  2.04220e+001  1.27233e+003
             8  1.26834e+003  8.00000e+000 -5.49265e+002  2.04220e+001  1.27267e+003
             9  1.26868e+003  9.00000e+000 -5.49146e+002  2.04220e+001  1.27300e+003
            10  1.26900e+003  1.00000e+001 -5.49035e+002  2.04220e+001  1.27333e+003
            11  1.26935e+003  1.10000e+001 -5.48942e+002  2.04220e+001  1.27367e+003
            12  1.26969e+003  1.20000e+001 -5.48841e+002  2.04220e+001  1.27400e+003
            13  1.27003e+003  1.30000e+001 -5.48741e+002  2.04220e+001  1.27433e+003
            14  1.27039e+003  1.40000e+001 -5.48638e+002  2.04221e+001  1.27467e+003
            15  1.27074e+003  1.50000e+001 -5.48543e+002  2.04220e+001  1.27500e+003
            16  1.27110e+003  1.60000e+001 -5.48447e+002  2.04220e+001  1.27533e+003
            17  1.27145e+003  1.70000e+001 -5.48352e+002  2.04220e+001  1.27567e+003
            18  1.27180e+003  1.80000e+001 -5.48254e+002  2.04220e+001  1.27600e+003
            19  1.27215e+003  1.90000e+001 -5.48166e+002  2.04220e+001  1.27633e+003
            20  1.27251e+003  2.00000e+001 -5.48068e+002  2.04220e+001  1.27667e+003
            21  1.27287e+003  2.10000e+001 -5.47969e+002  2.04220e+001  1.27700e+003
            22  1.27321e+003  2.20000e+001 -5.47886e+002  2.04220e+001  1.27733e+003
            23  1.27356e+003  2.30000e+001 -5.47842e+002  2.04220e+001  1.27767e+003
            24  1.27391e+003  2.40000e+001 -5.47797e+002  2.04220e+001  1.27800e+003
            25  1.27426e+003  2.50000e+001 -5.47768e+002  2.04220e+001  1.27833e+003
            26  1.27461e+003  2.60000e+001 -5.47746e+002  2.04219e+001  1.27867e+003
            27  1.27495e+003  2.70000e+001 -5.47737e+002  2.04219e+001  1.27900e+003
            28  1.27530e+003  2.80000e+001 -5.47715e+002  2.04219e+001  1.27933e+003
            29  1.27564e+003  2.90000e+001 -5.47697e+002  2.04219e+001  1.27967e+003
            30  1.27598e+003  3.00000e+001 -5.47670e+002  2.04219e+001  1.28000e+003
            31  1.27633e+003  3.10000e+001 -5.47642e+002  2.04219e+001  1.28033e+003
            32  1.27666e+003  3.20000e+001 -5.47632e+002  2.04219e+001  1.28067e+003
            33  1.27700e+003  3.30000e+001 -5.47619e+002  2.04219e+001  1.28100e+003
            34  1.27733e+003  3.40000e+001 -5.47609e+002  2.04219e+001  1.28133e+003
            35  1.27767e+003  3.50000e+001 -5.47603e+002  2.04220e+001  1.28167e+003
            36  1.27800e+003  3.60000e+001 -5.47612e+002  2.04220e+001  1.28200e+003
            37  1.27834e+003  3.70000e+001 -5.47611e+002  2.04221e+001  1.28233e+003
            38  1.27867e+003  3.80000e+001 -5.47610e+002  2.04221e+001  1.28267e+003
            39  1.27901e+003  3.90000e+001 -5.47611e+002  2.04222e+001  1.28300e+003
            40  1.27934e+003  4.00000e+001 -5.47625e+002  2.04223e+001  1.28333e+003
            41  1.27967e+003  4.10000e+001 -5.47632e+002  2.04224e+001  1.28367e+003
            42  1.28000e+003  4.20000e+001 -5.47628e+002  2.04224e+001  1.28400e+003
            43  1.28033e+003  4.30000e+001 -5.47628e+002  2.04225e+001  1.28433e+003
            44  1.28066e+003  4.40000e+001 -5.47688e+002  2.04225e+001  1.28467e+003
            45  1.28098e+003  4.50000e+001 -5.47716e+002  2.04224e+001  1.28500e+003
            46  1.28131e+003  4.60000e+001 -5.47735e+002  2.04224e+001  1.28533e+003
            47  1.28164e+003  4.70000e+001 -5.47754e+002  2.04224e+001  1.28567e+003
            48  1.28197e+003  4.80000e+001 -5.47783e+002  2.04222e+001  1.28600e+003
            49  1.28230e+003  4.90000e+001 -5.47808e+002  2.04222e+001  1.28633e+003
            50  1.28262e+003  5.00000e+001 -5.47833e+002  2.04221e+001  1.28667e+003
            51  1.28294e+003  5.10000e+001 -5.47858e+002  2.04221e+001  1.28700e+003
            52  1.28327e+003  5.20000e+001 -5.47885e+002  2.04220e+001  1.28733e+003
            53  1.28359e+003  5.30000e+001 -5.47912e+002  2.04220e+001  1.28767e+003
            54  1.28392e+003  5.40000e+001 -5.47938e+002  2.04220e+001  1.28800e+003
            55  1.28424e+003  5.50000e+001 -5.47964e+002  2.04219e+001  1.28833e+003
            56  1.28457e+003  5.60000e+001 -5.47994e+002  2.04219e+001  1.28867e+003
            57  1.28489e+003  5.70000e+001 -5.48020e+002  2.04219e+001  1.28900e+003
            58  1.28522e+003  5.80000e+001 -5.48044e+002  2.04219e+001  1.28933e+003
            59  1.28554e+003  5.90000e+001 -5.48067e+002  2.04219e+001  1.28967e+003
            60  1.28587e+003  6.00000e+001 -5.48088e+002  2.04218e+001  1.29000e+003
            61  1.28619e+003  6.10000e+001 -5.48108e+002  2.04218e+001  1.29033e+003
            62  1.28651e+003  6.20000e+001 -5.48129e+002  2.04217e+001  1.29067e+003
            63  1.28683e+003  6.30000e+001 -5.48149e+002  2.04217e+001  1.29100e+003
            64  1.28716e+003  6.40000e+001 -5.48163e+002  2.04217e+001  1.29133e+003
            65  1.28748e+003  6.50000e+001 -5.48179e+002  2.04217e+001  1.29167e+003
            66  1.28780e+003  6.60000e+001 -5.48194e+002  2.04217e+001  1.29200e+003
            67  1.28812e+003  6.70000e+001 -5.48212e+002  2.04218e+001  1.29233e+003
            68  1.28845e+003  6.80000e+001 -5.48220e+002  2.04219e+001  1.29267e+003
            69  1.28877e+003  6.90000e+001 -5.48232e+002  2.04219e+001  1.29300e+003
            70  1.28909e+003  7.00000e+001 -5.48247e+002  2.04220e+001  1.29333e+003
            71  1.28941e+003  7.10000e+001 -5.48265e+002  2.04221e+001  1.29367e+003
            72  1.28974e+003  7.20000e+001 -5.48286e+002  2.04221e+001  1.29400e+003
            73  1.29005e+003  7.30000e+001 -5.48307e+002  2.04222e+001  1.29433e+003
            74  1.29038e+003  7.40000e+001 -5.48327e+002  2.04222e+001  1.29467e+003
            75  1.29070e+003  7.50000e+001 -5.48348e+002  2.04222e+001  1.29500e+003
            76  1.29102e+003  7.60000e+001 -5.48376e+002  2.04222e+001  1.29533e+003
            77  1.29135e+003  7.70000e+001 -5.48403e+002  2.04222e+001  1.29567e+003
            78  1.29166e+003  7.80000e+001 -5.48426e+002  2.04222e+001  1.29600e+003
            79  1.29199e+003  7.90000e+001 -5.48447e+002  2.04222e+001  1.29633e+003
            80  1.29231e+003  8.00000e+001 -5.48482e+002  2.04222e+001  1.29667e+003
            81  1.29263e+003  8.10000e+001 -5.48510e+002  2.04222e+001  1.29700e+003
            82  1.29295e+003  8.20000e+001 -5.48536e+002  2.04222e+001  1.29733e+003
            83  1.29327e+003  8.30000e+001 -5.48561e+002  2.04222e+001  1.29767e+003
            84  1.29360e+003  8.40000e+001 -5.48586e+002  2.04222e+001  1.29800e+003
            85  1.29392e+003  8.50000e+001 -5.48610e+002  2.04222e+001  1.29833e+003
            86  1.29424e+003  8.60000e+001 -5.48634e+002  2.04222e+001  1.29867e+003
            87  1.29456e+003  8.70000e+001 -5.48659e+002  2.04222e+001  1.29900e+003
            88  1.29488e+003  8.80000e+001 -5.48677e+002  2.04222e+001  1.29933e+003
            89  1.29520e+003  8.90000e+001 -5.48700e+002  2.04222e+001  1.29967e+003
            90  1.29552e+003  9.00000e+001 -5.48727e+002  2.04222e+001  1.30000e+003
            91  1.29584e+003  9.10000e+001 -5.48754e+002  2.04222e+001  1.30033e+003
            92  1.29616e+003  9.20000e+001 -5.48779e+002  2.04221e+001  1.30067e+003
            93  1.29648e+003  9.30000e+001 -5.48805e+002  2.04221e+001  1.30100e+003
            94  1.29680e+003  9.40000e+001 -5.48833e+002  2.04221e+001  1.30133e+003
            95  1.29712e+003  9.50000e+001 -5.48860e+002  2.04221e+001  1.30167e+003
            96  1.29744e+003  9.60000e+001 -5.48891e+002  2.04221e+001  1.30200e+003
            97  1.29776e+003  9.70000e+001 -5.48919e+002  2.04221e+001  1.30233e+003
            98  1.29809e+003  9.80000e+001 -5.48946e+002  2.04221e+001  1.30267e+003
            99  1.29841e+003  9.90000e+001 -5.48975e+002  2.04221e+001  1.30300e+003
           100  1.29873e+003  1.00000e+002 -5.49005e+002  2.04221e+001  1.30333e+003
           101  1.29905e+003  1.01000e+002 -5.49033e+002  2.04221e+001  1.30367e+003
           102  1.29938e+003  1.02000e+002 -5.49060e+002  2.04221e+001  1.30400e+003
           103  1.29969e+003  1.03000e+002 -5.49086e+002  2.04220e+001  1.30433e+003
           104  1.30001e+003  1.04000e+002 -5.49113e+002  2.04220e+001  1.30467e+003
           105  1.30033e+003  1.05000e+002 -5.49142e+002  2.04220e+001  1.30500e+003
           106  1.30066e+003  1.06000e+002 -5.49169e+002  2.04220e+001  1.30533e+003
           107  1.30098e+003  1.07000e+002 -5.49197e+002  2.04220e+001  1.30567e+003
           108  1.30130e+003  1.08000e+002 -5.49222e+002  2.04220e+001  1.30600e+003
           109  1.30162e+003  1.09000e+002 -5.49249e+002  2.04220e+001  1.30633e+003
           110  1.30194e+003  1.10000e+002 -5.49276e+002  2.04220e+001  1.30667e+003
           111  1.30226e+003  1.11000e+002 -5.49302e+002  2.04220e+001  1.30700e+003
           112  1.30259e+003  1.12000e+002 -5.49333e+002  2.04221e+001  1.30733e+003
           113  1.30291e+003  1.13000e+002 -5.49360e+002  2.04221e+001  1.30767e+003
           114  1.30322e+003  1.14000e+002 -5.49385e+002  2.04222e+001  1.30800e+003
           115  1.30355e+003  1.15000e+002 -5.49411e+002  2.04222e+001  1.30833e+003
           116  1.30387e+003  1.16000e+002 -5.49437e+002  2.04222e+001  1.30867e+003
           117  1.30419e+003  1.17000e+002 -5.49465e+002  2.04223e+001  1.30900e+003
           118  1.30452e+003  1.18000e+002 -5.49493e+002  2.04223e+001  1.30933e+003
           119  1.30483e+003  1.19000e+002 -5.49523e+002  2.04223e+001  1.30967e+003
           120  1.30516e+003  1.20000e+002 -5.49552e+002  2.04223e+001  1.31000e+003
           121  1.30548e+003  1.21000e+002 -5.49578e+002  2.04223e+001  1.31033e+003
           122  1.30580e+003  1.22000e+002 -5.49606e+002  2.04223e+001  1.31067e+003
           123  1.30612e+003  1.23000e+002 -5.49637e+002  2.04224e+001  1.31100e+003
           124  1.30644e+003  1.24000e+002 -5.49667e+002  2.04224e+001  1.31133e+003
           125  1.30676e+003  1.25000e+002 -5.49693e+002  2.04224e+001  1.31167e+003
           126  1.30708e+003  1.26000e+002 -5.49717e+002  2.04224e+001  1.31200e+003
           127  1.30740e+003  1.27000e+002 -5.49740e+002  2.04224e+001  1.31233e+003
           128  1.30773e+003  1.28000e+002 -5.49760e+002  2.04223e+001  1.31267e+003
           129  1.30804e+003  1.29000e+002 -5.49780e+002  2.04223e+001  1.31300e+003
           130  1.30836e+003  1.30000e+002 -5.49802e+002  2.04222e+001  1.31333e+003
           131  1.30869e+003  1.31000e+002 -5.49825e+002  2.04222e+001  1.31367e+003
           132  1.30901e+003  1.32000e+002 -5.49849e+002  2.04222e+001  1.31400e+003
           133  1.30933e+003  1.33000e+002 -5.49860e+002  2.04221e+001  1.31433e+003
           134  1.30965e+003  1.34000e+002 -5.49876e+002  2.04221e+001  1.31467e+003
           135  1.30997e+003  1.35000e+002 -5.49893e+002  2.04221e+001  1.31500e+003
           136  1.31029e+003  1.36000e+002 -5.49912e+002  2.04221e+001  1.31533e+003
           137  1.31062e+003  1.37000e+002 -5.49926e+002  2.04222e+001  1.31567e+003
           138  1.31093e+003  1.38000e+002 -5.49940e+002  2.04222e+001  1.31600e+003
           139  1.31126e+003  1.39000e+002 -5.49957e+002  2.04222e+001  1.31633e+003
           140  1.31158e+003  1.40000e+002 -5.49973e+002  2.04223e+001  1.31667e+003
           141  1.31189e+003  1.41000e+002 -5.49986e+002  2.04223e+001  1.31700e+003
           142  1.31222e+003  1.42000e+002 -5.50000e+002  2.04224e+001  1.31733e+003
           143  1.31254e+003  1.43000e+002 -5.50015e+002  2.04224e+001  1.31767e+003
           144  1.31286e+003  1.44000e+002 -5.50030e+002  2.04224e+001  1.31800e+003
           145  1.31318e+003  1.45000e+002 -5.50046e+002  2.04224e+001  1.31833e+003
           146  1.31350e+003  1.46000e+002 -5.50062e+002  2.04225e+001  1.31867e+003
           147  1.31382e+003  1.47000e+002 -5.50076e+002  2.04225e+001  1.31900e+003
           148  1.31415e+003  1.48000e+002 -5.50091e+002  2.04225e+001  1.31933e+003
           149  1.31447e+003  1.49000e+002 -5.50108e+002  2.04225e+001  1.31967e+003
           150  1.31479e+003  1.50000e+002 -5.50127e+002  2.04226e+001  1.32000e+003
           151  1.31511e+003  1.51000e+002 -5.50145e+002  2.04226e+001  1.32033e+003
           152  1.31543e+003  1.52000e+002 -5.50165e+002  2.04226e+001  1.32067e+003
           153  1.31575e+003  1.53000e+002 -5.50186e+002  2.04226e+001  1.32100e+003
           154  1.31607e+003  1.54000e+002 -5.50208e+002  2.04225e+001  1.32133e+003
           155  1.31639e+003  1.55000e+002 -5.50231e+002  2.04225e+001  1.32167e+003
           156  1.31671e+003  1.56000e+002 -5.50254e+002  2.04225e+001  1.32200e+003
           157  1.31704e+003  1.57000e+002 -5.50285e+002  2.04224e+001  1.32233e+003
           158  1.31736e+003  1.58000e+002 -5.50311e+002  2.04224e+001  1.32267e+003
           159  1.31767e+003  1.59000e+002 -5.50333e+002  2.04224e+001  1.32300e+003
           160  1.31800e+003  1.60000e+002 -5.50356e+002  2.04223e+001  1.32333e+003
           161  1.31832e+003  1.61000e+002 -5.50380e+002  2.04223e+001  1.32367e+003
           162  1.31864e+003  1.62000e+002 -5.50402e+002  2.04222e+001  1.32400e+003
           163  1.31897e+003  1.63000e+002 -5.50423e+002  2.04222e+001  1.32433e+003
           164  1.31929e+003  1.64000e+002 -5.50443e+002  2.04222e+001  1.32467e+003
           165  1.31961e+003  1.65000e+002 -5.50467e+002  2.04221e+001  1.32500e+003
           166  1.31993e+003  1.66000e+002 -5.50489e+002  2.04221e+001  1.32533e+003
           167  1.32025e+003  1.67000e+002 -5.50511e+002  2.04221e+001  1.32567e+003
           168  1.32057e+003  1.68000e+002 -5.50532e+002  2.04221e+001  1.32600e+003
           169  1.32089e+003  1.69000e+002 -5.50549e+002  2.04221e+001  1.32633e+003
           170  1.32121e+003  1.70000e+002 -5.50569e+002  2.04221e+001  1.32667e+003
           171  1.32154e+003  1.71000e+002 -5.50588e+002  2.04221e+001  1.32700e+003
           172  1.32186e+003  1.72000e+002 -5.50606e+002  2.04221e+001  1.32733e+003
           173  1.32218e+003  1.73000e+002 -5.50621e+002  2.04221e+001  1.32767e+003
           174  1.32250e+003  1.74000e+002 -5.50636e+002  2.04221e+001  1.32800e+003
           175  1.32282e+003  1.75000e+002 -5.50650e+002  2.04221e+001  1.32833e+003
           176  1.32314e+003  1.76000e+002 -5.50662e+002  2.04221e+001  1.32867e+003
           177  1.32347e+003  1.77000e+002 -5.50667e+002  2.04221e+001  1.32900e+003
           178  1.32378e+003  1.78000e+002 -5.50680e+002  2.04221e+001  1.32933e+003
           179  1.32411e+003  1.79000e+002 -5.50695e+002  2.04221e+001  1.32967e+003
           180  1.32443e+003  1.80000e+002 -5.50709e+002  2.04221e+001  1.33000e+003
           181  1.32475e+003  1.81000e+002 -5.50716e+002  2.04221e+001  1.33033e+003
           182  1.32507e+003  1.82000e+002 -5.50728e+002  2.04221e+001  1.33067e+003
           183  1.32539e+003  1.83000e+002 -5.50739e+002  2.04222e+001  1.33100e+003
           184  1.32571e+003  1.84000e+002 -5.50749e+002  2.04222e+001  1.33133e+003
           185  1.32604e+003  1.85000e+002 -5.50758e+002  2.04223e+001  1.33167e+003
           186  1.32636e+003  1.86000e+002 -5.50771e+002  2.04223e+001  1.33200e+003
           187  1.32668e+003  1.87000e+002 -5.50784e+002  2.04224e+001  1.33233e+003
           188  1.32700e+003  1.88000e+002 -5.50799e+002  2.04224e+001  1.33267e+003
           189  1.32732e+003  1.89000e+002 -5.50817e+002  2.04225e+001  1.33300e+003
           190  1.32765e+003  1.90000e+002 -5.50833e+002  2.04225e+001  1.33333e+003
           191  1.32796e+003  1.91000e+002 -5.50848e+002  2.04226e+001  1.33367e+003
           192  1.32829e+003  1.92000e+002 -5.50862e+002  2.04226e+001  1.33400e+003
           193  1.32861e+003  1.93000e+002 -5.50873e+002  2.04226e+001  1.33433e+003
           194  1.32893e+003  1.94000e+002 -5.50890e+002  2.04226e+001  1.33467e+003
           195  1.32925e+003  1.95000e+002 -5.50907e+002  2.04226e+001  1.33500e+003
           196  1.32958e+003  1.96000e+002 -5.50924e+002  2.04226e+001  1.33533e+003
           197  1.32989e+003  1.97000e+002 -5.50943e+002  2.04226e+001  1.33567e+003
           198  1.33022e+003  1.98000e+002 -5.50962e+002  2.04226e+001  1.33600e+003
           199  1.33053e+003  1.99000e+002 -5.50978e+002  2.04226e+001  1.33633e+003
           200  1.33086e+003  2.00000e+002 -5.50994e+002  2.04226e+001  1.33667e+003
           201  1.33118e+003  2.01000e+002 -5.51008e+002  2.04226e+001  1.33700e+003
           202  1.33150e+003  2.02000e+002 -5.51018e+002  2.04225e+001  1.33733e+003
           203  1.33182e+003  2.03000e+002 -5.51031e+002  2.04225e+001  1.33767e+003
           204  1.33214e+003  2.04000e+002 -5.51045e+002  2.04225e+001  1.33800e+003
           205  1.33246e+003  2.05000e+002 -5.51060e+002  2.04224e+001  1.33833e+003
           206  1.33278e+003  2.06000e+002 -5.51079e+002  2.04224e+001  1.33867e+003
           207  1.33310e+003  2.07000e+002 -5.51096e+002  2.04224e+001  1.33900e+003
           208  1.33343e+003  2.08000e+002 -5.51114e+002  2.04224e+001  1.33933e+003
           209  1.33375e+003  2.09000e+002 -5.51134e+002  2.04224e+001  1.33967e+003
           210  1.33406e+003  2.10000e+002 -5.51147e+002  2.04224e+001  1.34000e+003
           211  1.33439e+003  2.11000e+002 -5.51160e+002  2.04224e+001  1.34033e+003
           212  1.33471e+003  2.12000e+002 -5.51174e+002  2.04224e+001  1.34067e+003
           213  1.33503e+003  2.13000e+002 -5.51190e+002  2.04224e+001  1.34100e+003
           214  1.33535e+003  2.14000e+002 -5.51220e+002  2.04224e+001  1.34133e+003
           215  1.33567e+003  2.15000e+002 -5.51242e+002  2.04224e+001  1.34167e+003
           216  1.33600e+003  2.16000e+002 -5.51260e+002  2.04224e+001  1.34200e+003
           217  1.33632e+003  2.17000e+002 -5.51279e+002  2.04224e+001  1.34233e+003
           218  1.33664e+003  2.18000e+002 -5.51295e+002  2.04224e+001  1.34267e+003
           219  1.33696e+003  2.19000e+002 -5.51313e+002  2.04224e+001  1.34300e+003
           220  1.33728e+003  2.20000e+002 -5.51332e+002  2.04224e+001  1.34333e+003
           221  1.33760e+003  2.21000e+002 -5.51351e+002  2.04224e+001  1.34367e+003
           222  1.33792e+003  2.22000e+002 -5.51375e+002  2.04224e+001  1.34400e+003
           223  1.33824e+003  2.23000e+002 -5.51398e+002  2.04224e+001  1.34433e+003
           224  1.33856e+003  2.24000e+002 -5.51418e+002  2.04224e+001  1.34467e+003
           225  1.33888e+003  2.25000e+002 -5.51440e+002  2.04224e+001  1.34500e+003
           226  1.33920e+003  2.26000e+002 -5.51460e+002  2.04224e+001  1.34533e+003
           227  1.33952e+003  2.27000e+002 -5.51479e+002  2.04225e+001  1.34567e+003
           228  1.33984e+003  2.28000e+002 -5.51499e+002  2.04225e+001  1.34600e+003
           229  1.34016e+003  2.29000e+002 -5.51517e+002  2.04225e+001  1.34633e+003
           230  1.34048e+003  2.30000e+002 -5.51540e+002  2.04225e+001  1.34667e+003
           231  1.34080e+003  2.31000e+002 -5.51559e+002  2.04225e+001  1.34700e+003
           232  1.34112e+003  2.32000e+002 -5.51577e+002  2.04225e+001  1.34733e+003
           233  1.34144e+003  2.33000e+002 -5.51596e+002  2.04225e+001  1.34767e+003
           234  1.34177e+003  2.34000e+002 -5.51611e+002  2.04224e+001  1.34800e+003
           235  1.34209e+003  2.35000e+002 -5.51629e+002  2.04224e+001  1.34833e+003
           236  1.34240e+003  2.36000e+002 -5.51649e+002  2.04224e+001  1.34867e+003
           237  1.34273e+003  2.37000e+002 -5.51672e+002  2.04224e+001  1.34900e+003
           238  1.34305e+003  2.38000e+002 -5.51688e+002  2.04224e+001  1.34933e+003
           239  1.34337e+003  2.39000e+002 -5.51704e+002  2.04224e+001  1.34967e+003
           240  1.34369e+003  2.40000e+002 -5.51723e+002  2.04224e+001  1.35000e+003
           241  1.34401e+003  2.41000e+002 -5.51742e+002  2.04224e+001  1.35033e+003
           242  1.34433e+003  2.42000e+002 -5.51761e+002  2.04223e+001  1.35067e+003
           243  1.34466e+003  2.43000e+002 -5.51777e+002  2.04223e+001  1.35100e+003
           244  1.34498e+003  2.44000e+002 -5.51796e+002  2.04223e+001  1.35133e+003
           245  1.34529e+003  2.45000e+002 -5.51815e+002  2.04222e+001  1.35167e+003
           246  1.34561e+003  2.46000e+002 -5.51830e+002  2.04222e+001  1.35200e+003
           247  1.34594e+003  2.47000e+002 -5.51847e+002  2.04222e+001  1.35233e+003
           248  1.34626e+003  2.48000e+002 -5.51866e+002  2.04222e+001  1.35267e+003
           249  1.34658e+003  2.49000e+002 -5.51886e+002  2.04222e+001  1.35300e+003
           250  1.34690e+003  2.50000e+002 -5.51903e+002  2.04222e+001  1.35333e+003
           251  1.34722e+003  2.51000e+002 -5.51921e+002  2.04223e+001  1.35367e+003
           252  1.34754e+003  2.52000e+002 -5.51940e+002  2.04223e+001  1.35400e+003
           253  1.34786e+003  2.53000e+002 -5.51961e+002  2.04223e+001  1.35433e+003
           254  1.34818e+003  2.54000e+002 -5.51992e+002  2.04223e+001  1.35467e+003
           255  1.34851e+003  2.55000e+002 -5.52015e+002  2.04223e+001  1.35500e+003
           256  1.34883e+003  2.56000e+002 -5.52033e+002  2.04223e+001  1.35533e+003
           257  1.34914e+003  2.57000e+002 -5.52049e+002  2.04223e+001  1.35567e+003
           258  1.34947e+003  2.58000e+002 -5.52074e+002  2.04222e+001  1.35600e+003
           259  1.34979e+003  2.59000e+002 -5.52094e+002  2.04222e+001  1.35633e+003
           260  1.35011e+003  2.60000e+002 -5.52114e+002  2.04222e+001  1.35667e+003
           261  1.35043e+003  2.61000e+002 -5.52135e+002  2.04222e+001  1.35700e+003
           262  1.35075e+003  2.62000e+002 -5.52154e+002  2.04222e+001  1.35733e+003
           263  1.35107e+003  2.63000e+002 -5.52171e+002  2.04222e+001  1.35767e+003
           264  1.35139e+003  2.64000e+002 -5.52188e+002  2.04222e+001  1.35800e+003
           265  1.35171e+003  2.65000e+002 -5.52208e+002  2.04222e+001  1.35833e+003
           266  1.35203e+003  2.66000e+002 -5.52223e+002  2.04223e+001  1.35867e+003
           267  1.35235e+003  2.67000e+002 -5.52241e+002  2.04223e+001  1.35900e+003
           268  1.35267e+003  2.68000e+002 -5.52260e+002  2.04223e+001  1.35933e+003
           269  1.35299e+003  2.69000e+002 -5.52279e+002  2.04223e+001  1.35967e+003
           270  1.35331e+003  2.70000e+002 -5.52302e+002  2.04224e+001  1.36000e+003
           271  1.35363e+003  2.71000e+002 -5.52321e+002  2.04224e+001  1.36033e+003
           272  1.35395e+003  2.72000e+002 -5.52338e+002  2.04224e+001  1.36067e+003
           273  1.35427e+003  2.73000e+002 -5.52353e+002  2.04224e+001  1.36100e+003
           274  1.35459e+003  2.74000e+002 -5.52370e+002  2.04224e+001  1.36133e+003
           275  1.35491e+003  2.75000e+002 -5.52388e+002  2.04224e+001  1.36167e+003
           276  1.35523e+003  2.76000e+002 -5.52409e+002  2.04224e+001  1.36200e+003
           277  1.35555e+003  2.77000e+002 -5.52428e+002  2.04224e+001  1.36233e+003
           278  1.35588e+003  2.78000e+002 -5.52438e+002  2.04224e+001  1.36267e+003
           279  1.35619e+003  2.79000e+002 -5.52457e+002  2.04224e+001  1.36300e+003
           280  1.35651e+003  2.80000e+002 -5.52476e+002  2.04224e+001  1.36333e+003
           281  1.35684e+003  2.81000e+002 -5.52495e+002  2.04224e+001  1.36367e+003
           282  1.35716e+003  2.82000e+002 -5.52509e+002  2.04224e+001  1.36400e+003
           283  1.35747e+003  2.83000e+002 -5.52522e+002  2.04224e+001  1.36433e+003
           284  1.35780e+003  2.84000e+002 -5.52534e+002  2.04224e+001  1.36467e+003
           285  1.35812e+003  2.85000e+002 -5.52546e+002  2.04224e+001  1.36500e+003
           286  1.35844e+003  2.86000e+002 -5.52559e+002  2.04224e+001  1.36533e+003
           287  1.35876e+003  2.87000e+002 -5.52575e+002  2.04223e+001  1.36567e+003
           288  1.35908e+003  2.88000e+002 -5.52589e+002  2.04222e+001  1.36600e+003
           289  1.35940e+003  2.89000e+002 -5.52602e+002  2.04221e+001  1.36633e+003
           290  1.35972e+003  2.90000e+002 -5.52615e+002  2.04220e+001  1.36667e+003
           291  1.36004e+003  2.91000e+002 -5.52618e+002  2.04219e+001  1.36700e+003
           292  1.36037e+003  2.92000e+002 -5.52627e+002  2.04218e+001  1.36733e+003
           293  1.36069e+003  2.93000e+002 -5.52638e+002  2.04218e+001  1.36767e+003
           294  1.36101e+003  2.94000e+002 -5.52649e+002  2.04218e+001  1.36800e+003
           295  1.36133e+003  2.95000e+002 -5.52672e+002  2.04219e+001  1.36833e+003
           296  1.36165e+003  2.96000e+002 -5.52694e+002  2.04220e+001  1.36867e+003
           297  1.36197e+003  2.97000e+002 -5.52712e+002  2.04221e+001  1.36900e+003
           298  1.36229e+003  2.98000e+002 -5.52730e+002  2.04222e+001  1.36933e+003
           299  1.36261e+003  2.99000e+002 -5.52747e+002  2.04223e+001  1.36967e+003
           300  1.36293e+003  3.00000e+002 -5.52764e+002  2.04224e+001  1.37000e+003
           301  1.36326e+003  3.01000e+002 -5.52781e+002  2.04224e+001  1.37033e+003
           302  1.36357e+003  3.02000e+002 -5.52799e+002  2.04225e+001  1.37067e+003
           303  1.36389e+003  3.03000e+002 -5.52821e+002  2.04225e+001  1.37100e+003
           304  1.36421e+003  3.04000e+002 -5.52840e+002  2.04225e+001  1.37133e+003
           305  1.36453e+003  3.05000e+002 -5.52854e+002  2.04225e+001  1.37167e+003
           306  1.36485e+003  3.06000e+002 -5.52864e+002  2.04225e+001  1.37200e+003
           307  1.36517e+003  3.07000e+002 -5.52865e+002  2.04224e+001  1.37233e+003
           308  1.36549e+003  3.08000e+002 -5.52876e+002  2.04224e+001  1.37267e+003
           309  1.36581e+003  3.09000e+002 -5.52891e+002  2.04224e+001  1.37300e+003
           310  1.36614e+003  3.10000e+002 -5.52906e+002  2.04224e+001  1.37333e+003
           311  1.36646e+003  3.11000e+002 -5.52913e+002  2.04224e+001  1.37367e+003
           312  1.36678e+003  3.12000e+002 -5.52925e+002  2.04225e+001  1.37400e+003
           313  1.36710e+003  3.13000e+002 -5.52938e+002  2.04225e+001  1.37433e+003
           314  1.36742e+003  3.14000e+002 -5.52952e+002  2.04225e+001  1.37467e+003
           315  1.36774e+003  3.15000e+002 -5.52963e+002  2.04226e+001  1.37500e+003
           316  1.36806e+003  3.16000e+002 -5.52976e+002  2.04226e+001  1.37533e+003
           317  1.36838e+003  3.17000e+002 -5.52991e+002  2.04226e+001  1.37567e+003
           318  1.36870e+003  3.18000e+002 -5.53006e+002  2.04227e+001  1.37600e+003
           319  1.36901e+003  3.19000e+002 -5.53032e+002  2.04227e+001  1.37633e+003
           320  1.36934e+003  3.20000e+002 -5.53049e+002  2.04228e+001  1.37667e+003
           321  1.36966e+003  3.21000e+002 -5.53060e+002  2.04228e+001  1.37700e+003
           322  1.36997e+003  3.22000e+002 -5.53070e+002  2.04229e+001  1.37733e+003
           323  1.37030e+003  3.23000e+002 -5.53084e+002  2.04230e+001  1.37767e+003
           324  1.37062e+003  3.24000e+002 -5.53100e+002  2.04230e+001  1.37800e+003
           325  1.37094e+003  3.25000e+002 -5.53114e+002  2.04230e+001  1.37833e+003
           326  1.37126e+003  3.26000e+002 -5.53128e+002  2.04230e+001  1.37867e+003
           327  1.37158e+003  3.27000e+002 -5.53138e+002  2.04230e+001  1.37900e+003
           328  1.37190e+003  3.28000e+002 -5.53153e+002  2.04230e+001  1.37933e+003
           329  1.37222e+003  3.29000e+002 -5.53168e+002  2.04230e+001  1.37967e+003
           330  1.37254e+003  3.30000e+002 -5.53181e+002  2.04229e+001  1.38000e+003
           331  1.37286e+003  3.31000e+002 -5.53197e+002  2.04228e+001  1.38033e+003
           332  1.37318e+003  3.32000e+002 -5.53213e+002  2.04228e+001  1.38067e+003
           333  1.37350e+003  3.33000e+002 -5.53229e+002  2.04227e+001  1.38100e+003
           334  1.37382e+003  3.34000e+002 -5.53245e+002  2.04227e+001  1.38133e+003
           335  1.37414e+003  3.35000e+002 -5.53270e+002  2.04226e+001  1.38167e+003
           336  1.37446e+003  3.36000e+002 -5.53297e+002  2.04225e+001  1.38200e+003
           337  1.37479e+003  3.37000e+002 -5.53323e+002  2.04225e+001  1.38233e+003
           338  1.37510e+003  3.38000e+002 -5.53350e+002  2.04225e+001  1.38267e+003
           339  1.37542e+003  3.39000e+002 -5.53383e+002  2.04224e+001  1.38300e+003
           340  1.37574e+003  3.40000e+002 -5.53410e+002  2.04224e+001  1.38333e+003
           341  1.37606e+003  3.41000e+002 -5.53432e+002  2.04224e+001  1.38367e+003
           342  1.37639e+003  3.42000e+002 -5.53447e+002  2.04223e+001  1.38400e+003
           343  1.37671e+003  3.43000e+002 -5.53482e+002  2.04223e+001  1.38433e+003
           344  1.37703e+003  3.44000e+002 -5.53517e+002  2.04223e+001  1.38467e+003
           345  1.37734e+003  3.45000e+002 -5.53559e+002  2.04222e+001  1.38500e+003
           346  1.37766e+003  3.46000e+002 -5.53594e+002  2.04222e+001  1.38533e+003
           347  1.37798e+003  3.47000e+002 -5.53627e+002  2.04221e+001  1.38567e+003
           348  1.37830e+003  3.48000e+002 -5.53659e+002  2.04220e+001  1.38600e+003
           349  1.37862e+003  3.49000e+002 -5.53647e+002  2.04220e+001  1.38633e+003
           350  1.37895e+003  3.50000e+002 -5.53558e+002  2.04219e+001  1.38667e+003
           351  1.37927e+003  3.51000e+002 -5.53467e+002  2.04219e+001  1.38700e+003
           352  1.37958e+003  3.52000e+002 -5.53427e+002  2.04218e+001  1.38733e+003
           353  1.37991e+003  3.53000e+002 -5.53385e+002  2.04218e+001  1.38767e+003
           354  1.38023e+003  3.54000e+002 -5.53334e+002  2.04218e+001  1.38800e+003
           355  1.38055e+003  3.55000e+002 -5.53285e+002  2.04219e+001  1.38833e+003
           356  1.38086e+003  3.56000e+002 -5.53315e+002  2.04219e+001  1.38867e+003
           357  1.38118e+003  3.57000e+002 -5.53315e+002  2.04220e+001  1.38900e+003
           358  1.38150e+003  3.58000e+002 -5.53331e+002  2.04221e+001  1.38933e+003
           359  1.38182e+003  3.59000e+002 -5.53352e+002  2.04221e+001  1.38967e+003
           360  1.38214e+003  3.60000e+002 -5.53390e+002  2.04222e+001  1.39000e+003
           361  1.38247e+003  3.61000e+002 -5.53413e+002  2.04223e+001  1.39033e+003
           362  1.38278e+003  3.62000e+002 -5.53431e+002  2.04223e+001  1.39067e+003
           363  1.38310e+003  3.63000e+002 -5.53452e+002  2.04224e+001  1.39100e+003
           364  1.38343e+003  3.64000e+002 -5.53488e+002  2.04224e+001  1.39133e+003
           365  1.38374e+003  3.65000e+002 -5.53519e+002  2.04224e+001  1.39167e+003
           366  1.38406e+003  3.66000e+002 -5.53550e+002  2.04223e+001  1.39200e+003
           367  1.38438e+003  3.67000e+002 -5.53583e+002  2.04223e+001  1.39233e+003
           368  1.38470e+003  3.68000e+002 -5.53624e+002  2.04223e+001  1.39267e+003
           369  1.38503e+003  3.69000e+002 -5.53661e+002  2.04223e+001  1.39300e+003
           370  1.38535e+003  3.70000e+002 -5.53697e+002  2.04223e+001  1.39333e+003
           371  1.38566e+003  3.71000e+002 -5.53734e+002  2.04223e+001  1.39367e+003
           372  1.38598e+003  3.72000e+002 -5.53783e+002  2.04222e+001  1.39400e+003
           373  1.38630e+003  3.73000e+002 -5.53820e+002  2.04222e+001  1.39433e+003
           374  1.38662e+003  3.74000e+002 -5.53855e+002  2.04222e+001  1.39467e+003
           375  1.38694e+003  3.75000e+002 -5.53894e+002  2.04222e+001  1.39500e+003
           376  1.38726e+003  3.76000e+002 -5.53931e+002  2.04221e+001  1.39533e+003
           377  1.38758e+003  3.77000e+002 -5.53972e+002  2.04221e+001  1.39567e+003
           378  1.38790e+003  3.78000e+002 -5.54010e+002  2.04220e+001  1.39600e+003
           379  1.38822e+003  3.79000e+002 -5.54046e+002  2.04220e+001  1.39633e+003
           380  1.38854e+003  3.80000e+002 -5.54075e+002  2.04220e+001  1.39667e+003
           381  1.38886e+003  3.81000e+002 -5.54105e+002  2.04220e+001  1.39700e+003
           382  1.38918e+003  3.82000e+002 -5.54136e+002  2.04219e+001  1.39733e+003
           383  1.38951e+003  3.83000e+002 -5.54171e+002  2.04219e+001  1.39767e+003
           384  1.38982e+003  3.84000e+002 -5.54207e+002  2.04219e+001  1.39800e+003
           385  1.39014e+003  3.85000e+002 -5.54238e+002  2.04219e+001  1.39833e+003
           386  1.39046e+003  3.86000e+002 -5.54267e+002  2.04219e+001  1.39867e+003
           387  1.39079e+003  3.87000e+002 -5.54296e+002  2.04219e+001  1.39900e+003
           388  1.39111e+003  3.88000e+002 -5.54320e+002  2.04219e+001  1.39933e+003
           389  1.39143e+003  3.89000e+002 -5.54352e+002  2.04219e+001  1.39967e+003
           390  1.39175e+003  3.90000e+002 -5.54390e+002  2.04219e+001  1.40000e+003
           391  1.39207e+003  3.91000e+002 -5.54434e+002  2.04219e+001  1.40033e+003
           392  1.39238e+003  3.92000e+002 -5.54484e+002  2.04219e+001  1.40067e+003
           393  1.39271e+003  3.93000e+002 -5.54515e+002  2.04219e+001  1.40100e+003
           394  1.39303e+003  3.94000e+002 -5.54544e+002  2.04219e+001  1.40133e+003
           395  1.39335e+003  3.95000e+002 -5.54564e+002  2.04219e+001  1.40167e+003
           396  1.39366e+003  3.96000e+002 -5.54632e+002  2.04219e+001  1.40200e+003
           397  1.39399e+003  3.97000e+002 -5.54691e+002  2.04219e+001  1.40233e+003
           398  1.39431e+003  3.98000e+002 -5.54764e+002  2.04219e+001  1.40267e+003
           399  1.39463e+003  3.99000e+002 -5.54829e+002  2.04219e+001  1.40300e+003
           400  1.39495e+003  4.00000e+002 -5.54941e+002  2.04219e+001  1.40333e+003
           401  1.39526e+003  4.01000e+002 -5.55003e+002  2.04220e+001  1.40367e+003
           402  1.39558e+003  4.02000e+002 -5.54976e+002  2.04220e+001  1.40400e+003
           403  1.39590e+003  4.03000e+002 -5.54941e+002  2.04220e+001  1.40433e+003
           404  1.39622e+003  4.04000e+002 -5.54885e+002  2.04221e+001  1.40467e+003
           405  1.39655e+003  4.05000e+002 -5.54872e+002  2.04221e+001  1.40500e+003
           406  1.39687e+003  4.06000e+002 -5.54877e+002  2.04222e+001  1.40533e+003
           407  1.39718e+003  4.07000e+002 -5.54885e+002  2.04222e+001  1.40567e+003
           408  1.39751e+003  4.08000e+002 -5.54898e+002  2.04222e+001  1.40600e+003
           409  1.39783e+003  4.09000e+002 -5.54906e+002  2.04222e+001  1.40633e+003
           410  1.39815e+003  4.10000e+002 -5.54906e+002  2.04222e+001  1.40667e+003
           411  1.39847e+003  4.11000e+002 -5.54914e+002  2.04222e+001  1.40700e+003
           412  1.39879e+003  4.12000e+002 -5.54945e+002  2.04221e+001  1.40733e+003
           413  1.39910e+003  4.13000e+002 -5.54966e+002  2.04221e+001  1.40767e+003
           414  1.39943e+003  4.14000e+002 -5.54989e+002  2.04221e+001  1.40800e+003
           415  1.39975e+003  4.15000e+002 -5.55010e+002  2.04221e+001  1.40833e+003
           416  1.40007e+003  4.16000e+002 -5.55037e+002  2.04221e+001  1.40867e+003
           417  1.40038e+003  4.17000e+002 -5.55059e+002  2.04221e+001  1.40900e+003
           418  1.40070e+003  4.18000e+002 -5.55080e+002  2.04220e+001  1.40933e+003
           419  1.40102e+003  4.19000e+002 -5.55103e+002  2.04220e+001  1.40967e+003
           420  1.40134e+003  4.20000e+002 -5.55135e+002  2.04219e+001  1.41000e+003
           421  1.40166e+003  4.21000e+002 -5.55160e+002  2.04219e+001  1.41033e+003
           422  1.40198e+003  4.22000e+002 -5.55188e+002  2.04218e+001  1.41067e+003
           423  1.40230e+003  4.23000e+002 -5.55218e+002  2.04218e+001  1.41100e+003
           424  1.40262e+003  4.24000e+002 -5.55236e+002  2.04217e+001  1.41133e+003
           425  1.40295e+003  4.25000e+002 -5.55259e+002  2.04216e+001  1.41167e+003
           426  1.40326e+003  4.26000e+002 -5.55285e+002  2.04216e+001  1.41200e+003
           427  1.40358e+003  4.27000e+002 -5.55311e+002  2.04216e+001  1.41233e+003
           428  1.40390e+003  4.28000e+002 -5.55342e+002  2.04216e+001  1.41267e+003
           429  1.40423e+003  4.29000e+002 -5.55369e+002  2.04216e+001  1.41300e+003
           430  1.40454e+003  4.30000e+002 -5.55391e+002  2.04216e+001  1.41333e+003
           431  1.40486e+003  4.31000e+002 -5.55411e+002  2.04216e+001  1.41367e+003
           432  1.40518e+003  4.32000e+002 -5.55428e+002  2.04217e+001  1.41400e+003
           433  1.40550e+003  4.33000e+002 -5.55447e+002  2.04217e+001  1.41433e+003
           434  1.40582e+003  4.34000e+002 -5.55471e+002  2.04217e+001  1.41467e+003
           435  1.40614e+003  4.35000e+002 -5.55494e+002  2.04217e+001  1.41500e+003
           436  1.40646e+003  4.36000e+002 -5.55510e+002  2.04218e+001  1.41533e+003
           437  1.40678e+003  4.37000e+002 -5.55529e+002  2.04218e+001  1.41567e+003
           438  1.40710e+003  4.38000e+002 -5.55551e+002  2.04218e+001  1.41600e+003
           439  1.40742e+003  4.39000e+002 -5.55572e+002  2.04218e+001  1.41633e+003
           440  1.40774e+003  4.40000e+002 -5.55579e+002  2.04219e+001  1.41667e+003
           441  1.40806e+003  4.41000e+002 -5.55595e+002  2.04219e+001  1.41700e+003
           442  1.40838e+003  4.42000e+002 -5.55615e+002  2.04219e+001  1.41733e+003
           443  1.40870e+003  4.43000e+002 -5.55634e+002  2.04219e+001  1.41767e+003
           444  1.40901e+003  4.44000e+002 -5.55663e+002  2.04218e+001  1.41800e+003
           445  1.40934e+003  4.45000e+002 -5.55686e+002  2.04218e+001  1.41833e+003
           446  1.40966e+003  4.46000e+002 -5.55707e+002  2.04218e+001  1.41867e+003
           447  1.40998e+003  4.47000e+002 -5.55728e+002  2.04218e+001  1.41900e+003
           448  1.41029e+003  4.48000e+002 -5.55748e+002  2.04218e+001  1.41933e+003
           449  1.41061e+003  4.49000e+002 -5.55763e+002  2.04217e+001  1.41967e+003
           450  1.41093e+003  4.50000e+002 -5.55785e+002  2.04217e+001  1.42000e+003
           451  1.41125e+003  4.51000e+002 -5.55810e+002  2.04217e+001  1.42033e+003
           452  1.41157e+003  4.52000e+002 -5.55835e+002  2.04217e+001  1.42067e+003
           453  1.41189e+003  4.53000e+002 -5.55865e+002  2.04217e+001  1.42100e+003
           454  1.41221e+003  4.54000e+002 -5.55889e+002  2.04217e+001  1.42133e+003
           455  1.41253e+003  4.55000e+002 -5.55910e+002  2.04217e+001  1.42167e+003
           456  1.41285e+003  4.56000e+002 -5.55933e+002  2.04217e+001  1.42200e+003
           457  1.41317e+003  4.57000e+002 -5.55953e+002  2.04217e+001  1.42233e+003
           458  1.41349e+003  4.58000e+002 -5.55978e+002  2.04216e+001  1.42267e+003
           459  1.41380e+003  4.59000e+002 -5.56008e+002  2.04216e+001  1.42300e+003
           460  1.41412e+003  4.60000e+002 -5.56036e+002  2.04216e+001  1.42333e+003
           461  1.41444e+003  4.61000e+002 -5.56066e+002  2.04216e+001  1.42367e+003
           462  1.41476e+003  4.62000e+002 -5.56093e+002  2.04216e+001  1.42400e+003
           463  1.41509e+003  4.63000e+002 -5.56120e+002  2.04216e+001  1.42433e+003
           464  1.41541e+003  4.64000e+002 -5.56147e+002  2.04215e+001  1.42467e+003
           465  1.41573e+003  4.65000e+002 -5.56182e+002  2.04215e+001  1.42500e+003
           466  1.41605e+003  4.66000e+002 -5.56219e+002  2.04215e+001  1.42533e+003
           467  1.41637e+003  4.67000e+002 -5.56259e+002  2.04215e+001  1.42567e+003
           468  1.41668e+003  4.68000e+002 -5.56299e+002  2.04215e+001  1.42600e+003
           469  1.41700e+003  4.69000e+002 -5.56335e+002  2.04216e+001  1.42633e+003
           470  1.41732e+003  4.70000e+002 -5.56369e+002  2.04216e+001  1.42667e+003
           471  1.41765e+003  4.71000e+002 -5.56404e+002  2.04216e+001  1.42700e+003
           472  1.41796e+003  4.72000e+002 -5.56439e+002  2.04216e+001  1.42733e+003
           473  1.41828e+003  4.73000e+002 -5.56485e+002  2.04216e+001  1.42767e+003
           474  1.41861e+003  4.74000e+002 -5.56523e+002  2.04216e+001  1.42800e+003
           475  1.41892e+003  4.75000e+002 -5.56558e+002  2.04216e+001  1.42833e+003
           476  1.41924e+003  4.76000e+002 -5.56593e+002  2.04215e+001  1.42867e+003
           477  1.41956e+003  4.77000e+002 -5.56627e+002  2.04215e+001  1.42900e+003
           478  1.41988e+003  4.78000e+002 -5.56666e+002  2.04215e+001  1.42933e+003
           479  1.42019e+003  4.79000e+002 -5.56704e+002  2.04214e+001  1.42967e+003
           480  1.42052e+003  4.80000e+002 -5.56742e+002  2.04214e+001  1.43000e+003
           481  1.42084e+003  4.81000e+002 -5.56779e+002  2.04214e+001  1.43033e+003
           482  1.42116e+003  4.82000e+002 -5.56815e+002  2.04214e+001  1.43067e+003
           483  1.42148e+003  4.83000e+002 -5.56854e+002  2.04214e+001  1.43100e+003
           484  1.42180e+003  4.84000e+002 -5.56896e+002  2.04214e+001  1.43133e+003
           485  1.42211e+003  4.85000e+002 -5.56945e+002  2.04214e+001  1.43167e+003
           486  1.42244e+003  4.86000e+002 -5.56983e+002  2.04214e+001  1.43200e+003
           487  1.42276e+003  4.87000e+002 -5.57017e+002  2.04214e+001  1.43233e+003
           488  1.42308e+003  4.88000e+002 -5.57050e+002  2.04214e+001  1.43267e+003
           489  1.42339e+003  4.89000e+002 -5.57093e+002  2.04213e+001  1.43300e+003
           490  1.42371e+003  4.90000e+002 -5.57133e+002  2.04213e+001  1.43333e+003
           491  1.42404e+003  4.91000e+002 -5.57174e+002  2.04213e+001  1.43367e+003
           492  1.42436e+003  4.92000e+002 -5.57214e+002  2.04212e+001  1.43400e+003
           493  1.42467e+003  4.93000e+002 -5.57267e+002  2.04212e+001  1.43433e+003
           494  1.42499e+003  4.94000e+002 -5.57313e+002  2.04212e+001  1.43467e+003
           495  1.42530e+003  4.95000e+002 -5.57356e+002  2.04211e+001  1.43500e+003
           496  1.42563e+003  4.96000e+002 -5.57399e+002  2.04211e+001  1.43533e+003
           497  1.42594e+003  4.97000e+002 -5.57439e+002  2.04211e+001  1.43567e+003
           498  1.42626e+003  4.98000e+002 -5.57475e+002  2.04211e+001  1.43600e+003
           499  1.42659e+003  4.99000e+002 -5.57512e+002  2.04211e+001  1.43633e+003
           500  1.42691e+003  5.00000e+002 -5.57552e+002  2.04211e+001  1.43667e+003
           501  1.42723e+003  5.01000e+002 -5.57590e+002  2.04211e+001  1.43700e+003
           502  1.42755e+003  5.02000e+002 -5.57642e+002  2.04211e+001  1.43733e+003
           503  1.42786e+003  5.03000e+002 -5.57694e+002  2.04212e+001  1.43767e+003
           504  1.42818e+003  5.04000e+002 -5.57742e+002  2.04212e+001  1.43800e+003
           505  1.42850e+003  5.05000e+002 -5.57711e+002  2.04213e+001  1.43833e+003
           506  1.42882e+003  5.06000e+002 -5.57704e+002  2.04213e+001  1.43867e+003
           507  1.42914e+003  5.07000e+002 -5.57699e+002  2.04213e+001  1.43900e+003
           508  1.42946e+003  5.08000e+002 -5.57707e+002  2.04214e+001  1.43933e+003
           509  1.42977e+003  5.09000e+002 -5.57697e+002  2.04214e+001  1.43967e+003
           510  1.43009e+003  5.10000e+002 -5.57670e+002  2.04215e+001  1.44000e+003
           511  1.43041e+003  5.11000e+002 -5.57649e+002  2.04215e+001  1.44033e+003
           512  1.43073e+003  5.12000e+002 -5.57625e+002  2.04216e+001  1.44067e+003
           513  1.43105e+003  5.13000e+002 -5.57753e+002  2.04216e+001  1.44100e+003
           514  1.43137e+003  5.14000e+002 -5.57870e+002  2.04216e+001  1.44133e+003
           515  1.43168e+003  5.15000e+002 -5.57937e+002  2.04215e+001  1.44167e+003
           516  1.43200e+003  5.16000e+002 -5.57945e+002  2.04215e+001  1.44200e+003
           517  1.43232e+003  5.17000e+002 -5.57952e+002  2.04215e+001  1.44233e+003
           518  1.43264e+003  5.18000e+002 -5.57999e+002  2.04214e+001  1.44267e+003
           519  1.43296e+003  5.19000e+002 -5.58047e+002  2.04213e+001  1.44300e+003
           520  1.43328e+003  5.20000e+002 -5.58089e+002  2.04213e+001  1.44333e+003
           521  1.43360e+003  5.21000e+002 -5.58132e+002  2.04213e+001  1.44367e+003
           522  1.43391e+003  5.22000e+002 -5.58214e+002  2.04212e+001  1.44400e+003
           523  1.43422e+003  5.23000e+002 -5.58269e+002  2.04212e+001  1.44433e+003
           524  1.43455e+003  5.24000e+002 -5.58316e+002  2.04211e+001  1.44467e+003
           525  1.43487e+003  5.25000e+002 -5.58365e+002  2.04211e+001  1.44500e+003
           526  1.43519e+003  5.26000e+002 -5.58431e+002  2.04210e+001  1.44533e+003
           527  1.43550e+003  5.27000e+002 -5.58495e+002  2.04210e+001  1.44567e+003
           528  1.43582e+003  5.28000e+002 -5.58566e+002  2.04209e+001  1.44600e+003
           529  1.43614e+003  5.29000e+002 -5.58633e+002  2.04208e+001  1.44633e+003
           530  1.43646e+003  5.30000e+002 -5.58639e+002  2.04208e+001  1.44667e+003
           531  1.43677e+003  5.31000e+002 -5.58642e+002  2.04207e+001  1.44700e+003
           532  1.43709e+003  5.32000e+002 -5.58644e+002  2.04207e+001  1.44733e+003
           533  1.43741e+003  5.33000e+002 -5.58656e+002  2.04206e+001  1.44767e+003
           534  1.43774e+003  5.34000e+002 -5.58660e+002  2.04206e+001  1.44800e+003
           535  1.43805e+003  5.35000e+002 -5.58660e+002  2.04206e+001  1.44833e+003
           536  1.43837e+003  5.36000e+002 -5.58692e+002  2.04207e+001  1.44867e+003
           537  1.43869e+003  5.37000e+002 -5.58739e+002  2.04207e+001  1.44900e+003
           538  1.43900e+003  5.38000e+002 -5.58803e+002  2.04208e+001  1.44933e+003
           539  1.43932e+003  5.39000e+002 -5.58836e+002  2.04209e+001  1.44967e+003
           540  1.43964e+003  5.40000e+002 -5.58864e+002  2.04209e+001  1.45000e+003
           541  1.43997e+003  5.41000e+002 -5.58891e+002  2.04210e+001  1.45033e+003
           542  1.44028e+003  5.42000e+002 -5.58914e+002  2.04210e+001  1.45067e+003
           543  1.44060e+003  5.43000e+002 -5.58941e+002  2.04209e+001  1.45100e+003
           544  1.44092e+003  5.44000e+002 -5.58967e+002  2.04209e+001  1.45133e+003
           545  1.44124e+003  5.45000e+002 -5.58991e+002  2.04209e+001  1.45167e+003
           546  1.44155e+003  5.46000e+002 -5.59023e+002  2.04208e+001  1.45200e+003
           547  1.44187e+003  5.47000e+002 -5.59050e+002  2.04208e+001  1.45233e+003
           548  1.44219e+003  5.48000e+002 -5.59071e+002  2.04207e+001  1.45267e+003
           549  1.44250e+003  5.49000e+002 -5.59097e+002  2.04207e+001  1.45300e+003
           550  1.44282e+003  5.50000e+002 -5.59118e+002  2.04207e+001  1.45333e+003
           551  1.44315e+003  5.51000e+002 -5.59142e+002  2.04208e+001  1.45367e+003
           552  1.44346e+003  5.52000e+002 -5.59170e+002  2.04208e+001  1.45400e+003
           553  1.44378e+003  5.53000e+002 -5.59202e+002  2.04208e+001  1.45433e+003
           554  1.44410e+003  5.54000e+002 -5.59224e+002  2.04209e+001  1.45467e+003
           555  1.44442e+003  5.55000e+002 -5.59249e+002  2.04209e+001  1.45500e+003
           556  1.44474e+003  5.56000e+002 -5.59274e+002  2.04209e+001  1.45533e+003
           557  1.44506e+003  5.57000e+002 -5.59299e+002  2.04209e+001  1.45567e+003
           558  1.44537e+003  5.58000e+002 -5.59339e+002  2.04209e+001  1.45600e+003
           559  1.44569e+003  5.59000e+002 -5.59378e+002  2.04208e+001  1.45633e+003
           560  1.44600e+003  5.60000e+002 -5.59417e+002  2.04208e+001  1.45667e+003
           561  1.44633e+003  5.61000e+002 -5.59453e+002  2.04208e+001  1.45700e+003
           562  1.44664e+003  5.62000e+002 -5.59495e+002  2.04208e+001  1.45733e+003
           563  1.44697e+003  5.63000e+002 -5.59537e+002  2.04208e+001  1.45767e+003
           564  1.44729e+003  5.64000e+002 -5.59577e+002  2.04208e+001  1.45800e+003
           565  1.44760e+003  5.65000e+002 -5.59619e+002  2.04208e+001  1.45833e+003
           566  1.44792e+003  5.66000e+002 -5.59679e+002  2.04208e+001  1.45867e+003
           567  1.44824e+003  5.67000e+002 -5.59730e+002  2.04208e+001  1.45900e+003
           568  1.44856e+003  5.68000e+002 -5.59779e+002  2.04208e+001  1.45933e+003
           569  1.44887e+003  5.69000e+002 -5.59827e+002  2.04208e+001  1.45967e+003
           570  1.44919e+003  5.70000e+002 -5.59880e+002  2.04207e+001  1.46000e+003
           571  1.44951e+003  5.71000e+002 -5.59924e+002  2.04207e+001  1.46033e+003
           572  1.44983e+003  5.72000e+002 -5.59966e+002  2.04206e+001  1.46067e+003
           573  1.45015e+003  5.73000e+002 -5.60012e+002  2.04206e+001  1.46100e+003
           574  1.45046e+003  5.74000e+002 -5.60067e+002  2.04205e+001  1.46133e+003
           575  1.45078e+003  5.75000e+002 -5.60123e+002  2.04205e+001  1.46167e+003
           576  1.45110e+003  5.76000e+002 -5.60187e+002  2.04204e+001  1.46200e+003
           577  1.45141e+003  5.77000e+002 -5.60247e+002  2.04204e+001  1.46233e+003
           578  1.45174e+003  5.78000e+002 -5.60251e+002  2.04204e+001  1.46267e+003
           579  1.45205e+003  5.79000e+002 -5.60258e+002  2.04204e+001  1.46300e+003
           580  1.45237e+003  5.80000e+002 -5.60243e+002  2.04204e+001  1.46333e+003
           581  1.45269e+003  5.81000e+002 -5.60245e+002  2.04204e+001  1.46367e+003
           582  1.45301e+003  5.82000e+002 -5.60144e+002  2.04205e+001  1.46400e+003
           583  1.45333e+003  5.83000e+002 -5.60205e+002  2.04205e+001  1.46433e+003
           584  1.45365e+003  5.84000e+002 -5.60291e+002  2.04206e+001  1.46467e+003
           585  1.45397e+003  5.85000e+002 -5.60389e+002  2.04206e+001  1.46500e+003
           586  1.45428e+003  5.86000e+002 -5.60476e+002  2.04207e+001  1.46533e+003
           587  1.45460e+003  5.87000e+002 -5.60570e+002  2.04207e+001  1.46567e+003
           588  1.45491e+003  5.88000e+002 -5.60584e+002  2.04207e+001  1.46600e+003
           589  1.45523e+003  5.89000e+002 -5.60537e+002  2.04208e+001  1.46633e+003
           590  1.45555e+003  5.90000e+002 -5.60516e+002  2.04207e+001  1.46667e+003
           591  1.45587e+003  5.91000e+002 -5.60503e+002  2.04207e+001  1.46700e+003
           592  1.45619e+003  5.92000e+002 -5.60493e+002  2.04207e+001  1.46733e+003
           593  1.45650e+003  5.93000e+002 -5.60501e+002  2.04207e+001  1.46767e+003
           594  1.45682e+003  5.94000e+002 -5.60633e+002  2.04206e+001  1.46800e+003
           595  1.45714e+003  5.95000e+002 -5.60738e+002  2.04205e+001  1.46833e+003
           596  1.45745e+003  5.96000e+002 -5.60684e+002  2.04205e+001  1.46867e+003
           597  1.45778e+003  5.97000e+002 -5.60560e+002  2.04204e+001  1.46900e+003
           598  1.45810e+003  5.98000e+002 -5.60712e+002  2.04204e+001  1.46933e+003
           599  1.45841e+003  5.99000e+002 -5.60788e+002  2.04203e+001  1.46967e+003
           600  1.45874e+003  6.00000e+002 -5.60896e+002  2.04203e+001  1.47000e+003
           601  1.45905e+003  6.01000e+002 -5.61011e+002  2.04203e+001  1.47033e+003
           602  1.45936e+003  6.02000e+002 -5.61117e+002  2.04203e+001  1.47067e+003
           603  1.45968e+003  6.03000e+002 -5.61241e+002  2.04203e+001  1.47100e+003
           604  1.46000e+003  6.04000e+002 -5.61332e+002  2.04202e+001  1.47133e+003
           605  1.46032e+003  6.05000e+002 -5.61384e+002  2.04202e+001  1.47167e+003
           606  1.46063e+003  6.06000e+002 -5.61315e+002  2.04203e+001  1.47200e+003
           607  1.46095e+003  6.07000e+002 -5.61293e+002  2.04203e+001  1.47233e+003
           608  1.46127e+003  6.08000e+002 -5.61269e+002  2.04203e+001  1.47267e+003
           609  1.46159e+003  6.09000e+002 -5.61261e+002  2.04203e+001  1.47300e+003
           610  1.46190e+003  6.10000e+002 -5.61265e+002  2.04203e+001  1.47333e+003
           611  1.46222e+003  6.11000e+002 -5.61232e+002  2.04203e+001  1.47367e+003
           612  1.46254e+003  6.12000e+002 -5.61195e+002  2.04203e+001  1.47400e+003
           613  1.46286e+003  6.13000e+002 -5.61187e+002  2.04202e+001  1.47433e+003
           614  1.46317e+003  6.14000e+002 -5.61225e+002  2.04202e+001  1.47467e+003
           615  1.46349e+003  6.15000e+002 -5.61318e+002  2.04202e+001  1.47500e+003
           616  1.46381e+003  6.16000e+002 -5.61387e+002  2.04202e+001  1.47533e+003
           617  1.46413e+003  6.17000e+002 -5.61444e+002  2.04202e+001  1.47567e+003
           618  1.46444e+003  6.18000e+002 -5.61487e+002  2.04202e+001  1.47600e+003
           619  1.46476e+003  6.19000e+002 -5.61532e+002  2.04202e+001  1.47633e+003
           620  1.46507e+003  6.20000e+002 -5.61583e+002  2.04203e+001  1.47667e+003
           621  1.46539e+003  6.21000e+002 -5.61637e+002  2.04203e+001  1.47700e+003
           622  1.46571e+003  6.22000e+002 -5.61687e+002  2.04203e+001  1.47733e+003
           623  1.46603e+003  6.23000e+002 -5.61705e+002  2.04203e+001  1.47767e+003
           624  1.46634e+003  6.24000e+002 -5.61732e+002  2.04202e+001  1.47800e+003
           625  1.46666e+003  6.25000e+002 -5.61719e+002  2.04202e+001  1.47833e+003
           626  1.46698e+003  6.26000e+002 -5.61638e+002  2.04202e+001  1.47867e+003
           627  1.46729e+003  6.27000e+002 -5.61563e+002  2.04202e+001  1.47900e+003
           628  1.46761e+003  6.28000e+002 -5.61755e+002  2.04202e+001  1.47933e+003
           629  1.46792e+003  6.29000e+002 -5.61896e+002  2.04202e+001  1.47967e+003
           630  1.46824e+003  6.30000e+002 -5.61945e+002  2.04202e+001  1.48000e+003
           631  1.46855e+003  6.31000e+002 -5.61904e+002  2.04202e+001  1.48033e+003
           632  1.46887e+003  6.32000e+002 -5.61938e+002  2.04201e+001  1.48067e+003
           633  1.46919e+003  6.33000e+002 -5.62021e+002  2.04201e+001  1.48100e+003
           634  1.46951e+003  6.34000e+002 -5.62124e+002  2.04201e+001  1.48133e+003
           635  1.46983e+003  6.35000e+002 -5.62181e+002  2.04200e+001  1.48167e+003
           636  1.47014e+003  6.36000e+002 -5.62244e+002  2.04200e+001  1.48200e+003
           637  1.47046e+003  6.37000e+002 -5.62327e+002  2.04200e+001  1.48233e+003
           638  1.47078e+003  6.38000e+002 -5.62408e+002  2.04199e+001  1.48267e+003
           639  1.47109e+003  6.39000e+002 -5.62384e+002  2.04199e+001  1.48300e+003
           640  1.47141e+003  6.40000e+002 -5.62388e+002  2.04199e+001  1.48333e+003
           641  1.47173e+003  6.41000e+002 -5.62396e+002  2.04199e+001  1.48367e+003
           642  1.47204e+003  6.42000e+002 -5.62405e+002  2.04199e+001  1.48400e+003
           643  1.47236e+003  6.43000e+002 -5.62447e+002  2.04199e+001  1.48433e+003
           644  1.47268e+003  6.44000e+002 -5.62474e+002  2.04199e+001  1.48467e+003
           645  1.47299e+003  6.45000e+002 -5.62481e+002  2.04199e+001  1.48500e+003
           646  1.47331e+003  6.46000e+002 -5.62496e+002  2.04199e+001  1.48533e+003
           647  1.47363e+003  6.47000e+002 -5.62568e+002  2.04199e+001  1.48567e+003
           648  1.47394e+003  6.48000e+002 -5.62609e+002  2.04198e+001  1.48600e+003
           649  1.47426e+003  6.49000e+002 -5.62646e+002  2.04198e+001  1.48633e+003
           650  1.47458e+003  6.50000e+002 -5.62683e+002  2.04198e+001  1.48667e+003
           651  1.47490e+003  6.51000e+002 -5.62750e+002  2.04198e+001  1.48700e+003
           652  1.47521e+003  6.52000e+002 -5.62799e+002  2.04198e+001  1.48733e+003
           653  1.47553e+003  6.53000e+002 -5.62871e+002  2.04198e+001  1.48767e+003
           654  1.47585e+003  6.54000e+002 -5.63011e+002  2.04198e+001  1.48800e+003
           655  1.47616e+003  6.55000e+002 -5.63191e+002  2.04198e+001  1.48833e+003
           656  1.47647e+003  6.56000e+002 -5.63092e+002  2.04199e+001  1.48867e+003
           657  1.47680e+003  6.57000e+002 -5.62923e+002  2.04199e+001  1.48900e+003
           658  1.47712e+003  6.58000e+002 -5.62738e+002  2.04199e+001  1.48933e+003
           659  1.47743e+003  6.59000e+002 -5.62932e+002  2.04200e+001  1.48967e+003
           660  1.47774e+003  6.60000e+002 -5.62952e+002  2.04200e+001  1.49000e+003
           661  1.47807e+003  6.61000e+002 -5.63021e+002  2.04201e+001  1.49033e+003
           662  1.47838e+003  6.62000e+002 -5.63150e+002  2.04201e+001  1.49067e+003
           663  1.47869e+003  6.63000e+002 -5.63272e+002  2.04201e+001  1.49100e+003
           664  1.47901e+003  6.64000e+002 -5.63372e+002  2.04201e+001  1.49133e+003
           665  1.47932e+003  6.65000e+002 -5.63461e+002  2.04201e+001  1.49167e+003
           666  1.47964e+003  6.66000e+002 -5.63542e+002  2.04201e+001  1.49200e+003
           667  1.47995e+003  6.67000e+002 -5.63624e+002  2.04200e+001  1.49233e+003
           668  1.48027e+003  6.68000e+002 -5.63713e+002  2.04199e+001  1.49267e+003
           669  1.48058e+003  6.69000e+002 -5.63797e+002  2.04199e+001  1.49300e+003
           670  1.48090e+003  6.70000e+002 -5.63879e+002  2.04198e+001  1.49333e+003
           671  1.48122e+003  6.71000e+002 -5.63944e+002  2.04198e+001  1.49367e+003
           672  1.48153e+003  6.72000e+002 -5.64023e+002  2.04197e+001  1.49400e+003
           673  1.48184e+003  6.73000e+002 -5.64104e+002  2.04197e+001  1.49433e+003
           674  1.48216e+003  6.74000e+002 -5.64184e+002  2.04196e+001  1.49467e+003
           675  1.48248e+003  6.75000e+002 -5.64257e+002  2.04196e+001  1.49500e+003
           676  1.48279e+003  6.76000e+002 -5.64341e+002  2.04195e+001  1.49533e+003
           677  1.48310e+003  6.77000e+002 -5.64428e+002  2.04195e+001  1.49567e+003
           678  1.48342e+003  6.78000e+002 -5.64465e+002  2.04194e+001  1.49600e+003
           679  1.48374e+003  6.79000e+002 -5.64466e+002  2.04193e+001  1.49633e+003
           680  1.48404e+003  6.80000e+002 -5.64448e+002  2.04193e+001  1.49667e+003
           681  1.48436e+003  6.81000e+002 -5.64462e+002  2.04192e+001  1.49700e+003
           682  1.48467e+003  6.82000e+002 -5.64566e+002  2.04192e+001  1.49733e+003
           683  1.48499e+003  6.83000e+002 -5.64737e+002  2.04192e+001  1.49767e+003
           684  1.48530e+003  6.84000e+002 -5.64865e+002  2.04192e+001  1.49800e+003
           685  1.48562e+003  6.85000e+002 -5.64823e+002  2.04192e+001  1.49833e+003
           686  1.48593e+003  6.86000e+002 -5.64812e+002  2.04192e+001  1.49867e+003
           687  1.48625e+003  6.87000e+002 -5.64828e+002  2.04192e+001  1.49900e+003
           688  1.48656e+003  6.88000e+002 -5.64837e+002  2.04192e+001  1.49933e+003
           689  1.48687e+003  6.89000e+002 -5.64869e+002  2.04192e+001  1.49967e+003
           690  1.48719e+003  6.90000e+002 -5.64898e+002  2.04192e+001  1.50000e+003
           691  1.48750e+003  6.91000e+002 -5.64921e+002  2.04192e+001  1.50033e+003
           692  1.48781e+003  6.92000e+002 -5.64965e+002  2.04193e+001  1.50067e+003
           693  1.48813e+003  6.93000e+002 -5.64992e+002  2.04193e+001  1.50100e+003
           694  1.48845e+003  6.94000e+002 -5.65018e+002  2.04193e+001  1.50133e+003
           695  1.48876e+003  6.95000e+002 -5.65046e+002  2.04194e+001  1.50167e+003
           696  1.48908e+003  6.96000e+002 -5.65069e+002  2.04194e+001  1.50200e+003
           697  1.48939e+003  6.97000e+002 -5.65072e+002  2.04194e+001  1.50233e+003
           698  1.48971e+003  6.98000e+002 -5.65066e+002  2.04194e+001  1.50267e+003
           699  1.49002e+003  6.99000e+002 -5.65063e+002  2.04194e+001  1.50300e+003
           700  1.49034e+003  7.00000e+002 -5.65216e+002  2.04194e+001  1.50333e+003
           701  1.49066e+003  7.01000e+002 -5.65362e+002  2.04194e+001  1.50367e+003
           702  1.49097e+003  7.02000e+002 -5.65482e+002  2.04193e+001  1.50400e+003
           703  1.49128e+003  7.03000e+002 -5.65599e+002  2.04193e+001  1.50433e+003
           704  1.49160e+003  7.04000e+002 -5.65697e+002  2.04191e+001  1.50467e+003
           705  1.49192e+003  7.05000e+002 -5.65798e+002  2.04190e+001  1.50500e+003
           706  1.49223e+003  7.06000e+002 -5.65911e+002  2.04189e+001  1.50533e+003
           707  1.49255e+003  7.07000e+002 -5.66016e+002  2.04188e+001  1.50567e+003
           708  1.49287e+003  7.08000e+002 -5.66119e+002  2.04187e+001  1.50600e+003
           709  1.49317e+003  7.09000e+002 -5.66229e+002  2.04186e+001  1.50633e+003
           710  1.49349e+003  7.10000e+002 -5.66342e+002  2.04185e+001  1.50667e+003
           711  1.49381e+003  7.11000e+002 -5.66464e+002  2.04184e+001  1.50700e+003
           712  1.49412e+003  7.12000e+002 -5.66582e+002  2.04184e+001  1.50733e+003
           713  1.49444e+003  7.13000e+002 -5.66735e+002  2.04183e+001  1.50767e+003
           714  1.49476e+003  7.14000e+002 -5.66908e+002  2.04183e+001  1.50800e+003
           715  1.49507e+003  7.15000e+002 -5.66979e+002  2.04183e+001  1.50833e+003
           716  1.49539e+003  7.16000e+002 -5.66936e+002  2.04183e+001  1.50867e+003
           717  1.49571e+003  7.17000e+002 -5.66911e+002  2.04183e+001  1.50900e+003
           718  1.49602e+003  7.18000e+002 -5.66892e+002  2.04183e+001  1.50933e+003
           719  1.49633e+003  7.19000e+002 -5.66860e+002  2.04183e+001  1.50967e+003
           720  1.49665e+003  7.20000e+002 -5.66857e+002  2.04183e+001  1.51000e+003
           721  1.49697e+003  7.21000e+002 -5.66924e+002  2.04183e+001  1.51033e+003
           722  1.49728e+003  7.22000e+002 -5.67037e+002  2.04183e+001  1.51067e+003
           723  1.49760e+003  7.23000e+002 -5.67169e+002  2.04183e+001  1.51100e+003
           724  1.49791e+003  7.24000e+002 -5.67167e+002  2.04183e+001  1.51133e+003
           725  1.49823e+003  7.25000e+002 -5.67175e+002  2.04182e+001  1.51167e+003
           726  1.49855e+003  7.26000e+002 -5.67252e+002  2.04182e+001  1.51200e+003
           727  1.49887e+003  7.27000e+002 -5.67402e+002  2.04182e+001  1.51233e+003
           728  1.49918e+003  7.28000e+002 -5.67557e+002  2.04182e+001  1.51267e+003
           729  1.49950e+003  7.29000e+002 -5.67608e+002  2.04182e+001  1.51300e+003
           730  1.49981e+003  7.30000e+002 -5.67640e+002  2.04182e+001  1.51333e+003
           731  1.50013e+003  7.31000e+002 -5.67790e+002  2.04182e+001  1.51367e+003
           732  1.50044e+003  7.32000e+002 -5.67944e+002  2.04182e+001  1.51400e+003
           733  1.50076e+003  7.33000e+002 -5.68072e+002  2.04182e+001  1.51433e+003
           734  1.50107e+003  7.34000e+002 -5.68196e+002  2.04182e+001  1.51467e+003
           735  1.50139e+003  7.35000e+002 -5.68296e+002  2.04182e+001  1.51500e+003
           736  1.50170e+003  7.36000e+002 -5.68318e+002  2.04182e+001  1.51533e+003
           737  1.50202e+003  7.37000e+002 -5.68334e+002  2.04182e+001  1.51567e+003
           738  1.50234e+003  7.38000e+002 -5.68335e+002  2.04181e+001  1.51600e+003
           739  1.50265e+003  7.39000e+002 -5.68347e+002  2.04181e+001  1.51633e+003
           740  1.50297e+003  7.40000e+002 -5.68899e+002  2.04180e+001  1.51667e+003
           741  1.50328e+003  7.41000e+002 -5.69291e+002  2.04180e+001  1.51700e+003
           742  1.50360e+003  7.42000e+002 -5.69547e+002  2.04180e+001  1.51733e+003
           743  1.50391e+003  7.43000e+002 -5.69603e+002  2.04179e+001  1.51767e+003
           744  1.50422e+003  7.44000e+002 -5.69589e+002  2.04179e+001  1.51800e+003
           745  1.50454e+003  7.45000e+002 -5.69582e+002  2.04179e+001  1.51833e+003
           746  1.50486e+003  7.46000e+002 -5.69727e+002  2.04179e+001  1.51867e+003
           747  1.50518e+003  7.47000e+002 -5.70195e+002  2.04179e+001  1.51900e+003
           748  1.50549e+003  7.48000e+002 -5.70449e+002  2.04179e+001  1.51933e+003
           749  1.50580e+003  7.49000e+002 -5.70603e+002  2.04179e+001  1.51967e+003
           750  1.50612e+003  7.50000e+002 -5.70791e+002  2.04179e+001  1.52000e+003
           751  1.50644e+003  7.51000e+002 -5.71033e+002  2.04179e+001  1.52033e+003
           752  1.50675e+003  7.52000e+002 -5.71333e+002  2.04179e+001  1.52067e+003
           753  1.50707e+003  7.53000e+002 -5.71445e+002  2.04179e+001  1.52100e+003
           754  1.50738e+003  7.54000e+002 -5.71569e+002  2.04179e+001  1.52133e+003
           755  1.50770e+003  7.55000e+002 -5.71737e+002  2.04179e+001  1.52167e+003
           756  1.50801e+003  7.56000e+002 -5.71904e+002  2.04178e+001  1.52200e+003
           757  1.50832e+003  7.57000e+002 -5.72085e+002  2.04178e+001  1.52233e+003
           758  1.50864e+003  7.58000e+002 -5.72273e+002  2.04178e+001  1.52267e+003
           759  1.50895e+003  7.59000e+002 -5.72371e+002  2.04178e+001  1.52300e+003
           760  1.50927e+003  7.60000e+002 -5.72606e+002  2.04178e+001  1.52333e+003
           761  1.50958e+003  7.61000e+002 -5.72777e+002  2.04178e+001  1.52367e+003
           762  1.50990e+003  7.62000e+002 -5.72749e+002  2.04178e+001  1.52400e+003
           763  1.51022e+003  7.63000e+002 -5.72736e+002  2.04178e+001  1.52433e+003
           764  1.51053e+003  7.64000e+002 -5.72896e+002  2.04178e+001  1.52467e+003
           765  1.51085e+003  7.65000e+002 -5.73025e+002  2.04178e+001  1.52500e+003
           766  1.51116e+003  7.66000e+002 -5.73139e+002  2.04178e+001  1.52533e+003
           767  1.51147e+003  7.67000e+002 -5.73199e+002  2.04179e+001  1.52567e+003
           768  1.51179e+003  7.68000e+002 -5.73165e+002  2.04179e+001  1.52600e+003
           769  1.51211e+003  7.69000e+002 -5.73237e+002  2.04179e+001  1.52633e+003
           770  1.51242e+003  7.70000e+002 -5.73467e+002  2.04180e+001  1.52667e+003
           771  1.51274e+003  7.71000e+002 -5.73731e+002  2.04180e+001  1.52700e+003
           772  1.51305e+003  7.72000e+002 -5.73867e+002  2.04180e+001  1.52733e+003
           773  1.51337e+003  7.73000e+002 -5.74020e+002  2.04180e+001  1.52767e+003
           774  1.51369e+003  7.74000e+002 -5.74191e+002  2.04180e+001  1.52800e+003
           775  1.51400e+003  7.75000e+002 -5.74363e+002  2.04180e+001  1.52833e+003
           776  1.51431e+003  7.76000e+002 -5.74540e+002  2.04179e+001  1.52867e+003
           777  1.51463e+003  7.77000e+002 -5.74691e+002  2.04179e+001  1.52900e+003
           778  1.51494e+003  7.78000e+002 -5.74938e+002  2.04179e+001  1.52933e+003
           779  1.51526e+003  7.79000e+002 -5.75383e+002  2.04178e+001  1.52967e+003
           780  1.51557e+003  7.80000e+002 -5.75839e+002  2.04177e+001  1.53000e+003
           781  1.51588e+003  7.81000e+002 -5.75714e+002  2.04177e+001  1.53033e+003
           782  1.51621e+003  7.82000e+002 -5.75829e+002  2.04176e+001  1.53067e+003
           783  1.51652e+003  7.83000e+002 -5.76034e+002  2.04176e+001  1.53100e+003
           784  1.51683e+003  7.84000e+002 -5.76278e+002  2.04175e+001  1.53133e+003
           785  1.51715e+003  7.85000e+002 -5.76235e+002  2.04175e+001  1.53167e+003
           786  1.51746e+003  7.86000e+002 -5.76482e+002  2.04174e+001  1.53200e+003
           787  1.51778e+003  7.87000e+002 -5.76786e+002  2.04174e+001  1.53233e+003
           788  1.51809e+003  7.88000e+002 -5.77094e+002  2.04173e+001  1.53267e+003
           789  1.51841e+003  7.89000e+002 -5.77107e+002  2.04173e+001  1.53300e+003
           790  1.51872e+003  7.90000e+002 -5.77213e+002  2.04173e+001  1.53333e+003
           791  1.51903e+003  7.91000e+002 -5.77468e+002  2.04172e+001  1.53367e+003
           792  1.51935e+003  7.92000e+002 -5.77720e+002  2.04172e+001  1.53400e+003
           793  1.51967e+003  7.93000e+002 -5.77963e+002  2.04171e+001  1.53433e+003
           794  1.51998e+003  7.94000e+002 -5.78200e+002  2.04170e+001  1.53467e+003
           795  1.52029e+003  7.95000e+002 -5.78439e+002  2.04170e+001  1.53500e+003
           796  1.52060e+003  7.96000e+002 -5.78678e+002  2.04169e+001  1.53533e+003
           797  1.52092e+003  7.97000e+002 -5.78820e+002  2.04169e+001  1.53567e+003
           798  1.52123e+003  7.98000e+002 -5.79027e+002  2.04168e+001  1.53600e+003
           799  1.52155e+003  7.99000e+002 -5.79248e+002  2.04168e+001  1.53633e+003
           800  1.52186e+003  8.00000e+002 -5.79401e+002  2.04168e+001  1.53667e+003
           801  1.52217e+003  8.01000e+002 -5.79480e+002  2.04169e+001  1.53700e+003
           802  1.52249e+003  8.02000e+002 -5.79488e+002  2.04169e+001  1.53733e+003
           803  1.52280e+003  8.03000e+002 -5.79540e+002  2.04169e+001  1.53767e+003
           804  1.52312e+003  8.04000e+002 -5.79792e+002  2.04170e+001  1.53800e+003
           805  1.52343e+003  8.05000e+002 -5.80071e+002  2.04171e+001  1.53833e+003
           806  1.52374e+003  8.06000e+002 -5.80102e+002  2.04172e+001  1.53867e+003
           807  1.52406e+003  8.07000e+002 -5.80081e+002  2.04173e+001  1.53900e+003
           808  1.52437e+003  8.08000e+002 -5.80053e+002  2.04173e+001  1.53933e+003
           809  1.52469e+003  8.09000e+002 -5.80417e+002  2.04174e+001  1.53967e+003
           810  1.52500e+003  8.10000e+002 -5.80652e+002  2.04174e+001  1.54000e+003
           811  1.52531e+003  8.11000e+002 -5.80727e+002  2.04174e+001  1.54033e+003
           812  1.52562e+003  8.12000e+002 -5.81013e+002  2.04174e+001  1.54067e+003
           813  1.52594e+003  8.13000e+002 -5.81366e+002  2.04173e+001  1.54100e+003
           814  1.52625e+003  8.14000e+002 -5.81680e+002  2.04172e+001  1.54133e+003
           815  1.52657e+003  8.15000e+002 -5.81855e+002  2.04172e+001  1.54167e+003
           816  1.52688e+003  8.16000e+002 -5.81860e+002  2.04171e+001  1.54200e+003
           817  1.52720e+003  8.17000e+002 -5.81858e+002  2.04171e+001  1.54233e+003
           818  1.52751e+003  8.18000e+002 -5.81881e+002  2.04171e+001  1.54267e+003
           819  1.52782e+003  8.19000e+002 -5.81933e+002  2.04170e+001  1.54300e+003
           820  1.52814e+003  8.20000e+002 -5.82027e+002  2.04170e+001  1.54333e+003
           821  1.52845e+003  8.21000e+002 -5.82590e+002  2.04171e+001  1.54367e+003
           822  1.52876e+003  8.22000e+002 -5.82826e+002  2.04171e+001  1.54400e+003
           823  1.52908e+003  8.23000e+002 -5.82938e+002  2.04171e+001  1.54433e+003
           824  1.52939e+003  8.24000e+002 -5.83211e+002  2.04171e+001  1.54467e+003
           825  1.52971e+003  8.25000e+002 -5.83450e+002  2.04171e+001  1.54500e+003
           826  1.53002e+003  8.26000e+002 -5.83471e+002  2.04171e+001  1.54533e+003
           827  1.53033e+003  8.27000e+002 -5.83628e+002  2.04171e+001  1.54567e+003
           828  1.53066e+003  8.28000e+002 -5.83797e+002  2.04171e+001  1.54600e+003
           829  1.53097e+003  8.29000e+002 -5.83591e+002  2.04170e+001  1.54633e+003
           830  1.53128e+003  8.30000e+002 -5.83711e+002  2.04170e+001  1.54667e+003
           831  1.53159e+003  8.31000e+002 -5.84090e+002  2.04170e+001  1.54700e+003
           832  1.53191e+003  8.32000e+002 -5.84331e+002  2.04169e+001  1.54733e+003
           833  1.53223e+003  8.33000e+002 -5.84632e+002  2.04169e+001  1.54767e+003
           834  1.53254e+003  8.34000e+002 -5.84871e+002  2.04169e+001  1.54800e+003
           835  1.53286e+003  8.35000e+002 -5.84770e+002  2.04169e+001  1.54833e+003
           836  1.53317e+003  8.36000e+002 -5.84414e+002  2.04169e+001  1.54867e+003
           837  1.53348e+003  8.37000e+002 -5.84556e+002  2.04170e+001  1.54900e+003
           838  1.53380e+003  8.38000e+002 -5.84675e+002  2.04170e+001  1.54933e+003
           839  1.53412e+003  8.39000e+002 -5.84797e+002  2.04170e+001  1.54967e+003
           840  1.53443e+003  8.40000e+002 -5.84917e+002  2.04170e+001  1.55000e+003
           841  1.53475e+003  8.41000e+002 -5.85012e+002  2.04170e+001  1.55033e+003
           842  1.53506e+003  8.42000e+002 -5.85238e+002  2.04170e+001  1.55067e+003
           843  1.53538e+003  8.43000e+002 -5.85751e+002  2.04170e+001  1.55100e+003
           844  1.53568e+003  8.44000e+002 -5.86142e+002  2.04170e+001  1.55133e+003
           845  1.53601e+003  8.45000e+002 -5.86291e+002  2.04169e+001  1.55167e+003
           846  1.53632e+003  8.46000e+002 -5.86272e+002  2.04169e+001  1.55200e+003
           847  1.53663e+003  8.47000e+002 -5.86715e+002  2.04169e+001  1.55233e+003
           848  1.53694e+003  8.48000e+002 -5.87451e+002  2.04168e+001  1.55267e+003
           849  1.53726e+003  8.49000e+002 -5.87247e+002  2.04168e+001  1.55300e+003
           850  1.53757e+003  8.50000e+002 -5.86919e+002  2.04168e+001  1.55333e+003
           851  1.53789e+003  8.51000e+002 -5.87327e+002  2.04167e+001  1.55367e+003
           852  1.53820e+003  8.52000e+002 -5.87910e+002  2.04167e+001  1.55400e+003
           853  1.53851e+003  8.53000e+002 -5.87885e+002  2.04167e+001  1.55433e+003
           854  1.53882e+003  8.54000e+002 -5.88029e+002  2.04166e+001  1.55467e+003
           855  1.53914e+003  8.55000e+002 -5.88051e+002  2.04166e+001  1.55500e+003
           856  1.53946e+003  8.56000e+002 -5.88064e+002  2.04166e+001  1.55533e+003
           857  1.53977e+003  8.57000e+002 -5.88226e+002  2.04165e+001  1.55567e+003
           858  1.54009e+003  8.58000e+002 -5.88632e+002  2.04165e+001  1.55600e+003
           859  1.54040e+003  8.59000e+002 -5.89064e+002  2.04165e+001  1.55633e+003
           860  1.54071e+003  8.60000e+002 -5.89469e+002  2.04165e+001  1.55667e+003
           861  1.54102e+003  8.61000e+002 -5.89651e+002  2.04165e+001  1.55700e+003
           862  1.54134e+003  8.62000e+002 -5.89829e+002  2.04165e+001  1.55733e+003
           863  1.54165e+003  8.63000e+002 -5.90044e+002  2.04165e+001  1.55767e+003
           864  1.54196e+003  8.64000e+002 -5.90152e+002  2.04166e+001  1.55800e+003
           865  1.54228e+003  8.65000e+002 -5.89931e+002  2.04166e+001  1.55833e+003
           866  1.54259e+003  8.66000e+002 -5.89829e+002  2.04166e+001  1.55867e+003
           867  1.54291e+003  8.67000e+002 -5.90226e+002  2.04167e+001  1.55900e+003
           868  1.54322e+003  8.68000e+002 -5.90544e+002  2.04167e+001  1.55933e+003
           869  1.54354e+003  8.69000e+002 -5.90958e+002  2.04167e+001  1.55967e+003
           870  1.54385e+003  8.70000e+002 -5.91169e+002  2.04166e+001  1.56000e+003
           871  1.54416e+003  8.71000e+002 -5.91022e+002  2.04166e+001  1.56033e+003
           872  1.54448e+003  8.72000e+002 -5.90958e+002  2.04166e+001  1.56067e+003
           873  1.54479e+003  8.73000e+002 -5.90925e+002  2.04166e+001  1.56100e+003
           874  1.54511e+003  8.74000e+002 -5.91222e+002  2.04165e+001  1.56133e+003
           875  1.54542e+003  8.75000e+002 -5.91596e+002  2.04165e+001  1.56167e+003
           876  1.54573e+003  8.76000e+002 -5.91943e+002  2.04166e+001  1.56200e+003
           877  1.54604e+003  8.77000e+002 -5.91887e+002  2.04166e+001  1.56233e+003
           878  1.54636e+003  8.78000e+002 -5.91837e+002  2.04166e+001  1.56267e+003
           879  1.54667e+003  8.79000e+002 -5.92455e+002  2.04167e+001  1.56300e+003
           880  1.54699e+003  8.80000e+002 -5.93131e+002  2.04167e+001  1.56333e+003
           881  1.54730e+003  8.81000e+002 -5.93611e+002  2.04167e+001  1.56367e+003
           882  1.54762e+003  8.82000e+002 -5.93668e+002  2.04167e+001  1.56400e+003
           883  1.54793e+003  8.83000e+002 -5.93884e+002  2.04167e+001  1.56433e+003
           884  1.54824e+003  8.84000e+002 -5.94164e+002  2.04167e+001  1.56467e+003
           885  1.54855e+003  8.85000e+002 -5.93944e+002  2.04167e+001  1.56500e+003
           886  1.54888e+003  8.86000e+002 -5.93645e+002  2.04167e+001  1.56533e+003
           887  1.54919e+003  8.87000e+002 -5.93626e+002  2.04166e+001  1.56567e+003
           888  1.54950e+003  8.88000e+002 -5.93547e+002  2.04166e+001  1.56600e+003
           889  1.54982e+003  8.89000e+002 -5.93461e+002  2.04166e+001  1.56633e+003
           890  1.55013e+003  8.90000e+002 -5.94043e+002  2.04166e+001  1.56667e+003
           891  1.55045e+003  8.91000e+002 -5.94280e+002  2.04165e+001  1.56700e+003
           892  1.55076e+003  8.92000e+002 -5.94349e+002  2.04165e+001  1.56733e+003
           893  1.55107e+003  8.93000e+002 -5.94779e+002  2.04165e+001  1.56767e+003
           894  1.55138e+003  8.94000e+002 -5.96297e+002  2.04165e+001  1.56800e+003
           895  1.55169e+003  8.95000e+002 -5.98292e+002  2.04164e+001  1.56833e+003
           896  1.55200e+003  8.96000e+002 -6.01369e+002  2.04164e+001  1.56867e+003
           897  1.55230e+003  8.97000e+002 -6.04789e+002  2.04164e+001  1.56900e+003
           898  1.55261e+003  8.98000e+002 -6.08726e+002  2.04163e+001  1.56933e+003
           899  1.55291e+003  8.99000e+002 -6.13923e+002  2.04162e+001  1.56967e+003
           900  1.55321e+003  9.00000e+002 -6.20155e+002  2.04162e+001  1.57000e+003
           901  1.55350e+003  9.01000e+002 -6.26750e+002  2.04161e+001  1.57033e+003
           902  1.55380e+003  9.02000e+002 -6.34034e+002  2.04161e+001  1.57067e+003
           903  1.55409e+003  9.03000e+002 -6.41614e+002  2.04160e+001  1.57100e+003
           904  1.55439e+003  9.04000e+002 -6.49447e+002  2.04160e+001  1.57133e+003
           905  1.55468e+003  9.05000e+002 -6.57577e+002  2.04160e+001  1.57167e+003
           906  1.55497e+003  9.06000e+002 -6.66463e+002  2.04160e+001  1.57200e+003
           907  1.55527e+003  9.07000e+002 -6.75612e+002  2.04161e+001  1.57233e+003
           908  1.55556e+003  9.08000e+002 -6.85412e+002  2.04161e+001  1.57267e+003
           909  1.55585e+003  9.09000e+002 -6.95311e+002  2.04161e+001  1.57300e+003
           910  1.55613e+003  9.10000e+002 -7.05443e+002  2.04162e+001  1.57333e+003
           911  1.55643e+003  9.11000e+002 -7.16252e+002  2.04162e+001  1.57367e+003
           912  1.55672e+003  9.12000e+002 -7.27346e+002  2.04163e+001  1.57400e+003
           913  1.55700e+003  9.13000e+002 -7.38568e+002  2.04163e+001  1.57433e+003
           914  1.55729e+003  9.14000e+002 -7.49947e+002  2.04163e+001  1.57467e+003
           915  1.55758e+003  9.15000e+002 -7.61488e+002  2.04163e+001  1.57500e+003
           916  1.55786e+003  9.16000e+002 -7.73471e+002  2.04163e+001  1.57533e+003
           917  1.55815e+003  9.17000e+002 -7.85715e+002  2.04163e+001  1.57567e+003
           918  1.55843e+003  9.18000e+002 -7.97755e+002  2.04162e+001  1.57600e+003
           919  1.55872e+003  9.19000e+002 -8.09346e+002  2.04162e+001  1.57633e+003
           920  1.55901e+003  9.20000e+002 -8.21231e+002  2.04162e+001  1.57667e+003
           921  1.55929e+003  9.21000e+002 -8.33180e+002  2.04162e+001  1.57700e+003
           922  1.55958e+003  9.22000e+002 -8.46270e+002  2.04161e+001  1.57733e+003
           923  1.55986e+003  9.23000e+002 -8.59449e+002  2.04161e+001  1.57767e+003
           924  1.56015e+003  9.24000e+002 -8.72568e+002  2.04161e+001  1.57800e+003
           925  1.56043e+003  9.25000e+002 -8.85430e+002  2.04160e+001  1.57833e+003
           926  1.56072e+003  9.26000e+002 -8.98383e+002  2.04160e+001  1.57867e+003
           927  1.56101e+003  9.27000e+002 -9.11808e+002  2.04160e+001  1.57900e+003
           928  1.56129e+003  9.28000e+002 -9.25689e+002  2.04159e+001  1.57933e+003
           929  1.56156e+003  9.29000e+002 -9.39650e+002  2.04159e+001  1.57967e+003
           930  1.56185e+003  9.30000e+002 -9.52627e+002  2.04159e+001  1.58000e+003
           931  1.56214e+003  9.31000e+002 -9.64512e+002  2.04158e+001  1.58033e+003
           932  1.56243e+003  9.32000e+002 -9.68338e+002  2.04158e+001  1.58067e+003
           933  1.56277e+003  9.33000e+002 -9.56647e+002  2.04158e+001  1.58100e+003
           934  1.56314e+003  9.34000e+002 -9.34518e+002  2.04157e+001  1.58133e+003
           935  1.56353e+003  9.35000e+002 -9.03232e+002  2.04157e+001  1.58167e+003
           936  1.56390e+003  9.36000e+002 -8.73334e+002  2.04157e+001  1.58200e+003
           937  1.56427e+003  9.37000e+002 -8.46181e+002  2.04156e+001  1.58233e+003
           938  1.56464e+003  9.38000e+002 -8.21012e+002  2.04156e+001  1.58267e+003
           939  1.56501e+003  9.39000e+002 -8.00385e+002  2.04156e+001  1.58300e+003
           940  1.56536e+003  9.40000e+002 -7.81475e+002  2.04156e+001  1.58333e+003
           941  1.56571e+003  9.41000e+002 -7.64537e+002  2.04156e+001  1.58367e+003
           942  1.56606e+003  9.42000e+002 -7.48737e+002  2.04156e+001  1.58400e+003
           943  1.56641e+003  9.43000e+002 -7.35028e+002  2.04156e+001  1.58433e+003
           944  1.56675e+003  9.44000e+002 -7.23341e+002  2.04156e+001  1.58467e+003
           945  1.56709e+003  9.45000e+002 -7.12907e+002  2.04156e+001  1.58500e+003
           946  1.56742e+003  9.46000e+002 -7.02785e+002  2.04156e+001  1.58533e+003
           947  1.56776e+003  9.47000e+002 -6.96145e+002  2.04155e+001  1.58567e+003
           948  1.56809e+003  9.48000e+002 -6.90192e+002  2.04155e+001  1.58600e+003
           949  1.56841e+003  9.49000e+002 -6.82741e+002  2.04154e+001  1.58633e+003
           950  1.56874e+003  9.50000e+002 -6.74970e+002  2.04154e+001  1.58667e+003
           951  1.56906e+003  9.51000e+002 -6.69132e+002  2.04153e+001  1.58700e+003
           952  1.56939e+003  9.52000e+002 -6.64093e+002  2.04152e+001  1.58733e+003
           953  1.56972e+003  9.53000e+002 -6.59552e+002  2.04151e+001  1.58767e+003
           954  1.57004e+003  9.54000e+002 -6.55716e+002  2.04151e+001  1.58800e+003
           955  1.57036e+003  9.55000e+002 -6.51599e+002  2.04150e+001  1.58833e+003
           956  1.57069e+003  9.56000e+002 -6.47310e+002  2.04150e+001  1.58867e+003
           957  1.57102e+003  9.57000e+002 -6.44250e+002  2.04150e+001  1.58900e+003
           958  1.57134e+003  9.58000e+002 -6.42037e+002  2.04149e+001  1.58933e+003
           959  1.57165e+003  9.59000e+002 -6.39742e+002  2.04150e+001  1.58967e+003
           960  1.57197e+003  9.60000e+002 -6.37038e+002  2.04149e+001  1.59000e+003
           961  1.57230e+003  9.61000e+002 -6.35401e+002  2.04149e+001  1.59033e+003
           962  1.57261e+003  9.62000e+002 -6.33717e+002  2.04149e+001  1.59067e+003
           963  1.57293e+003  9.63000e+002 -6.32879e+002  2.04148e+001  1.59100e+003
           964  1.57325e+003  9.64000e+002 -6.32224e+002  2.04148e+001  1.59133e+003
           965  1.57357e+003  9.65000e+002 -6.30816e+002  2.04147e+001  1.59167e+003
           966  1.57388e+003  9.66000e+002 -6.29924e+002  2.04147e+001  1.59200e+003
           967  1.57420e+003  9.67000e+002 -6.29747e+002  2.04146e+001  1.59233e+003
           968  1.57452e+003  9.68000e+002 -6.28766e+002  2.04145e+001  1.59267e+003
           969  1.57483e+003  9.69000e+002 -6.28072e+002  2.04145e+001  1.59300e+003
           970  1.57515e+003  9.70000e+002 -6.27863e+002  2.04144e+001  1.59333e+003
           971  1.57546e+003  9.71000e+002 -6.27292e+002  2.04144e+001  1.59367e+003
           972  1.57578e+003  9.72000e+002 -6.28225e+002  2.04143e+001  1.59400e+003
           973  1.57609e+003  9.73000e+002 -6.28751e+002  2.04143e+001  1.59433e+003
           974  1.57640e+003  9.74000e+002 -6.28126e+002  2.04142e+001  1.59467e+003
           975  1.57672e+003  9.75000e+002 -6.27378e+002  2.04142e+001  1.59500e+003
           976  1.57703e+003  9.76000e+002 -6.25898e+002  2.04142e+001  1.59533e+003
           977  1.57735e+003  9.77000e+002 -6.26307e+002  2.04142e+001  1.59567e+003
           978  1.57766e+003  9.78000e+002 -6.27633e+002  2.04142e+001  1.59600e+003
           979  1.57797e+003  9.79000e+002 -6.27805e+002  2.04142e+001  1.59633e+003
           980  1.57828e+003  9.80000e+002 -6.26474e+002  2.04141e+001  1.59667e+003
           981  1.57860e+003  9.81000e+002 -6.26782e+002  2.04141e+001  1.59700e+003
           982  1.57892e+003  9.82000e+002 -6.28300e+002  2.04141e+001  1.59733e+003
           983  1.57923e+003  9.83000e+002 -6.27885e+002  2.04141e+001  1.59767e+003
           984  1.57954e+003  9.84000e+002 -6.28136e+002  2.04140e+001  1.59800e+003
           985  1.57986e+003  9.85000e+002 -6.29375e+002  2.04140e+001  1.59833e+003
           986  1.58017e+003  9.86000e+002 -6.30807e+002  2.04139e+001  1.59867e+003
           987  1.58048e+003  9.87000e+002 -6.32579e+002  2.04139e+001  1.59900e+003
           988  1.58079e+003  9.88000e+002 -6.32188e+002  2.04138e+001  1.59933e+003
           989  1.58111e+003  9.89000e+002 -6.31919e+002  2.04138e+001  1.59967e+003
           990  1.58141e+003  9.90000e+002 -6.32864e+002  2.04137e+001  1.60000e+003
]10[Pd RR Ar 50ml/min total calib
