         Index            Ts             t            HF        Weight            Tr
           [#]          [°C]           [s]          [mW]          [mg]          [°C]
             0  5.68118e+002  0.00000e+000 -6.48385e+001  8.78111e+000  5.60000e+002
             1  5.68178e+002  1.00000e+000 -6.49269e+001  8.78109e+000  5.60167e+002
             2  5.68322e+002  2.00000e+000 -6.46763e+001  8.78104e+000  5.60333e+002
             3  5.68477e+002  3.00000e+000 -6.48631e+001  8.78091e+000  5.60500e+002
             4  5.68640e+002  4.00000e+000 -6.51235e+001  8.78080e+000  5.60667e+002
             5  5.68815e+002  5.00000e+000 -6.54621e+001  8.78071e+000  5.60833e+002
             6  5.69011e+002  6.00000e+000 -6.58300e+001  8.78064e+000  5.61000e+002
             7  5.69218e+002  7.00000e+000 -6.61834e+001  8.78056e+000  5.61167e+002
             8  5.69442e+002  8.00000e+000 -6.65171e+001  8.78055e+000  5.61333e+002
             9  5.69677e+002  9.00000e+000 -6.68345e+001  8.78058e+000  5.61500e+002
            10  5.69914e+002  1.00000e+001 -6.71436e+001  8.78064e+000  5.61667e+002
            11  5.70159e+002  1.10000e+001 -6.74736e+001  8.78083e+000  5.61833e+002
            12  5.70402e+002  1.20000e+001 -6.78030e+001  8.78096e+000  5.62000e+002
            13  5.70658e+002  1.30000e+001 -6.81206e+001  8.78107e+000  5.62167e+002
            14  5.70912e+002  1.40000e+001 -6.84227e+001  8.78117e+000  5.62333e+002
            15  5.71168e+002  1.50000e+001 -6.86768e+001  8.78127e+000  5.62500e+002
            16  5.71432e+002  1.60000e+001 -6.89456e+001  8.78134e+000  5.62667e+002
            17  5.71692e+002  1.70000e+001 -6.91850e+001  8.78138e+000  5.62833e+002
            18  5.71947e+002  1.80000e+001 -6.94111e+001  8.78141e+000  5.63000e+002
            19  5.72199e+002  1.90000e+001 -6.95647e+001  8.78137e+000  5.63167e+002
            20  5.72462e+002  2.00000e+001 -6.97179e+001  8.78135e+000  5.63333e+002
            21  5.72719e+002  2.10000e+001 -6.98720e+001  8.78131e+000  5.63500e+002
            22  5.72979e+002  2.20000e+001 -7.00178e+001  8.78127e+000  5.63667e+002
            23  5.73227e+002  2.30000e+001 -7.01140e+001  8.78120e+000  5.63833e+002
            24  5.73485e+002  2.40000e+001 -7.02169e+001  8.78115e+000  5.64000e+002
            25  5.73735e+002  2.50000e+001 -7.03139e+001  8.78110e+000  5.64167e+002
            26  5.73979e+002  2.60000e+001 -7.04042e+001  8.78105e+000  5.64333e+002
            27  5.74225e+002  2.70000e+001 -7.04280e+001  8.78101e+000  5.64500e+002
            28  5.74473e+002  2.80000e+001 -7.04733e+001  8.78098e+000  5.64667e+002
            29  5.74715e+002  2.90000e+001 -7.05176e+001  8.78094e+000  5.64833e+002
            30  5.74956e+002  3.00000e+001 -7.05549e+001  8.78090e+000  5.65000e+002
            31  5.75195e+002  3.10000e+001 -7.05400e+001  8.78088e+000  5.65167e+002
            32  5.75430e+002  3.20000e+001 -7.05419e+001  8.78086e+000  5.65333e+002
            33  5.75667e+002  3.30000e+001 -7.05371e+001  8.78085e+000  5.65500e+002
            34  5.75901e+002  3.40000e+001 -7.05373e+001  8.78083e+000  5.65667e+002
            35  5.76138e+002  3.50000e+001 -7.05459e+001  8.78082e+000  5.65833e+002
            36  5.76363e+002  3.60000e+001 -7.04836e+001  8.78083e+000  5.66000e+002
            37  5.76589e+002  3.70000e+001 -7.04529e+001  8.78084e+000  5.66167e+002
            38  5.76816e+002  3.80000e+001 -7.04245e+001  8.78085e+000  5.66333e+002
            39  5.77040e+002  3.90000e+001 -7.03900e+001  8.78086e+000  5.66500e+002
            40  5.77265e+002  4.00000e+001 -7.03442e+001  8.78089e+000  5.66667e+002
            41  5.77489e+002  4.10000e+001 -7.03078e+001  8.78090e+000  5.66833e+002
            42  5.77712e+002  4.20000e+001 -7.02717e+001  8.78091e+000  5.67000e+002
            43  5.77921e+002  4.30000e+001 -7.02337e+001  8.78091e+000  5.67167e+002
            44  5.78140e+002  4.40000e+001 -7.01847e+001  8.78092e+000  5.67333e+002
            45  5.78354e+002  4.50000e+001 -7.01405e+001  8.78093e+000  5.67500e+002
            46  5.78566e+002  4.60000e+001 -7.00973e+001  8.78094e+000  5.67667e+002
            47  5.78782e+002  4.70000e+001 -7.00541e+001  8.78096e+000  5.67833e+002
            48  5.78992e+002  4.80000e+001 -7.00035e+001  8.78098e+000  5.68000e+002
            49  5.79198e+002  4.90000e+001 -6.99565e+001  8.78100e+000  5.68167e+002
            50  5.79403e+002  5.00000e+001 -6.99110e+001  8.78102e+000  5.68333e+002
            51  5.79612e+002  5.10000e+001 -6.98648e+001  8.78104e+000  5.68500e+002
            52  5.79819e+002  5.20000e+001 -6.98134e+001  8.78107e+000  5.68667e+002
            53  5.80016e+002  5.30000e+001 -6.97664e+001  8.78109e+000  5.68833e+002
            54  5.80210e+002  5.40000e+001 -6.97206e+001  8.78111e+000  5.69000e+002
            55  5.80419e+002  5.50000e+001 -6.96747e+001  8.78112e+000  5.69167e+002
            56  5.80615e+002  5.60000e+001 -6.96275e+001  8.78112e+000  5.69333e+002
            57  5.80819e+002  5.70000e+001 -6.95812e+001  8.78112e+000  5.69500e+002
            58  5.81023e+002  5.80000e+001 -6.95352e+001  8.78112e+000  5.69667e+002
            59  5.81215e+002  5.90000e+001 -6.94899e+001  8.78111e+000  5.69833e+002
            60  5.81409e+002  6.00000e+001 -6.94458e+001  8.78108e+000  5.70000e+002
            61  5.81610e+002  6.10000e+001 -6.94015e+001  8.78106e+000  5.70167e+002
            62  5.81803e+002  6.20000e+001 -6.93575e+001  8.78104e+000  5.70333e+002
            63  5.81994e+002  6.30000e+001 -6.93138e+001  8.78101e+000  5.70500e+002
            64  5.82194e+002  6.40000e+001 -6.92721e+001  8.78098e+000  5.70667e+002
            65  5.82389e+002  6.50000e+001 -6.92294e+001  8.78096e+000  5.70833e+002
            66  5.82581e+002  6.60000e+001 -6.91882e+001  8.78093e+000  5.71000e+002
            67  5.82771e+002  6.70000e+001 -6.91484e+001  8.78091e+000  5.71167e+002
            68  5.82959e+002  6.80000e+001 -6.91116e+001  8.78090e+000  5.71333e+002
            69  5.83145e+002  6.90000e+001 -6.90737e+001  8.78090e+000  5.71500e+002
            70  5.83333e+002  7.00000e+001 -6.90367e+001  8.78091e+000  5.71667e+002
            71  5.83519e+002  7.10000e+001 -6.90006e+001  8.78093e+000  5.71833e+002
            72  5.83715e+002  7.20000e+001 -6.89668e+001  8.78099e+000  5.72000e+002
            73  5.83906e+002  7.30000e+001 -6.89318e+001  8.78103e+000  5.72167e+002
            74  5.84089e+002  7.40000e+001 -6.88970e+001  8.78108e+000  5.72333e+002
            75  5.84274e+002  7.50000e+001 -6.88629e+001  8.78112e+000  5.72500e+002
            76  5.84458e+002  7.60000e+001 -6.88352e+001  8.78116e+000  5.72667e+002
            77  5.84643e+002  7.70000e+001 -6.88029e+001  8.78119e+000  5.72833e+002
            78  5.84827e+002  7.80000e+001 -6.87701e+001  8.78121e+000  5.73000e+002
            79  5.85010e+002  7.90000e+001 -6.87382e+001  8.78123e+000  5.73167e+002
            80  5.85195e+002  8.00000e+001 -6.87087e+001  8.78123e+000  5.73333e+002
            81  5.85385e+002  8.10000e+001 -6.86799e+001  8.78123e+000  5.73500e+002
            82  5.85570e+002  8.20000e+001 -6.86508e+001  8.78124e+000  5.73667e+002
            83  5.85747e+002  8.30000e+001 -6.86224e+001  8.78125e+000  5.73833e+002
            84  5.85932e+002  8.40000e+001 -6.85981e+001  8.78125e+000  5.74000e+002
            85  5.86107e+002  8.50000e+001 -6.85737e+001  8.78126e+000  5.74167e+002
            86  5.86293e+002  8.60000e+001 -6.85492e+001  8.78127e+000  5.74333e+002
            87  5.86478e+002  8.70000e+001 -6.85247e+001  8.78129e+000  5.74500e+002
            88  5.86654e+002  8.80000e+001 -6.85056e+001  8.78130e+000  5.74667e+002
            89  5.86829e+002  8.90000e+001 -6.84825e+001  8.78131e+000  5.74833e+002
            90  5.87015e+002  9.00000e+001 -6.84602e+001  8.78131e+000  5.75000e+002
            91  5.87197e+002  9.10000e+001 -6.84390e+001  8.78131e+000  5.75167e+002
            92  5.87375e+002  9.20000e+001 -6.84220e+001  8.78129e+000  5.75333e+002
            93  5.87548e+002  9.30000e+001 -6.84014e+001  8.78128e+000  5.75500e+002
            94  5.87729e+002  9.40000e+001 -6.83810e+001  8.78125e+000  5.75667e+002
            95  5.87907e+002  9.50000e+001 -6.83613e+001  8.78123e+000  5.75833e+002
            96  5.88086e+002  9.60000e+001 -6.83413e+001  8.78120e+000  5.76000e+002
            97  5.88260e+002  9.70000e+001 -6.83217e+001  8.78117e+000  5.76167e+002
            98  5.88445e+002  9.80000e+001 -6.83024e+001  8.78115e+000  5.76333e+002
            99  5.88621e+002  9.90000e+001 -6.82829e+001  8.78112e+000  5.76500e+002
           100  5.88801e+002  1.00000e+002 -6.82675e+001  8.78111e+000  5.76667e+002
           101  5.88977e+002  1.01000e+002 -6.82497e+001  8.78110e+000  5.76833e+002
           102  5.89155e+002  1.02000e+002 -6.82304e+001  8.78108e+000  5.77000e+002
           103  5.89325e+002  1.03000e+002 -6.82110e+001  8.78107e+000  5.77167e+002
           104  5.89508e+002  1.04000e+002 -6.81939e+001  8.78107e+000  5.77333e+002
           105  5.89681e+002  1.05000e+002 -6.81767e+001  8.78107e+000  5.77500e+002
           106  5.89854e+002  1.06000e+002 -6.81598e+001  8.78108e+000  5.77667e+002
           107  5.90027e+002  1.07000e+002 -6.81437e+001  8.78109e+000  5.77833e+002
           108  5.90201e+002  1.08000e+002 -6.81288e+001  8.78113e+000  5.78000e+002
           109  5.90372e+002  1.09000e+002 -6.81136e+001  8.78116e+000  5.78167e+002
           110  5.90557e+002  1.10000e+002 -6.80978e+001  8.78119e+000  5.78333e+002
           111  5.90732e+002  1.11000e+002 -6.80821e+001  8.78122e+000  5.78500e+002
           112  5.90901e+002  1.12000e+002 -6.80684e+001  8.78125e+000  5.78667e+002
           113  5.91074e+002  1.13000e+002 -6.80535e+001  8.78128e+000  5.78833e+002
           114  5.91250e+002  1.14000e+002 -6.80395e+001  8.78130e+000  5.79000e+002
           115  5.91424e+002  1.15000e+002 -6.80258e+001  8.78133e+000  5.79167e+002
           116  5.91593e+002  1.16000e+002 -6.80146e+001  8.78136e+000  5.79333e+002
           117  5.91766e+002  1.17000e+002 -6.80033e+001  8.78140e+000  5.79500e+002
           118  5.91937e+002  1.18000e+002 -6.79918e+001  8.78143e+000  5.79667e+002
           119  5.92115e+002  1.19000e+002 -6.79798e+001  8.78145e+000  5.79833e+002
           120  5.92292e+002  1.20000e+002 -6.79685e+001  8.78147e+000  5.80000e+002
           121  5.92466e+002  1.21000e+002 -6.79572e+001  8.78146e+000  5.80167e+002
           122  5.92638e+002  1.22000e+002 -6.79461e+001  8.78144e+000  5.80333e+002
           123  5.92810e+002  1.23000e+002 -6.79347e+001  8.78141e+000  5.80500e+002
           124  5.92986e+002  1.24000e+002 -6.79267e+001  8.78133e+000  5.80667e+002
           125  5.93156e+002  1.25000e+002 -6.79166e+001  8.78127e+000  5.80833e+002
           126  5.93326e+002  1.26000e+002 -6.79069e+001  8.78123e+000  5.81000e+002
           127  5.93493e+002  1.27000e+002 -6.78982e+001  8.78119e+000  5.81167e+002
           128  5.93668e+002  1.28000e+002 -6.78892e+001  8.78114e+000  5.81333e+002
           129  5.93834e+002  1.29000e+002 -6.78792e+001  8.78112e+000  5.81500e+002
           130  5.94008e+002  1.30000e+002 -6.78690e+001  8.78109e+000  5.81667e+002
           131  5.94180e+002  1.31000e+002 -6.78599e+001  8.78107e+000  5.81833e+002
           132  5.94351e+002  1.32000e+002 -6.78509e+001  8.78105e+000  5.82000e+002
           133  5.94521e+002  1.33000e+002 -6.78424e+001  8.78105e+000  5.82167e+002
           134  5.94693e+002  1.34000e+002 -6.78335e+001  8.78106e+000  5.82333e+002
           135  5.94865e+002  1.35000e+002 -6.78244e+001  8.78107e+000  5.82500e+002
           136  5.95035e+002  1.36000e+002 -6.78157e+001  8.78110e+000  5.82667e+002
           137  5.95205e+002  1.37000e+002 -6.78067e+001  8.78116e+000  5.82833e+002
           138  5.95372e+002  1.38000e+002 -6.77973e+001  8.78122e+000  5.83000e+002
           139  5.95547e+002  1.39000e+002 -6.77887e+001  8.78127e+000  5.83167e+002
           140  5.95715e+002  1.40000e+002 -6.77815e+001  8.78133e+000  5.83333e+002
           141  5.95888e+002  1.41000e+002 -6.77735e+001  8.78138e+000  5.83500e+002
           142  5.96057e+002  1.42000e+002 -6.77658e+001  8.78140e+000  5.83667e+002
           143  5.96227e+002  1.43000e+002 -6.77585e+001  8.78140e+000  5.83833e+002
           144  5.96396e+002  1.44000e+002 -6.77502e+001  8.78139e+000  5.84000e+002
           145  5.96567e+002  1.45000e+002 -6.77434e+001  8.78133e+000  5.84167e+002
           146  5.96737e+002  1.46000e+002 -6.77367e+001  8.78132e+000  5.84333e+002
           147  5.96911e+002  1.47000e+002 -6.77299e+001  8.78132e+000  5.84500e+002
           148  5.97080e+002  1.48000e+002 -6.77234e+001  8.78133e+000  5.84667e+002
           149  5.97249e+002  1.49000e+002 -6.77194e+001  8.78136e+000  5.84833e+002
           150  5.97422e+002  1.50000e+002 -6.77135e+001  8.78140e+000  5.85000e+002
           151  5.97585e+002  1.51000e+002 -6.77070e+001  8.78144e+000  5.85167e+002
           152  5.97754e+002  1.52000e+002 -6.77004e+001  8.78147e+000  5.85333e+002
           153  5.97924e+002  1.53000e+002 -6.76924e+001  8.78152e+000  5.85500e+002
           154  5.98090e+002  1.54000e+002 -6.76849e+001  8.78155e+000  5.85667e+002
           155  5.98260e+002  1.55000e+002 -6.76777e+001  8.78156e+000  5.85833e+002
           156  5.98433e+002  1.56000e+002 -6.76703e+001  8.78157e+000  5.86000e+002
           157  5.98599e+002  1.57000e+002 -6.76639e+001  8.78155e+000  5.86167e+002
           158  5.98765e+002  1.58000e+002 -6.76577e+001  8.78154e+000  5.86333e+002
           159  5.98939e+002  1.59000e+002 -6.76508e+001  8.78155e+000  5.86500e+002
           160  5.99104e+002  1.60000e+002 -6.76441e+001  8.78155e+000  5.86667e+002
           161  5.99273e+002  1.61000e+002 -6.76367e+001  8.78156e+000  5.86833e+002
           162  5.99443e+002  1.62000e+002 -6.76312e+001  8.78157e+000  5.87000e+002
           163  5.99605e+002  1.63000e+002 -6.76255e+001  8.78158e+000  5.87167e+002
           164  5.99779e+002  1.64000e+002 -6.76194e+001  8.78159e+000  5.87333e+002
           165  5.99951e+002  1.65000e+002 -6.76154e+001  8.78160e+000  5.87500e+002
           166  6.00118e+002  1.66000e+002 -6.76102e+001  8.78162e+000  5.87667e+002
           167  6.00285e+002  1.67000e+002 -6.76047e+001  8.78163e+000  5.87833e+002
           168  6.00456e+002  1.68000e+002 -6.75982e+001  8.78164e+000  5.88000e+002
           169  6.00622e+002  1.69000e+002 -6.75928e+001  8.78165e+000  5.88167e+002
           170  6.00792e+002  1.70000e+002 -6.75856e+001  8.78165e+000  5.88333e+002
           171  6.00956e+002  1.71000e+002 -6.75778e+001  8.78166e+000  5.88500e+002
           172  6.01125e+002  1.72000e+002 -6.75697e+001  8.78166e+000  5.88667e+002
           173  6.01302e+002  1.73000e+002 -6.75577e+001  8.78167e+000  5.88833e+002
           174  6.01467e+002  1.74000e+002 -6.75487e+001  8.78170e+000  5.89000e+002
           175  6.01633e+002  1.75000e+002 -6.75412e+001  8.78172e+000  5.89167e+002
           176  6.01802e+002  1.76000e+002 -6.75343e+001  8.78175e+000  5.89333e+002
           177  6.01969e+002  1.77000e+002 -6.75223e+001  8.78180e+000  5.89500e+002
           178  6.02138e+002  1.78000e+002 -6.75130e+001  8.78184e+000  5.89667e+002
           179  6.02305e+002  1.79000e+002 -6.75053e+001  8.78187e+000  5.89833e+002
           180  6.02472e+002  1.80000e+002 -6.74985e+001  8.78189e+000  5.90000e+002
           181  6.02639e+002  1.81000e+002 -6.74916e+001  8.78190e+000  5.90167e+002
           182  6.02807e+002  1.82000e+002 -6.74844e+001  8.78191e+000  5.90333e+002
           183  6.02974e+002  1.83000e+002 -6.74787e+001  8.78191e+000  5.90500e+002
           184  6.03145e+002  1.84000e+002 -6.74733e+001  8.78191e+000  5.90667e+002
           185  6.03305e+002  1.85000e+002 -6.74706e+001  8.78189e+000  5.90833e+002
           186  6.03479e+002  1.86000e+002 -6.74641e+001  8.78189e+000  5.91000e+002
           187  6.03646e+002  1.87000e+002 -6.74579e+001  8.78189e+000  5.91167e+002
           188  6.03815e+002  1.88000e+002 -6.74531e+001  8.78189e+000  5.91333e+002
           189  6.03981e+002  1.89000e+002 -6.74500e+001  8.78190e+000  5.91500e+002
           190  6.04143e+002  1.90000e+002 -6.74448e+001  8.78191e+000  5.91667e+002
           191  6.04317e+002  1.91000e+002 -6.74397e+001  8.78192e+000  5.91833e+002
           192  6.04479e+002  1.92000e+002 -6.74340e+001  8.78193e+000  5.92000e+002
           193  6.04650e+002  1.93000e+002 -6.74285e+001  8.78194e+000  5.92167e+002
           194  6.04814e+002  1.94000e+002 -6.74232e+001  8.78194e+000  5.92333e+002
           195  6.04987e+002  1.95000e+002 -6.74187e+001  8.78195e+000  5.92500e+002
           196  6.05152e+002  1.96000e+002 -6.74144e+001  8.78195e+000  5.92667e+002
           197  6.05318e+002  1.97000e+002 -6.74101e+001  8.78195e+000  5.92833e+002
           198  6.05485e+002  1.98000e+002 -6.74058e+001  8.78194e+000  5.93000e+002
           199  6.05650e+002  1.99000e+002 -6.74023e+001  8.78194e+000  5.93167e+002
           200  6.05814e+002  2.00000e+002 -6.73984e+001  8.78195e+000  5.93333e+002
           201  6.05982e+002  2.01000e+002 -6.73944e+001  8.78195e+000  5.93500e+002
           202  6.06150e+002  2.02000e+002 -6.73909e+001  8.78195e+000  5.93667e+002
           203  6.06319e+002  2.03000e+002 -6.73869e+001  8.78195e+000  5.93833e+002
           204  6.06487e+002  2.04000e+002 -6.73823e+001  8.78195e+000  5.94000e+002
           205  6.06654e+002  2.05000e+002 -6.73775e+001  8.78194e+000  5.94167e+002
           206  6.06817e+002  2.06000e+002 -6.73744e+001  8.78193e+000  5.94333e+002
           207  6.06987e+002  2.07000e+002 -6.73701e+001  8.78192e+000  5.94500e+002
           208  6.07150e+002  2.08000e+002 -6.73663e+001  8.78190e+000  5.94667e+002
           209  6.07310e+002  2.09000e+002 -6.73626e+001  8.78189e+000  5.94833e+002
           210  6.07475e+002  2.10000e+002 -6.73593e+001  8.78187e+000  5.95000e+002
           211  6.07650e+002  2.11000e+002 -6.73567e+001  8.78188e+000  5.95167e+002
           212  6.07813e+002  2.12000e+002 -6.73544e+001  8.78189e+000  5.95333e+002
           213  6.07979e+002  2.13000e+002 -6.73516e+001  8.78190e+000  5.95500e+002
           214  6.08148e+002  2.14000e+002 -6.73503e+001  8.78195e+000  5.95667e+002
           215  6.08314e+002  2.15000e+002 -6.73490e+001  8.78197e+000  5.95833e+002
           216  6.08484e+002  2.16000e+002 -6.73476e+001  8.78199e+000  5.96000e+002
           217  6.08649e+002  2.17000e+002 -6.73457e+001  8.78201e+000  5.96167e+002
           218  6.08815e+002  2.18000e+002 -6.73485e+001  8.78201e+000  5.96333e+002
           219  6.08983e+002  2.19000e+002 -6.73491e+001  8.78201e+000  5.96500e+002
           220  6.09145e+002  2.20000e+002 -6.73487e+001  8.78200e+000  5.96667e+002
           221  6.09305e+002  2.21000e+002 -6.73482e+001  8.78199e+000  5.96833e+002
           222  6.09481e+002  2.22000e+002 -6.73461e+001  8.78194e+000  5.97000e+002
           223  6.09645e+002  2.23000e+002 -6.73430e+001  8.78190e+000  5.97167e+002
           224  6.09811e+002  2.24000e+002 -6.73400e+001  8.78187e+000  5.97333e+002
           225  6.09977e+002  2.25000e+002 -6.73375e+001  8.78184e+000  5.97500e+002
           226  6.10147e+002  2.26000e+002 -6.73346e+001  8.78180e+000  5.97667e+002
           227  6.10315e+002  2.27000e+002 -6.73316e+001  8.78177e+000  5.97833e+002
           228  6.10476e+002  2.28000e+002 -6.73287e+001  8.78174e+000  5.98000e+002
           229  6.10638e+002  2.29000e+002 -6.73247e+001  8.78172e+000  5.98167e+002
           230  6.10805e+002  2.30000e+002 -6.73150e+001  8.78172e+000  5.98333e+002
           231  6.10978e+002  2.31000e+002 -6.73084e+001  8.78172e+000  5.98500e+002
           232  6.11146e+002  2.32000e+002 -6.73019e+001  8.78172e+000  5.98667e+002
           233  6.11311e+002  2.33000e+002 -6.72955e+001  8.78173e+000  5.98833e+002
           234  6.11480e+002  2.34000e+002 -6.72878e+001  8.78176e+000  5.99000e+002
           235  6.11645e+002  2.35000e+002 -6.72810e+001  8.78179e+000  5.99167e+002
           236  6.11817e+002  2.36000e+002 -6.72743e+001  8.78183e+000  5.99333e+002
           237  6.11983e+002  2.37000e+002 -6.72678e+001  8.78188e+000  5.99500e+002
           238  6.12144e+002  2.38000e+002 -6.72575e+001  8.78196e+000  5.99667e+002
           239  6.12306e+002  2.39000e+002 -6.72511e+001  8.78204e+000  5.99833e+002
           240  6.12478e+002  2.40000e+002 -6.72449e+001  8.78212e+000  6.00000e+002
           241  6.12645e+002  2.41000e+002 -6.72368e+001  8.78221e+000  6.00167e+002
           242  6.12805e+002  2.42000e+002 -6.72312e+001  8.78231e+000  6.00333e+002
           243  6.12977e+002  2.43000e+002 -6.72251e+001  8.78239e+000  6.00500e+002
           244  6.13143e+002  2.44000e+002 -6.72184e+001  8.78246e+000  6.00667e+002
           245  6.13310e+002  2.45000e+002 -6.72115e+001  8.78252e+000  6.00833e+002
           246  6.13474e+002  2.46000e+002 -6.72065e+001  8.78253e+000  6.01000e+002
           247  6.13644e+002  2.47000e+002 -6.71999e+001  8.78255e+000  6.01167e+002
           248  6.13810e+002  2.48000e+002 -6.71947e+001  8.78256e+000  6.01333e+002
           249  6.13967e+002  2.49000e+002 -6.71910e+001  8.78255e+000  6.01500e+002
           250  6.14143e+002  2.50000e+002 -6.71840e+001  8.78249e+000  6.01667e+002
           251  6.14310e+002  2.51000e+002 -6.71789e+001  8.78244e+000  6.01833e+002
           252  6.14478e+002  2.52000e+002 -6.71752e+001  8.78239e+000  6.02000e+002
           253  6.14640e+002  2.53000e+002 -6.71717e+001  8.78233e+000  6.02167e+002
           254  6.14806e+002  2.54000e+002 -6.71686e+001  8.78225e+000  6.02333e+002
           255  6.14970e+002  2.55000e+002 -6.71643e+001  8.78218e+000  6.02500e+002
           256  6.15139e+002  2.56000e+002 -6.71601e+001  8.78213e+000  6.02667e+002
           257  6.15301e+002  2.57000e+002 -6.71563e+001  8.78207e+000  6.02833e+002
           258  6.15470e+002  2.58000e+002 -6.71559e+001  8.78205e+000  6.03000e+002
           259  6.15635e+002  2.59000e+002 -6.71527e+001  8.78203e+000  6.03167e+002
           260  6.15795e+002  2.60000e+002 -6.71480e+001  8.78202e+000  6.03333e+002
           261  6.15962e+002  2.61000e+002 -6.71423e+001  8.78201e+000  6.03500e+002
           262  6.16130e+002  2.62000e+002 -6.71346e+001  8.78203e+000  6.03667e+002
           263  6.16288e+002  2.63000e+002 -6.71274e+001  8.78203e+000  6.03833e+002
           264  6.16458e+002  2.64000e+002 -6.71208e+001  8.78203e+000  6.04000e+002
           265  6.16629e+002  2.65000e+002 -6.71145e+001  8.78203e+000  6.04167e+002
           266  6.16786e+002  2.66000e+002 -6.71069e+001  8.78203e+000  6.04333e+002
           267  6.16956e+002  2.67000e+002 -6.71002e+001  8.78202e+000  6.04500e+002
           268  6.17120e+002  2.68000e+002 -6.70932e+001  8.78203e+000  6.04667e+002
           269  6.17289e+002  2.69000e+002 -6.70856e+001  8.78205e+000  6.04833e+002
           270  6.17459e+002  2.70000e+002 -6.70741e+001  8.78208e+000  6.05000e+002
           271  6.17620e+002  2.71000e+002 -6.70661e+001  8.78212e+000  6.05167e+002
           272  6.17784e+002  2.72000e+002 -6.70589e+001  8.78218e+000  6.05333e+002
           273  6.17948e+002  2.73000e+002 -6.70522e+001  8.78224e+000  6.05500e+002
           274  6.18112e+002  2.74000e+002 -6.70461e+001  8.78233e+000  6.05667e+002
           275  6.18282e+002  2.75000e+002 -6.70397e+001  8.78240e+000  6.05833e+002
           276  6.18449e+002  2.76000e+002 -6.70343e+001  8.78246e+000  6.06000e+002
           277  6.18613e+002  2.77000e+002 -6.70299e+001  8.78253e+000  6.06167e+002
           278  6.18781e+002  2.78000e+002 -6.70268e+001  8.78258e+000  6.06333e+002
           279  6.18952e+002  2.79000e+002 -6.70244e+001  8.78262e+000  6.06500e+002
           280  6.19113e+002  2.80000e+002 -6.70220e+001  8.78266e+000  6.06667e+002
           281  6.19275e+002  2.81000e+002 -6.70200e+001  8.78269e+000  6.06833e+002
           282  6.19438e+002  2.82000e+002 -6.70204e+001  8.78268e+000  6.07000e+002
           283  6.19604e+002  2.83000e+002 -6.70182e+001  8.78266e+000  6.07167e+002
           284  6.19764e+002  2.84000e+002 -6.70161e+001  8.78264e+000  6.07333e+002
           285  6.19934e+002  2.85000e+002 -6.70145e+001  8.78261e+000  6.07500e+002
           286  6.20101e+002  2.86000e+002 -6.70171e+001  8.78254e+000  6.07667e+002
           287  6.20271e+002  2.87000e+002 -6.70166e+001  8.78248e+000  6.07833e+002
           288  6.20433e+002  2.88000e+002 -6.70148e+001  8.78243e+000  6.08000e+002
           289  6.20596e+002  2.89000e+002 -6.70127e+001  8.78237e+000  6.08167e+002
           290  6.20763e+002  2.90000e+002 -6.70109e+001  8.78232e+000  6.08333e+002
           291  6.20927e+002  2.91000e+002 -6.70053e+001  8.78228e+000  6.08500e+002
           292  6.21095e+002  2.92000e+002 -6.70005e+001  8.78225e+000  6.08667e+002
           293  6.21255e+002  2.93000e+002 -6.69972e+001  8.78223e+000  6.08833e+002
           294  6.21419e+002  2.94000e+002 -6.69947e+001  8.78221e+000  6.09000e+002
           295  6.21588e+002  2.95000e+002 -6.69907e+001  8.78223e+000  6.09167e+002
           296  6.21756e+002  2.96000e+002 -6.69868e+001  8.78224e+000  6.09333e+002
           297  6.21919e+002  2.97000e+002 -6.69834e+001  8.78224e+000  6.09500e+002
           298  6.22080e+002  2.98000e+002 -6.69801e+001  8.78226e+000  6.09667e+002
           299  6.22253e+002  2.99000e+002 -6.69745e+001  8.78228e+000  6.09833e+002
           300  6.22418e+002  3.00000e+002 -6.69683e+001  8.78230e+000  6.10000e+002
           301  6.22581e+002  3.01000e+002 -6.69622e+001  8.78231e+000  6.10167e+002
           302  6.22745e+002  3.02000e+002 -6.69561e+001  8.78232e+000  6.10333e+002
           303  6.22906e+002  3.03000e+002 -6.69506e+001  8.78232e+000  6.10500e+002
           304  6.23073e+002  3.04000e+002 -6.69437e+001  8.78231e+000  6.10667e+002
           305  6.23239e+002  3.05000e+002 -6.69368e+001  8.78231e+000  6.10833e+002
           306  6.23405e+002  3.06000e+002 -6.69301e+001  8.78230e+000  6.11000e+002
           307  6.23564e+002  3.07000e+002 -6.69211e+001  8.78231e+000  6.11167e+002
           308  6.23730e+002  3.08000e+002 -6.69141e+001  8.78233e+000  6.11333e+002
           309  6.23897e+002  3.09000e+002 -6.69079e+001  8.78237e+000  6.11500e+002
           310  6.24057e+002  3.10000e+002 -6.69025e+001  8.78242e+000  6.11667e+002
           311  6.24227e+002  3.11000e+002 -6.68942e+001  8.78252e+000  6.11833e+002
           312  6.24387e+002  3.12000e+002 -6.68867e+001  8.78260e+000  6.12000e+002
           313  6.24551e+002  3.13000e+002 -6.68799e+001  8.78267e+000  6.12167e+002
           314  6.24722e+002  3.14000e+002 -6.68744e+001  8.78273e+000  6.12333e+002
           315  6.24882e+002  3.15000e+002 -6.68695e+001  8.78278e+000  6.12500e+002
           316  6.25042e+002  3.16000e+002 -6.68643e+001  8.78281e+000  6.12667e+002
           317  6.25214e+002  3.17000e+002 -6.68599e+001  8.78282e+000  6.12833e+002
           318  6.25379e+002  3.18000e+002 -6.68561e+001  8.78282e+000  6.13000e+002
           319  6.25535e+002  3.19000e+002 -6.68531e+001  8.78276e+000  6.13167e+002
           320  6.25701e+002  3.20000e+002 -6.68490e+001  8.78271e+000  6.13333e+002
           321  6.25869e+002  3.21000e+002 -6.68458e+001  8.78267e+000  6.13500e+002
           322  6.26035e+002  3.22000e+002 -6.68438e+001  8.78262e+000  6.13667e+002
           323  6.26204e+002  3.23000e+002 -6.68454e+001  8.78255e+000  6.13833e+002
           324  6.26370e+002  3.24000e+002 -6.68454e+001  8.78249e+000  6.14000e+002
           325  6.26526e+002  3.25000e+002 -6.68454e+001  8.78244e+000  6.14167e+002
           326  6.26691e+002  3.26000e+002 -6.68444e+001  8.78239e+000  6.14333e+002
           327  6.26854e+002  3.27000e+002 -6.68445e+001  8.78234e+000  6.14500e+002
           328  6.27020e+002  3.28000e+002 -6.68425e+001  8.78230e+000  6.14667e+002
           329  6.27183e+002  3.29000e+002 -6.68399e+001  8.78227e+000  6.14833e+002
           330  6.27354e+002  3.30000e+002 -6.68359e+001  8.78223e+000  6.15000e+002
           331  6.27517e+002  3.31000e+002 -6.68352e+001  8.78221e+000  6.15167e+002
           332  6.27681e+002  3.32000e+002 -6.68324e+001  8.78219e+000  6.15333e+002
           333  6.27845e+002  3.33000e+002 -6.68284e+001  8.78217e+000  6.15500e+002
           334  6.28005e+002  3.34000e+002 -6.68248e+001  8.78215e+000  6.15667e+002
           335  6.28170e+002  3.35000e+002 -6.68146e+001  8.78214e+000  6.15833e+002
           336  6.28341e+002  3.36000e+002 -6.68076e+001  8.78213e+000  6.16000e+002
           337  6.28501e+002  3.37000e+002 -6.68005e+001  8.78212e+000  6.16167e+002
           338  6.28669e+002  3.38000e+002 -6.67930e+001  8.78212e+000  6.16333e+002
           339  6.28829e+002  3.39000e+002 -6.67814e+001  8.78213e+000  6.16500e+002
           340  6.28998e+002  3.40000e+002 -6.67723e+001  8.78214e+000  6.16667e+002
           341  6.29164e+002  3.41000e+002 -6.67631e+001  8.78215e+000  6.16833e+002
           342  6.29327e+002  3.42000e+002 -6.67538e+001  8.78216e+000  6.17000e+002
           343  6.29491e+002  3.43000e+002 -6.67420e+001  8.78217e+000  6.17167e+002
           344  6.29653e+002  3.44000e+002 -6.67328e+001  8.78219e+000  6.17333e+002
           345  6.29819e+002  3.45000e+002 -6.67257e+001  8.78220e+000  6.17500e+002
           346  6.29979e+002  3.46000e+002 -6.67192e+001  8.78222e+000  6.17667e+002
           347  6.30145e+002  3.47000e+002 -6.67084e+001  8.78224e+000  6.17833e+002
           348  6.30312e+002  3.48000e+002 -6.67002e+001  8.78227e+000  6.18000e+002
           349  6.30473e+002  3.49000e+002 -6.66939e+001  8.78230e+000  6.18167e+002
           350  6.30637e+002  3.50000e+002 -6.66893e+001  8.78233e+000  6.18333e+002
           351  6.30806e+002  3.51000e+002 -6.66892e+001  8.78237e+000  6.18500e+002
           352  6.30968e+002  3.52000e+002 -6.66861e+001  8.78240e+000  6.18667e+002
           353  6.31131e+002  3.53000e+002 -6.66820e+001  8.78242e+000  6.18833e+002
           354  6.31295e+002  3.54000e+002 -6.66777e+001  8.78243e+000  6.19000e+002
           355  6.31457e+002  3.55000e+002 -6.66776e+001  8.78242e+000  6.19167e+002
           356  6.31625e+002  3.56000e+002 -6.66748e+001  8.78241e+000  6.19333e+002
           357  6.31794e+002  3.57000e+002 -6.66702e+001  8.78239e+000  6.19500e+002
           358  6.31956e+002  3.58000e+002 -6.66662e+001  8.78236e+000  6.19667e+002
           359  6.32121e+002  3.59000e+002 -6.66625e+001  8.78233e+000  6.19833e+002
           360  6.32281e+002  3.60000e+002 -6.66604e+001  8.78227e+000  6.20000e+002
           361  6.32445e+002  3.61000e+002 -6.66583e+001  8.78224e+000  6.20167e+002
           362  6.32607e+002  3.62000e+002 -6.66556e+001  8.78221e+000  6.20333e+002
           363  6.32777e+002  3.63000e+002 -6.66524e+001  8.78218e+000  6.20500e+002
           364  6.32939e+002  3.64000e+002 -6.66449e+001  8.78217e+000  6.20667e+002
           365  6.33100e+002  3.65000e+002 -6.66385e+001  8.78214e+000  6.20833e+002
           366  6.33263e+002  3.66000e+002 -6.66319e+001  8.78212e+000  6.21000e+002
           367  6.33430e+002  3.67000e+002 -6.66263e+001  8.78211e+000  6.21167e+002
           368  6.33598e+002  3.68000e+002 -6.66208e+001  8.78210e+000  6.21333e+002
           369  6.33763e+002  3.69000e+002 -6.66140e+001  8.78210e+000  6.21500e+002
           370  6.33926e+002  3.70000e+002 -6.66062e+001  8.78211e+000  6.21667e+002
           371  6.34086e+002  3.71000e+002 -6.65980e+001  8.78213e+000  6.21833e+002
           372  6.34256e+002  3.72000e+002 -6.65837e+001  8.78217e+000  6.22000e+002
           373  6.34422e+002  3.73000e+002 -6.65730e+001  8.78222e+000  6.22167e+002
           374  6.34583e+002  3.74000e+002 -6.65631e+001  8.78226e+000  6.22333e+002
           375  6.34740e+002  3.75000e+002 -6.65530e+001  8.78231e+000  6.22500e+002
           376  6.34906e+002  3.76000e+002 -6.65414e+001  8.78239e+000  6.22667e+002
           377  6.35077e+002  3.77000e+002 -6.65303e+001  8.78247e+000  6.22833e+002
           378  6.35240e+002  3.78000e+002 -6.65196e+001  8.78255e+000  6.23000e+002
           379  6.35394e+002  3.79000e+002 -6.65093e+001  8.78263e+000  6.23167e+002
           380  6.35561e+002  3.80000e+002 -6.64963e+001  8.78273e+000  6.23333e+002
           381  6.35733e+002  3.81000e+002 -6.64852e+001  8.78281e+000  6.23500e+002
           382  6.35899e+002  3.82000e+002 -6.64749e+001  8.78289e+000  6.23667e+002
           383  6.36056e+002  3.83000e+002 -6.64651e+001  8.78297e+000  6.23833e+002
           384  6.36224e+002  3.84000e+002 -6.64564e+001  8.78302e+000  6.24000e+002
           385  6.36391e+002  3.85000e+002 -6.64481e+001  8.78306e+000  6.24167e+002
           386  6.36552e+002  3.86000e+002 -6.64409e+001  8.78309e+000  6.24333e+002
           387  6.36718e+002  3.87000e+002 -6.64336e+001  8.78311e+000  6.24500e+002
           388  6.36883e+002  3.88000e+002 -6.64274e+001  8.78308e+000  6.24667e+002
           389  6.37046e+002  3.89000e+002 -6.64190e+001  8.78307e+000  6.24833e+002
           390  6.37212e+002  3.90000e+002 -6.64102e+001  8.78305e+000  6.25000e+002
           391  6.37376e+002  3.91000e+002 -6.64031e+001  8.78302e+000  6.25167e+002
           392  6.37544e+002  3.92000e+002 -6.63976e+001  8.78297e+000  6.25333e+002
           393  6.37712e+002  3.93000e+002 -6.63903e+001  8.78292e+000  6.25500e+002
           394  6.37870e+002  3.94000e+002 -6.63845e+001  8.78286e+000  6.25667e+002
           395  6.38032e+002  3.95000e+002 -6.63801e+001  8.78281e+000  6.25833e+002
           396  6.38193e+002  3.96000e+002 -6.63746e+001  8.78274e+000  6.26000e+002
           397  6.38366e+002  3.97000e+002 -6.63706e+001  8.78268e+000  6.26167e+002
           398  6.38527e+002  3.98000e+002 -6.63661e+001  8.78262e+000  6.26333e+002
           399  6.38694e+002  3.99000e+002 -6.63617e+001  8.78256e+000  6.26500e+002
           400  6.38860e+002  4.00000e+002 -6.63613e+001  8.78251e+000  6.26667e+002
           401  6.39024e+002  4.01000e+002 -6.63581e+001  8.78246e+000  6.26833e+002
           402  6.39191e+002  4.02000e+002 -6.63547e+001  8.78242e+000  6.27000e+002
           403  6.39358e+002  4.03000e+002 -6.63519e+001  8.78238e+000  6.27167e+002
           404  6.39517e+002  4.04000e+002 -6.63515e+001  8.78236e+000  6.27333e+002
           405  6.39686e+002  4.05000e+002 -6.63486e+001  8.78234e+000  6.27500e+002
           406  6.39848e+002  4.06000e+002 -6.63448e+001  8.78233e+000  6.27667e+002
           407  6.40007e+002  4.07000e+002 -6.63400e+001  8.78232e+000  6.27833e+002
           408  6.40174e+002  4.08000e+002 -6.63331e+001  8.78235e+000  6.28000e+002
           409  6.40344e+002  4.09000e+002 -6.63274e+001  8.78237e+000  6.28167e+002
           410  6.40511e+002  4.10000e+002 -6.63225e+001  8.78239e+000  6.28333e+002
           411  6.40672e+002  4.11000e+002 -6.63172e+001  8.78242e+000  6.28500e+002
           412  6.40827e+002  4.12000e+002 -6.63102e+001  8.78248e+000  6.28667e+002
           413  6.40996e+002  4.13000e+002 -6.63040e+001  8.78253e+000  6.28833e+002
           414  6.41162e+002  4.14000e+002 -6.62981e+001  8.78257e+000  6.29000e+002
           415  6.41325e+002  4.15000e+002 -6.62909e+001  8.78261e+000  6.29167e+002
           416  6.41494e+002  4.16000e+002 -6.62807e+001  8.78267e+000  6.29333e+002
           417  6.41661e+002  4.17000e+002 -6.62726e+001  8.78272e+000  6.29500e+002
           418  6.41824e+002  4.18000e+002 -6.62645e+001  8.78278e+000  6.29667e+002
           419  6.41986e+002  4.19000e+002 -6.62561e+001  8.78283e+000  6.29833e+002
           420  6.42151e+002  4.20000e+002 -6.62477e+001  8.78289e+000  6.30000e+002
           421  6.42309e+002  4.21000e+002 -6.62407e+001  8.78294e+000  6.30167e+002
           422  6.42477e+002  4.22000e+002 -6.62351e+001  8.78297e+000  6.30333e+002
           423  6.42638e+002  4.23000e+002 -6.62306e+001  8.78300e+000  6.30500e+002
           424  6.42806e+002  4.24000e+002 -6.62245e+001  8.78300e+000  6.30667e+002
           425  6.42968e+002  4.25000e+002 -6.62193e+001  8.78301e+000  6.30833e+002
           426  6.43134e+002  4.26000e+002 -6.62157e+001  8.78301e+000  6.31000e+002
           427  6.43302e+002  4.27000e+002 -6.62131e+001  8.78300e+000  6.31167e+002
           428  6.43461e+002  4.28000e+002 -6.62141e+001  8.78297e+000  6.31333e+002
           429  6.43627e+002  4.29000e+002 -6.62129e+001  8.78294e+000  6.31500e+002
           430  6.43791e+002  4.30000e+002 -6.62100e+001  8.78292e+000  6.31667e+002
           431  6.43961e+002  4.31000e+002 -6.62062e+001  8.78288e+000  6.31833e+002
           432  6.44130e+002  4.32000e+002 -6.62092e+001  8.78285e+000  6.32000e+002
           433  6.44295e+002  4.33000e+002 -6.62083e+001  8.78282e+000  6.32167e+002
           434  6.44456e+002  4.34000e+002 -6.62063e+001  8.78280e+000  6.32333e+002
           435  6.44612e+002  4.35000e+002 -6.62045e+001  8.78277e+000  6.32500e+002
           436  6.44779e+002  4.36000e+002 -6.62002e+001  8.78277e+000  6.32667e+002
           437  6.44940e+002  4.37000e+002 -6.61960e+001  8.78275e+000  6.32833e+002
           438  6.45106e+002  4.38000e+002 -6.61917e+001  8.78273e+000  6.33000e+002
           439  6.45266e+002  4.39000e+002 -6.61871e+001  8.78270e+000  6.33167e+002
           440  6.45435e+002  4.40000e+002 -6.61779e+001  8.78266e+000  6.33333e+002
           441  6.45604e+002  4.41000e+002 -6.61707e+001  8.78262e+000  6.33500e+002
           442  6.45769e+002  4.42000e+002 -6.61627e+001  8.78258e+000  6.33667e+002
           443  6.45928e+002  4.43000e+002 -6.61536e+001  8.78253e+000  6.33833e+002
           444  6.46089e+002  4.44000e+002 -6.61417e+001  8.78249e+000  6.34000e+002
           445  6.46260e+002  4.45000e+002 -6.61312e+001  8.78246e+000  6.34167e+002
           446  6.46422e+002  4.46000e+002 -6.61198e+001  8.78246e+000  6.34333e+002
           447  6.46588e+002  4.47000e+002 -6.61080e+001  8.78247e+000  6.34500e+002
           448  6.46746e+002  4.48000e+002 -6.60931e+001  8.78253e+000  6.34667e+002
           449  6.46918e+002  4.49000e+002 -6.60810e+001  8.78258e+000  6.34833e+002
           450  6.47075e+002  4.50000e+002 -6.60697e+001  8.78264e+000  6.35000e+002
           451  6.47238e+002  4.51000e+002 -6.60590e+001  8.78270e+000  6.35167e+002
           452  6.47403e+002  4.52000e+002 -6.60492e+001  8.78277e+000  6.35333e+002
           453  6.47571e+002  4.53000e+002 -6.60348e+001  8.78287e+000  6.35500e+002
           454  6.47733e+002  4.54000e+002 -6.60223e+001  8.78294e+000  6.35667e+002
           455  6.47896e+002  4.55000e+002 -6.60110e+001  8.78300e+000  6.35833e+002
           456  6.48064e+002  4.56000e+002 -6.60001e+001  8.78306e+000  6.36000e+002
           457  6.48227e+002  4.57000e+002 -6.59930e+001  8.78309e+000  6.36167e+002
           458  6.48394e+002  4.58000e+002 -6.59836e+001  8.78312e+000  6.36333e+002
           459  6.48557e+002  4.59000e+002 -6.59735e+001  8.78314e+000  6.36500e+002
           460  6.48721e+002  4.60000e+002 -6.59643e+001  8.78316e+000  6.36667e+002
           461  6.48887e+002  4.61000e+002 -6.59556e+001  8.78315e+000  6.36833e+002
           462  6.49053e+002  4.62000e+002 -6.59471e+001  8.78315e+000  6.37000e+002
           463  6.49212e+002  4.63000e+002 -6.59397e+001  8.78314e+000  6.37167e+002
           464  6.49383e+002  4.64000e+002 -6.59324e+001  8.78313e+000  6.37333e+002
           465  6.49546e+002  4.65000e+002 -6.59269e+001  8.78309e+000  6.37500e+002
           466  6.49710e+002  4.66000e+002 -6.59199e+001  8.78307e+000  6.37667e+002
           467  6.49870e+002  4.67000e+002 -6.59124e+001  8.78305e+000  6.37833e+002
           468  6.50036e+002  4.68000e+002 -6.59060e+001  8.78304e+000  6.38000e+002
           469  6.50198e+002  4.69000e+002 -6.59041e+001  8.78302e+000  6.38167e+002
           470  6.50357e+002  4.70000e+002 -6.58998e+001  8.78302e+000  6.38333e+002
           471  6.50524e+002  4.71000e+002 -6.58946e+001  8.78302e+000  6.38500e+002
           472  6.50689e+002  4.72000e+002 -6.58897e+001  8.78303e+000  6.38667e+002
           473  6.50854e+002  4.73000e+002 -6.58855e+001  8.78305e+000  6.38833e+002
           474  6.51015e+002  4.74000e+002 -6.58819e+001  8.78305e+000  6.39000e+002
           475  6.51181e+002  4.75000e+002 -6.58792e+001  8.78304e+000  6.39167e+002
           476  6.51341e+002  4.76000e+002 -6.58767e+001  8.78302e+000  6.39333e+002
           477  6.51504e+002  4.77000e+002 -6.58751e+001  8.78298e+000  6.39500e+002
           478  6.51667e+002  4.78000e+002 -6.58707e+001  8.78294e+000  6.39667e+002
           479  6.51831e+002  4.79000e+002 -6.58657e+001  8.78289e+000  6.39833e+002
           480  6.52002e+002  4.80000e+002 -6.58606e+001  8.78285e+000  6.40000e+002
           481  6.52165e+002  4.81000e+002 -6.58562e+001  8.78282e+000  6.40167e+002
           482  6.52330e+002  4.82000e+002 -6.58513e+001  8.78281e+000  6.40333e+002
           483  6.52494e+002  4.83000e+002 -6.58462e+001  8.78282e+000  6.40500e+002
           484  6.52653e+002  4.84000e+002 -6.58414e+001  8.78285e+000  6.40667e+002
           485  6.52820e+002  4.85000e+002 -6.58350e+001  8.78293e+000  6.40833e+002
           486  6.52985e+002  4.86000e+002 -6.58292e+001  8.78299e+000  6.41000e+002
           487  6.53147e+002  4.87000e+002 -6.58233e+001  8.78304e+000  6.41167e+002
           488  6.53314e+002  4.88000e+002 -6.58174e+001  8.78309e+000  6.41333e+002
           489  6.53479e+002  4.89000e+002 -6.58094e+001  8.78313e+000  6.41500e+002
           490  6.53640e+002  4.90000e+002 -6.58029e+001  8.78317e+000  6.41667e+002
           491  6.53799e+002  4.91000e+002 -6.57970e+001  8.78320e+000  6.41833e+002
           492  6.53968e+002  4.92000e+002 -6.57920e+001  8.78323e+000  6.42000e+002
           493  6.54134e+002  4.93000e+002 -6.57863e+001  8.78323e+000  6.42167e+002
           494  6.54298e+002  4.94000e+002 -6.57809e+001  8.78324e+000  6.42333e+002
           495  6.54460e+002  4.95000e+002 -6.57754e+001  8.78326e+000  6.42500e+002
           496  6.54621e+002  4.96000e+002 -6.57696e+001  8.78328e+000  6.42667e+002
           497  6.54785e+002  4.97000e+002 -6.57645e+001  8.78330e+000  6.42833e+002
           498  6.54952e+002  4.98000e+002 -6.57599e+001  8.78332e+000  6.43000e+002
           499  6.55115e+002  4.99000e+002 -6.57556e+001  8.78333e+000  6.43167e+002
           500  6.55277e+002  5.00000e+002 -6.57518e+001  8.78334e+000  6.43333e+002
           501  6.55442e+002  5.01000e+002 -6.57495e+001  8.78335e+000  6.43500e+002
           502  6.55608e+002  5.02000e+002 -6.57466e+001  8.78334e+000  6.43667e+002
           503  6.55771e+002  5.03000e+002 -6.57437e+001  8.78332e+000  6.43833e+002
           504  6.55937e+002  5.04000e+002 -6.57401e+001  8.78330e+000  6.44000e+002
           505  6.56103e+002  5.05000e+002 -6.57363e+001  8.78324e+000  6.44167e+002
           506  6.56267e+002  5.06000e+002 -6.57325e+001  8.78319e+000  6.44333e+002
           507  6.56428e+002  5.07000e+002 -6.57284e+001  8.78314e+000  6.44500e+002
           508  6.56588e+002  5.08000e+002 -6.57241e+001  8.78310e+000  6.44667e+002
           509  6.56751e+002  5.09000e+002 -6.57198e+001  8.78305e+000  6.44833e+002
           510  6.56924e+002  5.10000e+002 -6.57139e+001  8.78301e+000  6.45000e+002
           511  6.57084e+002  5.11000e+002 -6.57077e+001  8.78297e+000  6.45167e+002
           512  6.57247e+002  5.12000e+002 -6.57020e+001  8.78295e+000  6.45333e+002
           513  6.57414e+002  5.13000e+002 -6.56932e+001  8.78295e+000  6.45500e+002
           514  6.57575e+002  5.14000e+002 -6.56855e+001  8.78296e+000  6.45667e+002
           515  6.57737e+002  5.15000e+002 -6.56787e+001  8.78297e+000  6.45833e+002
           516  6.57904e+002  5.16000e+002 -6.56726e+001  8.78300e+000  6.46000e+002
           517  6.58070e+002  5.17000e+002 -6.56623e+001  8.78305e+000  6.46167e+002
           518  6.58238e+002  5.18000e+002 -6.56540e+001  8.78310e+000  6.46333e+002
           519  6.58399e+002  5.19000e+002 -6.56454e+001  8.78315e+000  6.46500e+002
           520  6.58562e+002  5.20000e+002 -6.56362e+001  8.78319e+000  6.46667e+002
           521  6.58731e+002  5.21000e+002 -6.56261e+001  8.78323e+000  6.46833e+002
           522  6.58890e+002  5.22000e+002 -6.56146e+001  8.78325e+000  6.47000e+002
           523  6.59059e+002  5.23000e+002 -6.56043e+001  8.78327e+000  6.47167e+002
           524  6.59219e+002  5.24000e+002 -6.55946e+001  8.78328e+000  6.47333e+002
           525  6.59372e+002  5.25000e+002 -6.55852e+001  8.78328e+000  6.47500e+002
           526  6.59546e+002  5.26000e+002 -6.55718e+001  8.78326e+000  6.47667e+002
           527  6.59711e+002  5.27000e+002 -6.55616e+001  8.78325e+000  6.47833e+002
           528  6.59871e+002  5.28000e+002 -6.55528e+001  8.78326e+000  6.48000e+002
           529  6.60034e+002  5.29000e+002 -6.55447e+001  8.78327e+000  6.48167e+002
           530  6.60203e+002  5.30000e+002 -6.55350e+001  8.78329e+000  6.48333e+002
           531  6.60370e+002  5.31000e+002 -6.55275e+001  8.78331e+000  6.48500e+002
           532  6.60531e+002  5.32000e+002 -6.55197e+001  8.78332e+000  6.48667e+002
           533  6.60693e+002  5.33000e+002 -6.55118e+001  8.78333e+000  6.48833e+002
           534  6.60855e+002  5.34000e+002 -6.55098e+001  8.78334e+000  6.49000e+002
           535  6.61021e+002  5.35000e+002 -6.55061e+001  8.78334e+000  6.49167e+002
           536  6.61189e+002  5.36000e+002 -6.55025e+001  8.78334e+000  6.49333e+002
           537  6.61349e+002  5.37000e+002 -6.54981e+001  8.78334e+000  6.49500e+002
           538  6.61514e+002  5.38000e+002 -6.54997e+001  8.78333e+000  6.49667e+002
           539  6.61674e+002  5.39000e+002 -6.55004e+001  8.78331e+000  6.49833e+002
           540  6.61838e+002  5.40000e+002 -6.55027e+001  8.78329e+000  6.50000e+002
           541  6.62006e+002  5.41000e+002 -6.55073e+001  8.78326e+000  6.50167e+002
           542  6.62170e+002  5.42000e+002 -6.55204e+001  8.78321e+000  6.50333e+002
           543  6.62330e+002  5.43000e+002 -6.55325e+001  8.78316e+000  6.50500e+002
           544  6.62494e+002  5.44000e+002 -6.55384e+001  8.78311e+000  6.50667e+002
           545  6.62663e+002  5.45000e+002 -6.55438e+001  8.78305e+000  6.50833e+002
           546  6.62824e+002  5.46000e+002 -6.55637e+001  8.78297e+000  6.51000e+002
           547  6.62988e+002  5.47000e+002 -6.55772e+001  8.78291e+000  6.51167e+002
           548  6.63148e+002  5.48000e+002 -6.55971e+001  8.78286e+000  6.51333e+002
           549  6.63313e+002  5.49000e+002 -6.56327e+001  8.78281e+000  6.51500e+002
           550  6.63476e+002  5.50000e+002 -6.57149e+001  8.78280e+000  6.51667e+002
           551  6.63637e+002  5.51000e+002 -6.57828e+001  8.78278e+000  6.51833e+002
           552  6.63797e+002  5.52000e+002 -6.58808e+001  8.78278e+000  6.52000e+002
           553  6.63957e+002  5.53000e+002 -6.59970e+001  8.78279e+000  6.52167e+002
           554  6.64123e+002  5.54000e+002 -6.61825e+001  8.78285e+000  6.52333e+002
           555  6.64282e+002  5.55000e+002 -6.63636e+001  8.78289e+000  6.52500e+002
           556  6.64436e+002  5.56000e+002 -6.65680e+001  8.78293e+000  6.52667e+002
           557  6.64599e+002  5.57000e+002 -6.68011e+001  8.78297e+000  6.52833e+002
           558  6.64761e+002  5.58000e+002 -6.70672e+001  8.78303e+000  6.53000e+002
           559  6.64920e+002  5.59000e+002 -6.73291e+001  8.78309e+000  6.53167e+002
           560  6.65077e+002  5.60000e+002 -6.76048e+001  8.78314e+000  6.53333e+002
           561  6.65238e+002  5.61000e+002 -6.78923e+001  8.78320e+000  6.53500e+002
           562  6.65396e+002  5.62000e+002 -6.82311e+001  8.78325e+000  6.53667e+002
           563  6.65552e+002  5.63000e+002 -6.85603e+001  8.78330e+000  6.53833e+002
           564  6.65713e+002  5.64000e+002 -6.88993e+001  8.78335e+000  6.54000e+002
           565  6.65873e+002  5.65000e+002 -6.92473e+001  8.78339e+000  6.54167e+002
           566  6.66029e+002  5.66000e+002 -6.96468e+001  8.78341e+000  6.54333e+002
           567  6.66185e+002  5.67000e+002 -7.00358e+001  8.78344e+000  6.54500e+002
           568  6.66345e+002  5.68000e+002 -7.04327e+001  8.78346e+000  6.54667e+002
           569  6.66501e+002  5.69000e+002 -7.08383e+001  8.78347e+000  6.54833e+002
           570  6.66656e+002  5.70000e+002 -7.13033e+001  8.78347e+000  6.55000e+002
           571  6.66812e+002  5.71000e+002 -7.17480e+001  8.78347e+000  6.55167e+002
           572  6.66966e+002  5.72000e+002 -7.21947e+001  8.78348e+000  6.55333e+002
           573  6.67124e+002  5.73000e+002 -7.26459e+001  8.78348e+000  6.55500e+002
           574  6.67276e+002  5.74000e+002 -7.31549e+001  8.78348e+000  6.55667e+002
           575  6.67433e+002  5.75000e+002 -7.36290e+001  8.78349e+000  6.55833e+002
           576  6.67587e+002  5.76000e+002 -7.41111e+001  8.78349e+000  6.56000e+002
           577  6.67744e+002  5.77000e+002 -7.45975e+001  8.78348e+000  6.56167e+002
           578  6.67901e+002  5.78000e+002 -7.51347e+001  8.78348e+000  6.56333e+002
           579  6.68057e+002  5.79000e+002 -7.56451e+001  8.78347e+000  6.56500e+002
           580  6.68210e+002  5.80000e+002 -7.61529e+001  8.78348e+000  6.56667e+002
           581  6.68357e+002  5.81000e+002 -7.66632e+001  8.78349e+000  6.56833e+002
           582  6.68509e+002  5.82000e+002 -7.72052e+001  8.78350e+000  6.57000e+002
           583  6.68668e+002  5.83000e+002 -7.77318e+001  8.78353e+000  6.57167e+002
           584  6.68822e+002  5.84000e+002 -7.82568e+001  8.78356e+000  6.57333e+002
           585  6.68974e+002  5.85000e+002 -7.87832e+001  8.78359e+000  6.57500e+002
           586  6.69128e+002  5.86000e+002 -7.93270e+001  8.78364e+000  6.57667e+002
           587  6.69275e+002  5.87000e+002 -7.98636e+001  8.78368e+000  6.57833e+002
           588  6.69429e+002  5.88000e+002 -8.04000e+001  8.78370e+000  6.58000e+002
           589  6.69586e+002  5.89000e+002 -8.09368e+001  8.78372e+000  6.58167e+002
           590  6.69737e+002  5.90000e+002 -8.14867e+001  8.78372e+000  6.58333e+002
           591  6.69890e+002  5.91000e+002 -8.20299e+001  8.78373e+000  6.58500e+002
           592  6.70048e+002  5.92000e+002 -8.25721e+001  8.78373e+000  6.58667e+002
           593  6.70201e+002  5.93000e+002 -8.31149e+001  8.78373e+000  6.58833e+002
           594  6.70346e+002  5.94000e+002 -8.36673e+001  8.78370e+000  6.59000e+002
           595  6.70495e+002  5.95000e+002 -8.42168e+001  8.78369e+000  6.59167e+002
           596  6.70650e+002  5.96000e+002 -8.47657e+001  8.78368e+000  6.59333e+002
           597  6.70800e+002  5.97000e+002 -8.53143e+001  8.78368e+000  6.59500e+002
           598  6.70955e+002  5.98000e+002 -8.58709e+001  8.78369e+000  6.59667e+002
           599  6.71111e+002  5.99000e+002 -8.64268e+001  8.78370e+000  6.59833e+002
           600  6.71260e+002  6.00000e+002 -8.69843e+001  8.78373e+000  6.60000e+002
           601  6.71414e+002  6.01000e+002 -8.75432e+001  8.78376e+000  6.60167e+002
           602  6.71562e+002  6.02000e+002 -8.81115e+001  8.78382e+000  6.60333e+002
           603  6.71716e+002  6.03000e+002 -8.86750e+001  8.78386e+000  6.60500e+002
           604  6.71873e+002  6.04000e+002 -8.92378e+001  8.78390e+000  6.60667e+002
           605  6.72024e+002  6.05000e+002 -8.98011e+001  8.78393e+000  6.60833e+002
           606  6.72173e+002  6.06000e+002 -9.03745e+001  8.78395e+000  6.61000e+002
           607  6.72322e+002  6.07000e+002 -9.09419e+001  8.78396e+000  6.61167e+002
           608  6.72476e+002  6.08000e+002 -9.15071e+001  8.78397e+000  6.61333e+002
           609  6.72628e+002  6.09000e+002 -9.20721e+001  8.78396e+000  6.61500e+002
           610  6.72775e+002  6.10000e+002 -9.26439e+001  8.78393e+000  6.61667e+002
           611  6.72929e+002  6.11000e+002 -9.32105e+001  8.78391e+000  6.61833e+002
           612  6.73080e+002  6.12000e+002 -9.37760e+001  8.78389e+000  6.62000e+002
           613  6.73237e+002  6.13000e+002 -9.43410e+001  8.78386e+000  6.62167e+002
           614  6.73383e+002  6.14000e+002 -9.49053e+001  8.78382e+000  6.62333e+002
           615  6.73535e+002  6.15000e+002 -9.54641e+001  8.78377e+000  6.62500e+002
           616  6.73682e+002  6.16000e+002 -9.60239e+001  8.78372e+000  6.62667e+002
           617  6.73840e+002  6.17000e+002 -9.65821e+001  8.78367e+000  6.62833e+002
           618  6.73988e+002  6.18000e+002 -9.71394e+001  8.78362e+000  6.63000e+002
           619  6.74141e+002  6.19000e+002 -9.76857e+001  8.78354e+000  6.63167e+002
           620  6.74298e+002  6.20000e+002 -9.82348e+001  8.78348e+000  6.63333e+002
           621  6.74443e+002  6.21000e+002 -9.87898e+001  8.78342e+000  6.63500e+002
           622  6.74597e+002  6.22000e+002 -9.93451e+001  8.78336e+000  6.63667e+002
           623  6.74747e+002  6.23000e+002 -9.98716e+001  8.78331e+000  6.63833e+002
           624  6.74895e+002  6.24000e+002 -1.00414e+002  8.78328e+000  6.64000e+002
           625  6.75053e+002  6.25000e+002 -1.00958e+002  8.78326e+000  6.64167e+002
           626  6.75207e+002  6.26000e+002 -1.01501e+002  8.78325e+000  6.64333e+002
           627  6.75355e+002  6.27000e+002 -1.01984e+002  8.78329e+000  6.64500e+002
           628  6.75510e+002  6.28000e+002 -1.02475e+002  8.78333e+000  6.64667e+002
           629  6.75658e+002  6.29000e+002 -1.02954e+002  8.78337e+000  6.64833e+002
           630  6.75816e+002  6.30000e+002 -1.03414e+002  8.78343e+000  6.65000e+002
           631  6.75964e+002  6.31000e+002 -1.03851e+002  8.78352e+000  6.65167e+002
           632  6.76114e+002  6.32000e+002 -1.04293e+002  8.78361e+000  6.65333e+002
           633  6.76263e+002  6.33000e+002 -1.04734e+002  8.78370e+000  6.65500e+002
           634  6.76415e+002  6.34000e+002 -1.05180e+002  8.78378e+000  6.65667e+002
           635  6.76572e+002  6.35000e+002 -1.05569e+002  8.78386e+000  6.65833e+002
           636  6.76723e+002  6.36000e+002 -1.05981e+002  8.78392e+000  6.66000e+002
           637  6.76880e+002  6.37000e+002 -1.06370e+002  8.78397e+000  6.66167e+002
           638  6.77037e+002  6.38000e+002 -1.06717e+002  8.78401e+000  6.66333e+002
           639  6.77189e+002  6.39000e+002 -1.06997e+002  8.78400e+000  6.66500e+002
           640  6.77349e+002  6.40000e+002 -1.07128e+002  8.78401e+000  6.66667e+002
           641  6.77506e+002  6.41000e+002 -1.06907e+002  8.78401e+000  6.66833e+002
           642  6.77675e+002  6.42000e+002 -1.06426e+002  8.78401e+000  6.67000e+002
           643  6.77847e+002  6.43000e+002 -1.05343e+002  8.78399e+000  6.67167e+002
           644  6.78032e+002  6.44000e+002 -1.04044e+002  8.78397e+000  6.67333e+002
           645  6.78214e+002  6.45000e+002 -1.02629e+002  8.78395e+000  6.67500e+002
           646  6.78397e+002  6.46000e+002 -1.01132e+002  8.78392e+000  6.67667e+002
           647  6.78584e+002  6.47000e+002 -9.95594e+001  8.78388e+000  6.67833e+002
           648  6.78770e+002  6.48000e+002 -9.80233e+001  8.78383e+000  6.68000e+002
           649  6.78956e+002  6.49000e+002 -9.65012e+001  8.78378e+000  6.68167e+002
           650  6.79140e+002  6.50000e+002 -9.49700e+001  8.78373e+000  6.68333e+002
           651  6.79324e+002  6.51000e+002 -9.34735e+001  8.78366e+000  6.68500e+002
           652  6.79510e+002  6.52000e+002 -9.19816e+001  8.78360e+000  6.68667e+002
           653  6.79701e+002  6.53000e+002 -9.05389e+001  8.78355e+000  6.68833e+002
           654  6.79884e+002  6.54000e+002 -8.91320e+001  8.78351e+000  6.69000e+002
           655  6.80065e+002  6.55000e+002 -8.78258e+001  8.78349e+000  6.69167e+002
           656  6.80249e+002  6.56000e+002 -8.65417e+001  8.78347e+000  6.69333e+002
           657  6.80434e+002  6.57000e+002 -8.53047e+001  8.78345e+000  6.69500e+002
           658  6.80610e+002  6.58000e+002 -8.41057e+001  8.78343e+000  6.69667e+002
           659  6.80793e+002  6.59000e+002 -8.30100e+001  8.78344e+000  6.69833e+002
           660  6.80978e+002  6.60000e+002 -8.19336e+001  8.78344e+000  6.70000e+002
           661  6.81152e+002  6.61000e+002 -8.09031e+001  8.78343e+000  6.70167e+002
           662  6.81336e+002  6.62000e+002 -7.99122e+001  8.78343e+000  6.70333e+002
           663  6.81515e+002  6.63000e+002 -7.90161e+001  8.78342e+000  6.70500e+002
           664  6.81695e+002  6.64000e+002 -7.81404e+001  8.78343e+000  6.70667e+002
           665  6.81869e+002  6.65000e+002 -7.73126e+001  8.78344e+000  6.70833e+002
           666  6.82050e+002  6.66000e+002 -7.65350e+001  8.78346e+000  6.71000e+002
           667  6.82232e+002  6.67000e+002 -7.57821e+001  8.78350e+000  6.71167e+002
           668  6.82398e+002  6.68000e+002 -7.50630e+001  8.78354e+000  6.71333e+002
           669  6.82580e+002  6.69000e+002 -7.43971e+001  8.78358e+000  6.71500e+002
           670  6.82751e+002  6.70000e+002 -7.37834e+001  8.78363e+000  6.71667e+002
           671  6.82923e+002  6.71000e+002 -7.32219e+001  8.78368e+000  6.71833e+002
           672  6.83101e+002  6.72000e+002 -7.26635e+001  8.78372e+000  6.72000e+002
           673  6.83278e+002  6.73000e+002 -7.21317e+001  8.78375e+000  6.72167e+002
           674  6.83451e+002  6.74000e+002 -7.16180e+001  8.78378e+000  6.72333e+002
           675  6.83624e+002  6.75000e+002 -7.11776e+001  8.78378e+000  6.72500e+002
           676  6.83793e+002  6.76000e+002 -7.07379e+001  8.78379e+000  6.72667e+002
           677  6.83970e+002  6.77000e+002 -7.03201e+001  8.78378e+000  6.72833e+002
           678  6.84140e+002  6.78000e+002 -6.99191e+001  8.78377e+000  6.73000e+002
           679  6.84304e+002  6.79000e+002 -6.95886e+001  8.78373e+000  6.73167e+002
           680  6.84481e+002  6.80000e+002 -6.92542e+001  8.78369e+000  6.73333e+002
           681  6.84654e+002  6.81000e+002 -6.89429e+001  8.78366e+000  6.73500e+002
           682  6.84823e+002  6.82000e+002 -6.86645e+001  8.78362e+000  6.73667e+002
           683  6.84993e+002  6.83000e+002 -6.84012e+001  8.78359e+000  6.73833e+002
           684  6.85157e+002  6.84000e+002 -6.81551e+001  8.78354e+000  6.74000e+002
           685  6.85331e+002  6.85000e+002 -6.78952e+001  8.78350e+000  6.74167e+002
           686  6.85501e+002  6.86000e+002 -6.76565e+001  8.78346e+000  6.74333e+002
           687  6.85667e+002  6.87000e+002 -6.74272e+001  8.78343e+000  6.74500e+002
           688  6.85839e+002  6.88000e+002 -6.72598e+001  8.78342e+000  6.74667e+002
           689  6.86003e+002  6.89000e+002 -6.70713e+001  8.78340e+000  6.74833e+002
           690  6.86172e+002  6.90000e+002 -6.68864e+001  8.78339e+000  6.75000e+002
           691  6.86342e+002  6.91000e+002 -6.67066e+001  8.78339e+000  6.75167e+002
           692  6.86505e+002  6.92000e+002 -6.65793e+001  8.78339e+000  6.75333e+002
           693  6.86679e+002  6.93000e+002 -6.64324e+001  8.78338e+000  6.75500e+002
           694  6.86844e+002  6.94000e+002 -6.62873e+001  8.78337e+000  6.75667e+002
           695  6.87010e+002  6.95000e+002 -6.61448e+001  8.78335e+000  6.75833e+002
           696  6.87179e+002  6.96000e+002 -6.60456e+001  8.78333e+000  6.76000e+002
           697  6.87347e+002  6.97000e+002 -6.59255e+001  8.78331e+000  6.76167e+002
           698  6.87518e+002  6.98000e+002 -6.58011e+001  8.78331e+000  6.76333e+002
           699  6.87693e+002  6.99000e+002 -6.56859e+001  8.78331e+000  6.76500e+002
           700  6.87856e+002  7.00000e+002 -6.56208e+001  8.78333e+000  6.76667e+002
           701  6.88018e+002  7.01000e+002 -6.55308e+001  8.78335e+000  6.76833e+002
           702  6.88185e+002  7.02000e+002 -6.54357e+001  8.78337e+000  6.77000e+002
           703  6.88357e+002  7.03000e+002 -6.53348e+001  8.78339e+000  6.77167e+002
           704  6.88520e+002  7.04000e+002 -6.52880e+001  8.78341e+000  6.77333e+002
           705  6.88683e+002  7.05000e+002 -6.52117e+001  8.78343e+000  6.77500e+002
           706  6.88853e+002  7.06000e+002 -6.51398e+001  8.78345e+000  6.77667e+002
           707  6.89017e+002  7.07000e+002 -6.50708e+001  8.78347e+000  6.77833e+002
           708  6.89189e+002  7.08000e+002 -6.50341e+001  8.78349e+000  6.78000e+002
           709  6.89355e+002  7.09000e+002 -6.49822e+001  8.78351e+000  6.78167e+002
           710  6.89524e+002  7.10000e+002 -6.49248e+001  8.78353e+000  6.78333e+002
           711  6.89687e+002  7.11000e+002 -6.48620e+001  8.78355e+000  6.78500e+002
           712  6.89858e+002  7.12000e+002 -6.48399e+001  8.78359e+000  6.78667e+002
           713  6.90021e+002  7.13000e+002 -6.48023e+001  8.78362e+000  6.78833e+002
           714  6.90189e+002  7.14000e+002 -6.47625e+001  8.78364e+000  6.79000e+002
           715  6.90351e+002  7.15000e+002 -6.47229e+001  8.78366e+000  6.79167e+002
           716  6.90517e+002  7.16000e+002 -6.46995e+001  8.78366e+000  6.79333e+002
           717  6.90684e+002  7.17000e+002 -6.46691e+001  8.78366e+000  6.79500e+002
           718  6.90846e+002  7.18000e+002 -6.46377e+001  8.78365e+000  6.79667e+002
           719  6.91013e+002  7.19000e+002 -6.46066e+001  8.78363e+000  6.79833e+002
           720  6.91179e+002  7.20000e+002 -6.45867e+001  8.78359e+000  6.80000e+002
           721  6.91343e+002  7.21000e+002 -6.45626e+001  8.78357e+000  6.80167e+002
           722  6.91505e+002  7.22000e+002 -6.45377e+001  8.78355e+000  6.80333e+002
           723  6.91672e+002  7.23000e+002 -6.45137e+001  8.78355e+000  6.80500e+002
           724  6.91841e+002  7.24000e+002 -6.44972e+001  8.78356e+000  6.80667e+002
           725  6.92007e+002  7.25000e+002 -6.44765e+001  8.78358e+000  6.80833e+002
           726  6.92174e+002  7.26000e+002 -6.44551e+001  8.78361e+000  6.81000e+002
           727  6.92345e+002  7.27000e+002 -6.44339e+001  8.78364e+000  6.81167e+002
           728  6.92507e+002  7.28000e+002 -6.44178e+001  8.78369e+000  6.81333e+002
           729  6.92666e+002  7.29000e+002 -6.43997e+001  8.78372e+000  6.81500e+002
           730  6.92827e+002  7.30000e+002 -6.43814e+001  8.78373e+000  6.81667e+002
           731  6.92994e+002  7.31000e+002 -6.43637e+001  8.78373e+000  6.81833e+002
           732  6.93158e+002  7.32000e+002 -6.43507e+001  8.78369e+000  6.82000e+002
           733  6.93330e+002  7.33000e+002 -6.43358e+001  8.78368e+000  6.82167e+002
           734  6.93489e+002  7.34000e+002 -6.43216e+001  8.78367e+000  6.82333e+002
           735  6.93655e+002  7.35000e+002 -6.43085e+001  8.78366e+000  6.82500e+002
           736  6.93820e+002  7.36000e+002 -6.42982e+001  8.78366e+000  6.82667e+002
           737  6.93986e+002  7.37000e+002 -6.42885e+001  8.78367e+000  6.82833e+002
           738  6.94159e+002  7.38000e+002 -6.42797e+001  8.78368e+000  6.83000e+002
           739  6.94319e+002  7.39000e+002 -6.42711e+001  8.78370e+000  6.83167e+002
           740  6.94484e+002  7.40000e+002 -6.42695e+001  8.78375e+000  6.83333e+002
           741  6.94654e+002  7.41000e+002 -6.42652e+001  8.78377e+000  6.83500e+002
           742  6.94812e+002  7.42000e+002 -6.42602e+001  8.78379e+000  6.83667e+002
           743  6.94982e+002  7.43000e+002 -6.42554e+001  8.78380e+000  6.83833e+002
           744  6.95159e+002  7.44000e+002 -6.42590e+001  8.78379e+000  6.84000e+002
           745  6.95330e+002  7.45000e+002 -6.42586e+001  8.78378e+000  6.84167e+002
           746  6.95601e+002  7.46000e+002 -6.42566e+001  8.78377e+000  6.84333e+002
           747  6.95931e+002  7.47000e+002 -6.42539e+001  8.78376e+000  6.84500e+002
           748  6.96100e+002  7.48000e+002 -6.42550e+001  8.78373e+000  6.84667e+002
           749  6.96265e+002  7.49000e+002 -6.42540e+001  8.78371e+000  6.84833e+002
           750  6.96430e+002  7.50000e+002 -6.42525e+001  8.78368e+000  6.85000e+002
           751  6.96593e+002  7.51000e+002 -6.42515e+001  8.78366e+000  6.85167e+002
           752  6.96746e+002  7.52000e+002 -6.42503e+001  8.78364e+000  6.85333e+002
           753  6.96909e+002  7.53000e+002 -6.42481e+001  8.78362e+000  6.85500e+002
           754  6.97073e+002  7.54000e+002 -6.42455e+001  8.78359e+000  6.85667e+002
           755  6.97238e+002  7.55000e+002 -6.42434e+001  8.78357e+000  6.85833e+002
           756  6.97402e+002  7.56000e+002 -6.42413e+001  8.78355e+000  6.86000e+002
           757  6.97570e+002  7.57000e+002 -6.42384e+001  8.78353e+000  6.86167e+002
           758  6.97723e+002  7.58000e+002 -6.42376e+001  8.78351e+000  6.86333e+002
           759  6.97894e+002  7.59000e+002 -6.42372e+001  8.78350e+000  6.86500e+002
           760  6.98043e+002  7.60000e+002 -6.42366e+001  8.78349e+000  6.86667e+002
           761  6.98202e+002  7.61000e+002 -6.42346e+001  8.78348e+000  6.86833e+002
           762  6.98363e+002  7.62000e+002 -6.42334e+001  8.78346e+000  6.87000e+002
           763  6.98532e+002  7.63000e+002 -6.42321e+001  8.78344e+000  6.87167e+002
           764  6.98697e+002  7.64000e+002 -6.42309e+001  8.78341e+000  6.87333e+002
           765  6.98869e+002  7.65000e+002 -6.42319e+001  8.78337e+000  6.87500e+002
           766  6.99031e+002  7.66000e+002 -6.42304e+001  8.78334e+000  6.87667e+002
           767  6.99195e+002  7.67000e+002 -6.42271e+001  8.78329e+000  6.87833e+002
           768  6.99351e+002  7.68000e+002 -6.42223e+001  8.78325e+000  6.88000e+002
           769  6.99508e+002  7.69000e+002 -6.42165e+001  8.78319e+000  6.88167e+002
           770  6.99665e+002  7.70000e+002 -6.42110e+001  8.78316e+000  6.88333e+002
           771  6.99834e+002  7.71000e+002 -6.42065e+001  8.78314e+000  6.88500e+002
           772  6.99998e+002  7.72000e+002 -6.42017e+001  8.78313e+000  6.88667e+002
           773  7.00169e+002  7.73000e+002 -6.41914e+001  8.78316e+000  6.88833e+002
           774  7.00330e+002  7.74000e+002 -6.41827e+001  8.78319e+000  6.89000e+002
           775  7.00478e+002  7.75000e+002 -6.41744e+001  8.78322e+000  6.89167e+002
           776  7.00638e+002  7.76000e+002 -6.41661e+001  8.78327e+000  6.89333e+002
           777  7.00773e+002  7.77000e+002 -6.41524e+001  8.78335e+000  6.89500e+002
           778  7.00900e+002  7.78000e+002 -6.41420e+001  8.78341e+000  6.89667e+002
           779  7.01044e+002  7.79000e+002 -6.41329e+001  8.78346e+000  6.89833e+002
           780  7.01202e+002  7.80000e+002 -6.41241e+001  8.78350e+000  6.90000e+002
           781  7.01264e+002  7.81000e+002 -6.41152e+001  8.78354e+000  6.90167e+002
           782  7.01395e+002  7.82000e+002 -6.41063e+001  8.78356e+000  6.90333e+002
           783  7.01552e+002  7.83000e+002 -6.40977e+001  8.78358e+000  6.90500e+002
           784  7.01708e+002  7.84000e+002 -6.40907e+001  8.78360e+000  6.90667e+002
           785  7.01867e+002  7.85000e+002 -6.40841e+001  8.78359e+000  6.90833e+002
           786  7.02031e+002  7.86000e+002 -6.40775e+001  8.78360e+000  6.91000e+002
           787  7.02193e+002  7.87000e+002 -6.40714e+001  8.78361e+000  6.91167e+002
           788  7.02356e+002  7.88000e+002 -6.40660e+001  8.78362e+000  6.91333e+002
           789  7.02524e+002  7.89000e+002 -6.40631e+001  8.78363e+000  6.91500e+002
           790  7.02687e+002  7.90000e+002 -6.40580e+001  8.78365e+000  6.91667e+002
           791  7.02852e+002  7.91000e+002 -6.40522e+001  8.78369e+000  6.91833e+002
           792  7.03013e+002  7.92000e+002 -6.40472e+001  8.78374e+000  6.92000e+002
           793  7.03178e+002  7.93000e+002 -6.40465e+001  8.78381e+000  6.92167e+002
           794  7.03345e+002  7.94000e+002 -6.40443e+001  8.78386e+000  6.92333e+002
           795  7.03507e+002  7.95000e+002 -6.40422e+001  8.78391e+000  6.92500e+002
           796  7.03666e+002  7.96000e+002 -6.40395e+001  8.78395e+000  6.92667e+002
           797  7.03836e+002  7.97000e+002 -6.40364e+001  8.78397e+000  6.92833e+002
           798  7.03996e+002  7.98000e+002 -6.40342e+001  8.78396e+000  6.93000e+002
           799  7.04158e+002  7.99000e+002 -6.40326e+001  8.78393e+000  6.93167e+002
           800  7.04323e+002  8.00000e+002 -6.40309e+001  8.78389e+000  6.93333e+002
           801  7.04485e+002  8.01000e+002 -6.40313e+001  8.78377e+000  6.93500e+002
           802  7.04652e+002  8.02000e+002 -6.40286e+001  8.78367e+000  6.93667e+002
           803  7.04811e+002  8.03000e+002 -6.40247e+001  8.78359e+000  6.93833e+002
           804  7.04977e+002  8.04000e+002 -6.40204e+001  8.78351e+000  6.94000e+002
           805  7.05137e+002  8.05000e+002 -6.40139e+001  8.78345e+000  6.94167e+002
           806  7.05305e+002  8.06000e+002 -6.40084e+001  8.78341e+000  6.94333e+002
           807  7.05463e+002  8.07000e+002 -6.40030e+001  8.78340e+000  6.94500e+002
           808  7.05625e+002  8.08000e+002 -6.39971e+001  8.78339e+000  6.94667e+002
           809  7.05793e+002  8.09000e+002 -6.39883e+001  8.78346e+000  6.94833e+002
           810  7.05956e+002  8.10000e+002 -6.39820e+001  8.78350e+000  6.95000e+002
           811  7.06127e+002  8.11000e+002 -6.39757e+001  8.78353e+000  6.95167e+002
           812  7.06290e+002  8.12000e+002 -6.39691e+001  8.78356e+000  6.95333e+002
           813  7.06453e+002  8.13000e+002 -6.39574e+001  8.78359e+000  6.95500e+002
           814  7.06614e+002  8.14000e+002 -6.39485e+001  8.78361e+000  6.95667e+002
           815  7.06776e+002  8.15000e+002 -6.39399e+001  8.78363e+000  6.95833e+002
           816  7.06939e+002  8.16000e+002 -6.39306e+001  8.78365e+000  6.96000e+002
           817  7.07107e+002  8.17000e+002 -6.39220e+001  8.78366e+000  6.96167e+002
           818  7.07272e+002  8.18000e+002 -6.39140e+001  8.78367e+000  6.96333e+002
           819  7.07435e+002  8.19000e+002 -6.39063e+001  8.78370e+000  6.96500e+002
           820  7.07599e+002  8.20000e+002 -6.38987e+001  8.78372e+000  6.96667e+002
           821  7.07760e+002  8.21000e+002 -6.38915e+001  8.78376e+000  6.96833e+002
           822  7.07925e+002  8.22000e+002 -6.38846e+001  8.78379e+000  6.97000e+002
           823  7.08088e+002  8.23000e+002 -6.38786e+001  8.78383e+000  6.97167e+002
           824  7.08256e+002  8.24000e+002 -6.38724e+001  8.78386e+000  6.97333e+002
           825  7.08417e+002  8.25000e+002 -6.38676e+001  8.78390e+000  6.97500e+002
           826  7.08582e+002  8.26000e+002 -6.38634e+001  8.78392e+000  6.97667e+002
           827  7.08738e+002  8.27000e+002 -6.38592e+001  8.78394e+000  6.97833e+002
           828  7.08902e+002  8.28000e+002 -6.38547e+001  8.78395e+000  6.98000e+002
           829  7.09068e+002  8.29000e+002 -6.38541e+001  8.78394e+000  6.98167e+002
           830  7.09233e+002  8.30000e+002 -6.38511e+001  8.78394e+000  6.98333e+002
           831  7.09393e+002  8.31000e+002 -6.38474e+001  8.78394e+000  6.98500e+002
           832  7.09562e+002  8.32000e+002 -6.38432e+001  8.78394e+000  6.98667e+002
           833  7.09726e+002  8.33000e+002 -6.38397e+001  8.78393e+000  6.98833e+002
           834  7.09887e+002  8.34000e+002 -6.38364e+001  8.78393e+000  6.99000e+002
           835  7.10050e+002  8.35000e+002 -6.38322e+001  8.78392e+000  6.99167e+002
           836  7.10220e+002  8.36000e+002 -6.38281e+001  8.78392e+000  6.99333e+002
           837  7.10380e+002  8.37000e+002 -6.38258e+001  8.78391e+000  6.99500e+002
           838  7.10542e+002  8.38000e+002 -6.38234e+001  8.78389e+000  6.99667e+002
           839  7.10706e+002  8.39000e+002 -6.38194e+001  8.78386e+000  6.99833e+002
           840  7.10866e+002  8.40000e+002 -6.38142e+001  8.78382e+000  7.00000e+002
           841  7.11031e+002  8.41000e+002 -6.38067e+001  8.78374e+000  7.00167e+002
           842  7.11194e+002  8.42000e+002 -6.37996e+001  8.78368e+000  7.00333e+002
           843  7.11360e+002  8.43000e+002 -6.37930e+001  8.78361e+000  7.00500e+002
           844  7.11521e+002  8.44000e+002 -6.37870e+001  8.78355e+000  7.00667e+002
           845  7.11680e+002  8.45000e+002 -6.37815e+001  8.78349e+000  7.00833e+002
           846  7.11849e+002  8.46000e+002 -6.37740e+001  8.78346e+000  7.01000e+002
           847  7.12015e+002  8.47000e+002 -6.37677e+001  8.78345e+000  7.01167e+002
           848  7.12179e+002  8.48000e+002 -6.37620e+001  8.78345e+000  7.01333e+002
           849  7.12336e+002  8.49000e+002 -6.37568e+001  8.78347e+000  7.01500e+002
           850  7.12502e+002  8.50000e+002 -6.37479e+001  8.78356e+000  7.01667e+002
           851  7.12666e+002  8.51000e+002 -6.37413e+001  8.78362e+000  7.01833e+002
           852  7.12832e+002  8.52000e+002 -6.37351e+001  8.78366e+000  7.02000e+002
           853  7.12996e+002  8.53000e+002 -6.37296e+001  8.78371e+000  7.02167e+002
           854  7.13159e+002  8.54000e+002 -6.37308e+001  8.78374e+000  7.02333e+002
           855  7.13322e+002  8.55000e+002 -6.37290e+001  8.78376e+000  7.02500e+002
           856  7.13491e+002  8.56000e+002 -6.37269e+001  8.78376e+000  7.02667e+002
           857  7.13654e+002  8.57000e+002 -6.37245e+001  8.78376e+000  7.02833e+002
           858  7.13815e+002  8.58000e+002 -6.37246e+001  8.78373e+000  7.03000e+002
           859  7.13984e+002  8.59000e+002 -6.37244e+001  8.78370e+000  7.03167e+002
           860  7.14143e+002  8.60000e+002 -6.37241e+001  8.78368e+000  7.03333e+002
           861  7.14310e+002  8.61000e+002 -6.37233e+001  8.78366e+000  7.03500e+002
           862  7.14470e+002  8.62000e+002 -6.37268e+001  8.78364e+000  7.03667e+002
           863  7.14628e+002  8.63000e+002 -6.37281e+001  8.78363e+000  7.03833e+002
           864  7.14791e+002  8.64000e+002 -6.37293e+001  8.78362e+000  7.04000e+002
           865  7.14954e+002  8.65000e+002 -6.37303e+001  8.78362e+000  7.04167e+002
           866  7.15125e+002  8.66000e+002 -6.37312e+001  8.78365e+000  7.04333e+002
           867  7.15284e+002  8.67000e+002 -6.37307e+001  8.78367e+000  7.04500e+002
           868  7.15448e+002  8.68000e+002 -6.37295e+001  8.78370e+000  7.04667e+002
           869  7.15607e+002  8.69000e+002 -6.37279e+001  8.78372e+000  7.04833e+002
           870  7.15774e+002  8.70000e+002 -6.37239e+001  8.78376e+000  7.05000e+002
           871  7.15934e+002  8.71000e+002 -6.37213e+001  8.78377e+000  7.05167e+002
           872  7.16100e+002  8.72000e+002 -6.37192e+001  8.78378e+000  7.05333e+002
           873  7.16268e+002  8.73000e+002 -6.37165e+001  8.78377e+000  7.05500e+002
           874  7.16427e+002  8.74000e+002 -6.37081e+001  8.78373e+000  7.05667e+002
           875  7.16594e+002  8.75000e+002 -6.37001e+001  8.78370e+000  7.05833e+002
           876  7.16759e+002  8.76000e+002 -6.36925e+001  8.78367e+000  7.06000e+002
           877  7.16920e+002  8.77000e+002 -6.36848e+001  8.78365e+000  7.06167e+002
           878  7.17082e+002  8.78000e+002 -6.36736e+001  8.78362e+000  7.06333e+002
           879  7.17246e+002  8.79000e+002 -6.36639e+001  8.78362e+000  7.06500e+002
           880  7.17405e+002  8.80000e+002 -6.36546e+001  8.78364e+000  7.06667e+002
           881  7.17571e+002  8.81000e+002 -6.36455e+001  8.78366e+000  7.06833e+002
           882  7.17733e+002  8.82000e+002 -6.36315e+001  8.78374e+000  7.07000e+002
           883  7.17899e+002  8.83000e+002 -6.36212e+001  8.78380e+000  7.07167e+002
           884  7.18065e+002  8.84000e+002 -6.36128e+001  8.78385e+000  7.07333e+002
           885  7.18222e+002  8.85000e+002 -6.36051e+001  8.78390e+000  7.07500e+002
           886  7.18389e+002  8.86000e+002 -6.35978e+001  8.78396e+000  7.07667e+002
           887  7.18550e+002  8.87000e+002 -6.35910e+001  8.78400e+000  7.07833e+002
           888  7.18715e+002  8.88000e+002 -6.35847e+001  8.78404e+000  7.08000e+002
           889  7.18877e+002  8.89000e+002 -6.35796e+001  8.78407e+000  7.08167e+002
           890  7.19042e+002  8.90000e+002 -6.35767e+001  8.78407e+000  7.08333e+002
           891  7.19213e+002  8.91000e+002 -6.35716e+001  8.78407e+000  7.08500e+002
           892  7.19373e+002  8.92000e+002 -6.35679e+001  8.78406e+000  7.08667e+002
           893  7.19536e+002  8.93000e+002 -6.35656e+001  8.78405e+000  7.08833e+002
           894  7.19696e+002  8.94000e+002 -6.35694e+001  8.78400e+000  7.09000e+002
           895  7.19865e+002  8.95000e+002 -6.35689e+001  8.78396e+000  7.09167e+002
           896  7.20027e+002  8.96000e+002 -6.35679e+001  8.78391e+000  7.09333e+002
           897  7.20196e+002  8.97000e+002 -6.35663e+001  8.78387e+000  7.09500e+002
           898  7.20362e+002  8.98000e+002 -6.35657e+001  8.78383e+000  7.09667e+002
           899  7.20523e+002  8.99000e+002 -6.35657e+001  8.78380e+000  7.09833e+002
           900  7.20688e+002  9.00000e+002 -6.35653e+001  8.78377e+000  7.10000e+002
           901  7.20845e+002  9.01000e+002 -6.35645e+001  8.78374e+000  7.10167e+002
           902  7.21005e+002  9.02000e+002 -6.35655e+001  8.78374e+000  7.10333e+002
           903  7.21173e+002  9.03000e+002 -6.35650e+001  8.78372e+000  7.10500e+002
           904  7.21339e+002  9.04000e+002 -6.35636e+001  8.78369e+000  7.10667e+002
           905  7.21501e+002  9.05000e+002 -6.35618e+001  8.78367e+000  7.10833e+002
           906  7.21660e+002  9.06000e+002 -6.35583e+001  8.78363e+000  7.11000e+002
           907  7.21826e+002  9.07000e+002 -6.35576e+001  8.78360e+000  7.11167e+002
           908  7.21985e+002  9.08000e+002 -6.35568e+001  8.78358e+000  7.11333e+002
           909  7.22155e+002  9.09000e+002 -6.35557e+001  8.78356e+000  7.11500e+002
           910  7.22317e+002  9.10000e+002 -6.35518e+001  8.78355e+000  7.11667e+002
           911  7.22484e+002  9.11000e+002 -6.35478e+001  8.78354e+000  7.11833e+002
           912  7.22652e+002  9.12000e+002 -6.35432e+001  8.78354e+000  7.12000e+002
           913  7.22828e+002  9.13000e+002 -6.35388e+001  8.78354e+000  7.12167e+002
           914  7.23021e+002  9.14000e+002 -6.35339e+001  8.78356e+000  7.12333e+002
           915  7.23375e+002  9.15000e+002 -6.35286e+001  8.78360e+000  7.12500e+002
           916  7.23595e+002  9.16000e+002 -6.35223e+001  8.78364e+000  7.12667e+002
           917  7.23765e+002  9.17000e+002 -6.35147e+001  8.78368e+000  7.12833e+002
           918  7.23924e+002  9.18000e+002 -6.35070e+001  8.78372e+000  7.13000e+002
           919  7.24096e+002  9.19000e+002 -6.34928e+001  8.78378e+000  7.13167e+002
           920  7.24260e+002  9.20000e+002 -6.34824e+001  8.78383e+000  7.13333e+002
           921  7.24419e+002  9.21000e+002 -6.34738e+001  8.78389e+000  7.13500e+002
           922  7.24582e+002  9.22000e+002 -6.34646e+001  8.78395e+000  7.13667e+002
           923  7.24754e+002  9.23000e+002 -6.34534e+001  8.78402e+000  7.13833e+002
           924  7.24915e+002  9.24000e+002 -6.34434e+001  8.78408e+000  7.14000e+002
           925  7.25077e+002  9.25000e+002 -6.34346e+001  8.78413e+000  7.14167e+002
           926  7.25245e+002  9.26000e+002 -6.34258e+001  8.78418e+000  7.14333e+002
           927  7.25403e+002  9.27000e+002 -6.34162e+001  8.78422e+000  7.14500e+002
           928  7.25572e+002  9.28000e+002 -6.34090e+001  8.78425e+000  7.14667e+002
           929  7.25734e+002  9.29000e+002 -6.34027e+001  8.78428e+000  7.14833e+002
           930  7.25898e+002  9.30000e+002 -6.33963e+001  8.78430e+000  7.15000e+002
           931  7.26060e+002  9.31000e+002 -6.33901e+001  8.78431e+000  7.15167e+002
           932  7.26227e+002  9.32000e+002 -6.33832e+001  8.78432e+000  7.15333e+002
           933  7.26392e+002  9.33000e+002 -6.33761e+001  8.78432e+000  7.15500e+002
           934  7.26550e+002  9.34000e+002 -6.33697e+001  8.78432e+000  7.15667e+002
           935  7.26714e+002  9.35000e+002 -6.33679e+001  8.78431e+000  7.15833e+002
           936  7.26883e+002  9.36000e+002 -6.33631e+001  8.78429e+000  7.16000e+002
           937  7.27050e+002  9.37000e+002 -6.33578e+001  8.78426e+000  7.16167e+002
           938  7.27210e+002  9.38000e+002 -6.33531e+001  8.78424e+000  7.16333e+002
           939  7.27378e+002  9.39000e+002 -6.33477e+001  8.78418e+000  7.16500e+002
           940  7.27539e+002  9.40000e+002 -6.33424e+001  8.78413e+000  7.16667e+002
           941  7.27700e+002  9.41000e+002 -6.33350e+001  8.78408e+000  7.16833e+002
           942  7.27856e+002  9.42000e+002 -6.33270e+001  8.78402e+000  7.17000e+002
           943  7.28021e+002  9.43000e+002 -6.33192e+001  8.78395e+000  7.17167e+002
           944  7.28186e+002  9.44000e+002 -6.33114e+001  8.78389e+000  7.17333e+002
           945  7.28348e+002  9.45000e+002 -6.33029e+001  8.78383e+000  7.17500e+002
           946  7.28519e+002  9.46000e+002 -6.32931e+001  8.78379e+000  7.17667e+002
           947  7.28679e+002  9.47000e+002 -6.32803e+001  8.78377e+000  7.17833e+002
           948  7.28843e+002  9.48000e+002 -6.32688e+001  8.78377e+000  7.18000e+002
           949  7.29005e+002  9.49000e+002 -6.32576e+001  8.78378e+000  7.18167e+002
           950  7.29166e+002  9.50000e+002 -6.32461e+001  8.78379e+000  7.18333e+002
           951  7.29327e+002  9.51000e+002 -6.32290e+001  8.78386e+000  7.18500e+002
           952  7.29496e+002  9.52000e+002 -6.32152e+001  8.78391e+000  7.18667e+002
           953  7.29659e+002  9.53000e+002 -6.32018e+001  8.78396e+000  7.18833e+002
           954  7.29816e+002  9.54000e+002 -6.31886e+001  8.78400e+000  7.19000e+002
           955  7.29987e+002  9.55000e+002 -6.31749e+001  8.78407e+000  7.19167e+002
           956  7.30139e+002  9.56000e+002 -6.31624e+001  8.78413e+000  7.19333e+002
           957  7.30304e+002  9.57000e+002 -6.31474e+001  8.78419e+000  7.19500e+002
           958  7.30462e+002  9.58000e+002 -6.31319e+001  8.78425e+000  7.19667e+002
           959  7.30637e+002  9.59000e+002 -6.31156e+001  8.78432e+000  7.19833e+002
           960  7.30806e+002  9.60000e+002 -6.30993e+001  8.78437e+000  7.20000e+002
           961  7.30970e+002  9.61000e+002 -6.30834e+001  8.78441e+000  7.20167e+002
           962  7.31129e+002  9.62000e+002 -6.30684e+001  8.78443e+000  7.20333e+002
           963  7.31286e+002  9.63000e+002 -6.30532e+001  8.78442e+000  7.20500e+002
           964  7.31445e+002  9.64000e+002 -6.30385e+001  8.78441e+000  7.20667e+002
           965  7.31606e+002  9.65000e+002 -6.30240e+001  8.78442e+000  7.20833e+002
           966  7.31780e+002  9.66000e+002 -6.30102e+001  8.78443e+000  7.21000e+002
           967  7.31947e+002  9.67000e+002 -6.29966e+001  8.78446e+000  7.21167e+002
           968  7.32107e+002  9.68000e+002 -6.29855e+001  8.78451e+000  7.21333e+002
           969  7.32268e+002  9.69000e+002 -6.29781e+001  8.78457e+000  7.21500e+002
           970  7.32429e+002  9.70000e+002 -6.29730e+001  8.78463e+000  7.21667e+002
           971  7.32594e+002  9.71000e+002 -6.29779e+001  8.78472e+000  7.21833e+002
           972  7.32758e+002  9.72000e+002 -6.29790e+001  8.78475e+000  7.22000e+002
           973  7.32925e+002  9.73000e+002 -6.29797e+001  8.78474e+000  7.22167e+002
           974  7.33084e+002  9.74000e+002 -6.29808e+001  8.78471e+000  7.22333e+002
           975  7.33253e+002  9.75000e+002 -6.29919e+001  8.78457e+000  7.22500e+002
           976  7.33421e+002  9.76000e+002 -6.29972e+001  8.78445e+000  7.22667e+002
           977  7.33582e+002  9.77000e+002 -6.30016e+001  8.78432e+000  7.22833e+002
           978  7.33744e+002  9.78000e+002 -6.30055e+001  8.78418e+000  7.23000e+002
           979  7.33915e+002  9.79000e+002 -6.30198e+001  8.78396e+000  7.23167e+002
           980  7.34074e+002  9.80000e+002 -6.30255e+001  8.78375e+000  7.23333e+002
           981  7.34229e+002  9.81000e+002 -6.30286e+001  8.78355e+000  7.23500e+002
           982  7.34393e+002  9.82000e+002 -6.30318e+001  8.78335e+000  7.23667e+002
           983  7.34557e+002  9.83000e+002 -6.30299e+001  8.78316e+000  7.23833e+002
           984  7.34725e+002  9.84000e+002 -6.30298e+001  8.78303e+000  7.24000e+002
           985  7.34887e+002  9.85000e+002 -6.30291e+001  8.78295e+000  7.24167e+002
           986  7.35053e+002  9.86000e+002 -6.30274e+001  8.78289e+000  7.24333e+002
           987  7.35204e+002  9.87000e+002 -6.30179e+001  8.78299e+000  7.24500e+002
           988  7.35370e+002  9.88000e+002 -6.30123e+001  8.78305e+000  7.24667e+002
           989  7.35540e+002  9.89000e+002 -6.30065e+001  8.78313e+000  7.24833e+002
           990  7.35701e+002  9.90000e+002 -6.30001e+001  8.78323e+000  7.25000e+002
           991  7.35854e+002  9.91000e+002 -6.29859e+001  8.78341e+000  7.25167e+002
           992  7.36022e+002  9.92000e+002 -6.29759e+001  8.78354e+000  7.25333e+002
           993  7.36187e+002  9.93000e+002 -6.29666e+001  8.78366e+000  7.25500e+002
           994  7.36354e+002  9.94000e+002 -6.29565e+001  8.78377e+000  7.25667e+002
           995  7.36518e+002  9.95000e+002 -6.29409e+001  8.78387e+000  7.25833e+002
           996  7.36687e+002  9.96000e+002 -6.29295e+001  8.78397e+000  7.26000e+002
           997  7.36855e+002  9.97000e+002 -6.29197e+001  8.78407e+000  7.26167e+002
           998  7.37020e+002  9.98000e+002 -6.29105e+001  8.78416e+000  7.26333e+002
           999  7.37182e+002  9.99000e+002 -6.29004e+001  8.78423e+000  7.26500e+002
          1000  7.37338e+002  1.00000e+003 -6.28911e+001  8.78429e+000  7.26667e+002
          1001  7.37506e+002  1.00100e+003 -6.28829e+001  8.78435e+000  7.26833e+002
          1002  7.37676e+002  1.00200e+003 -6.28757e+001  8.78439e+000  7.27000e+002
          1003  7.37839e+002  1.00300e+003 -6.28702e+001  8.78440e+000  7.27167e+002
          1004  7.38001e+002  1.00400e+003 -6.28636e+001  8.78440e+000  7.27333e+002
          1005  7.38164e+002  1.00500e+003 -6.28572e+001  8.78440e+000  7.27500e+002
          1006  7.38328e+002  1.00600e+003 -6.28511e+001  8.78438e+000  7.27667e+002
          1007  7.38493e+002  1.00700e+003 -6.28453e+001  8.78435e+000  7.27833e+002
          1008  7.38664e+002  1.00800e+003 -6.28434e+001  8.78428e+000  7.28000e+002
          1009  7.38819e+002  1.00900e+003 -6.28392e+001  8.78422e+000  7.28167e+002
          1010  7.38981e+002  1.01000e+003 -6.28346e+001  8.78416e+000  7.28333e+002
          1011  7.39143e+002  1.01100e+003 -6.28307e+001  8.78410e+000  7.28500e+002
          1012  7.39314e+002  1.01200e+003 -6.28281e+001  8.78402e+000  7.28667e+002
          1013  7.39477e+002  1.01300e+003 -6.28250e+001  8.78396e+000  7.28833e+002
          1014  7.39647e+002  1.01400e+003 -6.28221e+001  8.78390e+000  7.29000e+002
          1015  7.39806e+002  1.01500e+003 -6.28196e+001  8.78384e+000  7.29167e+002
          1016  7.39964e+002  1.01600e+003 -6.28189e+001  8.78380e+000  7.29333e+002
          1017  7.40132e+002  1.01700e+003 -6.28167e+001  8.78376e+000  7.29500e+002
          1018  7.40295e+002  1.01800e+003 -6.28138e+001  8.78374e+000  7.29667e+002
          1019  7.40458e+002  1.01900e+003 -6.28104e+001  8.78371e+000  7.29833e+002
          1020  7.40616e+002  1.02000e+003 -6.28084e+001  8.78371e+000  7.30000e+002
          1021  7.40780e+002  1.02100e+003 -6.28045e+001  8.78370e+000  7.30167e+002
          1022  7.40945e+002  1.02200e+003 -6.28004e+001  8.78369e+000  7.30333e+002
          1023  7.41111e+002  1.02300e+003 -6.27964e+001  8.78369e+000  7.30500e+002
          1024  7.41274e+002  1.02400e+003 -6.27900e+001  8.78369e+000  7.30667e+002
          1025  7.41440e+002  1.02500e+003 -6.27848e+001  8.78369e+000  7.30833e+002
          1026  7.41600e+002  1.02600e+003 -6.27790e+001  8.78370e+000  7.31000e+002
          1027  7.41763e+002  1.02700e+003 -6.27721e+001  8.78371e+000  7.31167e+002
          1028  7.41928e+002  1.02800e+003 -6.27596e+001  8.78374e+000  7.31333e+002
          1029  7.42090e+002  1.02900e+003 -6.27489e+001  8.78376e+000  7.31500e+002
          1030  7.42254e+002  1.03000e+003 -6.27389e+001  8.78378e+000  7.31667e+002
          1031  7.42417e+002  1.03100e+003 -6.27287e+001  8.78380e+000  7.31833e+002
          1032  7.42586e+002  1.03200e+003 -6.27166e+001  8.78384e+000  7.32000e+002
          1033  7.42749e+002  1.03300e+003 -6.27071e+001  8.78387e+000  7.32167e+002
          1034  7.42914e+002  1.03400e+003 -6.26971e+001  8.78391e+000  7.32333e+002
          1035  7.43076e+002  1.03500e+003 -6.26866e+001  8.78395e+000  7.32500e+002
          1036  7.43240e+002  1.03600e+003 -6.26722e+001  8.78401e+000  7.32667e+002
          1037  7.43400e+002  1.03700e+003 -6.26618e+001  8.78407e+000  7.32833e+002
          1038  7.43566e+002  1.03800e+003 -6.26523e+001  8.78413e+000  7.33000e+002
          1039  7.43726e+002  1.03900e+003 -6.26438e+001  8.78420e+000  7.33167e+002
          1040  7.43896e+002  1.04000e+003 -6.26329e+001  8.78427e+000  7.33333e+002
          1041  7.44063e+002  1.04100e+003 -6.26171e+001  8.78433e+000  7.33500e+002
          1042  7.44224e+002  1.04200e+003 -6.26078e+001  8.78438e+000  7.33667e+002
          1043  7.44392e+002  1.04300e+003 -6.25975e+001  8.78442e+000  7.33833e+002
          1044  7.44552e+002  1.04400e+003 -6.25786e+001  8.78443e+000  7.34000e+002
          1045  7.44717e+002  1.04500e+003 -6.25647e+001  8.78444e+000  7.34167e+002
          1046  7.44877e+002  1.04600e+003 -6.25557e+001  8.78445e+000  7.34333e+002
          1047  7.45039e+002  1.04700e+003 -6.25546e+001  8.78446e+000  7.34500e+002
          1048  7.45202e+002  1.04800e+003 -6.25239e+001  8.78445e+000  7.34667e+002
          1049  7.45367e+002  1.04900e+003 -6.24395e+001  8.78444e+000  7.34833e+002
]7[Al RR Ar 50ml/min tot method calib
