         Index            Ts             t            HF        Weight            Tr
           [#]          [°C]           [s]          [mW]          [mg]          [°C]
             0  4.84207e+002  0.00000e+000 -5.78320e+001  8.78402e+000  4.60000e+002
             1  4.84033e+002  1.00000e+000 -5.81278e+001  8.78396e+000  4.60333e+002
             2  4.84004e+002  2.00000e+000 -5.83309e+001  8.78384e+000  4.60667e+002
             3  4.84029e+002  3.00000e+000 -5.85212e+001  8.78358e+000  4.61000e+002
             4  4.84091e+002  4.00000e+000 -5.89001e+001  8.78334e+000  4.61333e+002
             5  4.84190e+002  5.00000e+000 -5.95627e+001  8.78312e+000  4.61667e+002
             6  4.84326e+002  6.00000e+000 -6.01839e+001  8.78290e+000  4.62000e+002
             7  4.84492e+002  7.00000e+000 -6.09189e+001  8.78269e+000  4.62333e+002
             8  4.84693e+002  8.00000e+000 -6.16423e+001  8.78268e+000  4.62667e+002
             9  4.84923e+002  9.00000e+000 -6.23534e+001  8.78281e+000  4.63000e+002
            10  4.85157e+002  1.00000e+001 -6.30515e+001  8.78299e+000  4.63333e+002
            11  4.85416e+002  1.10000e+001 -6.37576e+001  8.78354e+000  4.63667e+002
            12  4.85681e+002  1.20000e+001 -6.44831e+001  8.78392e+000  4.64000e+002
            13  4.85959e+002  1.30000e+001 -6.51839e+001  8.78424e+000  4.64333e+002
            14  4.86255e+002  1.40000e+001 -6.58512e+001  8.78453e+000  4.64667e+002
            15  4.86551e+002  1.50000e+001 -6.64378e+001  8.78483e+000  4.65000e+002
            16  4.86846e+002  1.60000e+001 -6.70071e+001  8.78504e+000  4.65333e+002
            17  4.87148e+002  1.70000e+001 -6.75310e+001  8.78517e+000  4.65667e+002
            18  4.87460e+002  1.80000e+001 -6.80070e+001  8.78524e+000  4.66000e+002
            19  4.87771e+002  1.90000e+001 -6.84424e+001  8.78513e+000  4.66333e+002
            20  4.88080e+002  2.00000e+001 -6.88731e+001  8.78507e+000  4.66667e+002
            21  4.88392e+002  2.10000e+001 -6.92493e+001  8.78497e+000  4.67000e+002
            22  4.88698e+002  2.20000e+001 -6.96152e+001  8.78485e+000  4.67333e+002
            23  4.89014e+002  2.30000e+001 -6.99292e+001  8.78464e+000  4.67667e+002
            24  4.89322e+002  2.40000e+001 -7.02149e+001  8.78448e+000  4.68000e+002
            25  4.89638e+002  2.50000e+001 -7.04578e+001  8.78433e+000  4.68333e+002
            26  4.89944e+002  2.60000e+001 -7.06588e+001  8.78419e+000  4.68667e+002
            27  4.90257e+002  2.70000e+001 -7.08148e+001  8.78409e+000  4.69000e+002
            28  4.90563e+002  2.80000e+001 -7.09644e+001  8.78400e+000  4.69333e+002
            29  4.90876e+002  2.90000e+001 -7.10902e+001  8.78392e+000  4.69667e+002
            30  4.91172e+002  3.00000e+001 -7.12117e+001  8.78385e+000  4.70000e+002
            31  4.91480e+002  3.10000e+001 -7.12909e+001  8.78385e+000  4.70333e+002
            32  4.91786e+002  3.20000e+001 -7.13773e+001  8.78383e+000  4.70667e+002
            33  4.92079e+002  3.30000e+001 -7.14305e+001  8.78382e+000  4.71000e+002
            34  4.92377e+002  3.40000e+001 -7.14752e+001  8.78380e+000  4.71333e+002
            35  4.92681e+002  3.50000e+001 -7.14851e+001  8.78382e+000  4.71667e+002
            36  4.92981e+002  3.60000e+001 -7.15156e+001  8.78383e+000  4.72000e+002
            37  4.93282e+002  3.70000e+001 -7.15385e+001  8.78384e+000  4.72333e+002
            38  4.93570e+002  3.80000e+001 -7.15508e+001  8.78386e+000  4.72667e+002
            39  4.93870e+002  3.90000e+001 -7.15358e+001  8.78390e+000  4.73000e+002
            40  4.94168e+002  4.00000e+001 -7.15329e+001  8.78395e+000  4.73333e+002
            41  4.94464e+002  4.10000e+001 -7.15383e+001  8.78400e+000  4.73667e+002
            42  4.94743e+002  4.20000e+001 -7.15430e+001  8.78406e+000  4.74000e+002
            43  4.95035e+002  4.30000e+001 -7.15257e+001  8.78415e+000  4.74333e+002
            44  4.95326e+002  4.40000e+001 -7.15183e+001  8.78422e+000  4.74667e+002
            45  4.95610e+002  4.50000e+001 -7.15128e+001  8.78428e+000  4.75000e+002
            46  4.95900e+002  4.60000e+001 -7.15076e+001  8.78433e+000  4.75333e+002
            47  4.96192e+002  4.70000e+001 -7.14888e+001  8.78436e+000  4.75667e+002
            48  4.96477e+002  4.80000e+001 -7.14768e+001  8.78438e+000  4.76000e+002
            49  4.96766e+002  4.90000e+001 -7.14666e+001  8.78438e+000  4.76333e+002
            50  4.97048e+002  5.00000e+001 -7.14560e+001  8.78438e+000  4.76667e+002
            51  4.97337e+002  5.10000e+001 -7.14390e+001  8.78433e+000  4.77000e+002
            52  4.97618e+002  5.20000e+001 -7.14247e+001  8.78430e+000  4.77333e+002
            53  4.97900e+002  5.30000e+001 -7.14104e+001  8.78427e+000  4.77667e+002
            54  4.98186e+002  5.40000e+001 -7.13966e+001  8.78424e+000  4.78000e+002
            55  4.98467e+002  5.50000e+001 -7.13842e+001  8.78422e+000  4.78333e+002
            56  4.98753e+002  5.60000e+001 -7.13717e+001  8.78420e+000  4.78667e+002
            57  4.99033e+002  5.70000e+001 -7.13590e+001  8.78419e+000  4.79000e+002
            58  4.99316e+002  5.80000e+001 -7.13456e+001  8.78417e+000  4.79333e+002
            59  4.99597e+002  5.90000e+001 -7.13294e+001  8.78418e+000  4.79667e+002
            60  4.99887e+002  6.00000e+001 -7.13161e+001  8.78417e+000  4.80000e+002
            61  5.00170e+002  6.10000e+001 -7.13042e+001  8.78417e+000  4.80333e+002
            62  5.00455e+002  6.20000e+001 -7.12927e+001  8.78416e+000  4.80667e+002
            63  5.00741e+002  6.30000e+001 -7.12851e+001  8.78415e+000  4.81000e+002
            64  5.01018e+002  6.40000e+001 -7.12752e+001  8.78414e+000  4.81333e+002
            65  5.01305e+002  6.50000e+001 -7.12660e+001  8.78413e+000  4.81667e+002
            66  5.01592e+002  6.60000e+001 -7.12579e+001  8.78413e+000  4.82000e+002
            67  5.01882e+002  6.70000e+001 -7.12493e+001  8.78413e+000  4.82333e+002
            68  5.02167e+002  6.80000e+001 -7.12400e+001  8.78413e+000  4.82667e+002
            69  5.02453e+002  6.90000e+001 -7.12303e+001  8.78414e+000  4.83000e+002
            70  5.02735e+002  7.00000e+001 -7.12217e+001  8.78415e+000  4.83333e+002
            71  5.03019e+002  7.10000e+001 -7.12185e+001  8.78418e+000  4.83667e+002
            72  5.03303e+002  7.20000e+001 -7.12123e+001  8.78420e+000  4.84000e+002
            73  5.03589e+002  7.30000e+001 -7.12055e+001  8.78422e+000  4.84333e+002
            74  5.03873e+002  7.40000e+001 -7.11996e+001  8.78424e+000  4.84667e+002
            75  5.04160e+002  7.50000e+001 -7.11974e+001  8.78427e+000  4.85000e+002
            76  5.04449e+002  7.60000e+001 -7.11944e+001  8.78429e+000  4.85333e+002
            77  5.04737e+002  7.70000e+001 -7.11926e+001  8.78432e+000  4.85667e+002
            78  5.05026e+002  7.80000e+001 -7.11923e+001  8.78434e+000  4.86000e+002
            79  5.05315e+002  7.90000e+001 -7.11931e+001  8.78437e+000  4.86333e+002
            80  5.05601e+002  8.00000e+001 -7.11936e+001  8.78440e+000  4.86667e+002
            81  5.05893e+002  8.10000e+001 -7.11957e+001  8.78442e+000  4.87000e+002
            82  5.06180e+002  8.20000e+001 -7.11987e+001  8.78444e+000  4.87333e+002
            83  5.06477e+002  8.30000e+001 -7.12013e+001  8.78446e+000  4.87667e+002
            84  5.06764e+002  8.40000e+001 -7.12110e+001  8.78448e+000  4.88000e+002
            85  5.07055e+002  8.50000e+001 -7.12172e+001  8.78450e+000  4.88333e+002
            86  5.07344e+002  8.60000e+001 -7.12246e+001  8.78451e+000  4.88667e+002
            87  5.07633e+002  8.70000e+001 -7.12324e+001  8.78452e+000  4.89000e+002
            88  5.07927e+002  8.80000e+001 -7.12431e+001  8.78452e+000  4.89333e+002
            89  5.08222e+002  8.90000e+001 -7.12526e+001  8.78452e+000  4.89667e+002
            90  5.08506e+002  9.00000e+001 -7.12619e+001  8.78452e+000  4.90000e+002
            91  5.08801e+002  9.10000e+001 -7.12703e+001  8.78452e+000  4.90333e+002
            92  5.09096e+002  9.20000e+001 -7.12822e+001  8.78450e+000  4.90667e+002
            93  5.09385e+002  9.30000e+001 -7.12933e+001  8.78448e+000  4.91000e+002
            94  5.09683e+002  9.40000e+001 -7.13044e+001  8.78446e+000  4.91333e+002
            95  5.09982e+002  9.50000e+001 -7.13153e+001  8.78444e+000  4.91667e+002
            96  5.10271e+002  9.60000e+001 -7.13309e+001  8.78440e+000  4.92000e+002
            97  5.10575e+002  9.70000e+001 -7.13434e+001  8.78437e+000  4.92333e+002
            98  5.10870e+002  9.80000e+001 -7.13551e+001  8.78435e+000  4.92667e+002
            99  5.11165e+002  9.90000e+001 -7.13668e+001  8.78433e+000  4.93000e+002
           100  5.11458e+002  1.00000e+002 -7.13751e+001  8.78432e+000  4.93333e+002
           101  5.11755e+002  1.01000e+002 -7.13855e+001  8.78432e+000  4.93667e+002
           102  5.12054e+002  1.02000e+002 -7.13956e+001  8.78432e+000  4.94000e+002
           103  5.12347e+002  1.03000e+002 -7.14062e+001  8.78433e+000  4.94333e+002
           104  5.12645e+002  1.04000e+002 -7.14182e+001  8.78434e+000  4.94667e+002
           105  5.12944e+002  1.05000e+002 -7.14289e+001  8.78435e+000  4.95000e+002
           106  5.13242e+002  1.06000e+002 -7.14397e+001  8.78436e+000  4.95333e+002
           107  5.13541e+002  1.07000e+002 -7.14512e+001  8.78437e+000  4.95667e+002
           108  5.13839e+002  1.08000e+002 -7.14601e+001  8.78437e+000  4.96000e+002
           109  5.14137e+002  1.09000e+002 -7.14693e+001  8.78437e+000  4.96333e+002
           110  5.14438e+002  1.10000e+002 -7.14788e+001  8.78438e+000  4.96667e+002
           111  5.14742e+002  1.11000e+002 -7.14892e+001  8.78438e+000  4.97000e+002
           112  5.15043e+002  1.12000e+002 -7.14994e+001  8.78439e+000  4.97333e+002
           113  5.15339e+002  1.13000e+002 -7.15106e+001  8.78440e+000  4.97667e+002
           114  5.15642e+002  1.14000e+002 -7.15230e+001  8.78441e+000  4.98000e+002
           115  5.15941e+002  1.15000e+002 -7.15359e+001  8.78443e+000  4.98333e+002
           116  5.16244e+002  1.16000e+002 -7.15487e+001  8.78445e+000  4.98667e+002
           117  5.16548e+002  1.17000e+002 -7.15621e+001  8.78448e+000  4.99000e+002
           118  5.16843e+002  1.18000e+002 -7.15757e+001  8.78451e+000  4.99333e+002
           119  5.17152e+002  1.19000e+002 -7.15905e+001  8.78454e+000  4.99667e+002
           120  5.17455e+002  1.20000e+002 -7.16057e+001  8.78457e+000  5.00000e+002
           121  5.17756e+002  1.21000e+002 -7.16213e+001  8.78459e+000  5.00333e+002
           122  5.18059e+002  1.22000e+002 -7.16368e+001  8.78459e+000  5.00667e+002
           123  5.18358e+002  1.23000e+002 -7.16522e+001  8.78458e+000  5.01000e+002
           124  5.18663e+002  1.24000e+002 -7.16708e+001  8.78451e+000  5.01333e+002
           125  5.18969e+002  1.25000e+002 -7.16872e+001  8.78444e+000  5.01667e+002
           126  5.19270e+002  1.26000e+002 -7.17015e+001  8.78434e+000  5.02000e+002
           127  5.19581e+002  1.27000e+002 -7.17151e+001  8.78423e+000  5.02333e+002
           128  5.19875e+002  1.28000e+002 -7.17315e+001  8.78405e+000  5.02667e+002
           129  5.20183e+002  1.29000e+002 -7.17474e+001  8.78391e+000  5.03000e+002
           130  5.20494e+002  1.30000e+002 -7.17635e+001  8.78379e+000  5.03333e+002
           131  5.20805e+002  1.31000e+002 -7.17800e+001  8.78368e+000  5.03667e+002
           132  5.21105e+002  1.32000e+002 -7.17956e+001  8.78360e+000  5.04000e+002
           133  5.21416e+002  1.33000e+002 -7.18111e+001  8.78354e+000  5.04333e+002
           134  5.21718e+002  1.34000e+002 -7.18261e+001  8.78349e+000  5.04667e+002
           135  5.22031e+002  1.35000e+002 -7.18404e+001  8.78345e+000  5.05000e+002
           136  5.22338e+002  1.36000e+002 -7.18528e+001  8.78349e+000  5.05333e+002
           137  5.22638e+002  1.37000e+002 -7.18652e+001  8.78351e+000  5.05667e+002
           138  5.22945e+002  1.38000e+002 -7.18782e+001  8.78354e+000  5.06000e+002
           139  5.23259e+002  1.39000e+002 -7.18917e+001  8.78358e+000  5.06333e+002
           140  5.23568e+002  1.40000e+002 -7.19025e+001  8.78365e+000  5.06667e+002
           141  5.23870e+002  1.41000e+002 -7.19123e+001  8.78372e+000  5.07000e+002
           142  5.24182e+002  1.42000e+002 -7.19212e+001  8.78379e+000  5.07333e+002
           143  5.24495e+002  1.43000e+002 -7.19300e+001  8.78387e+000  5.07667e+002
           144  5.24802e+002  1.44000e+002 -7.19307e+001  8.78396e+000  5.08000e+002
           145  5.25111e+002  1.45000e+002 -7.19361e+001  8.78405e+000  5.08333e+002
           146  5.25417e+002  1.46000e+002 -7.19422e+001  8.78413e+000  5.08667e+002
           147  5.25728e+002  1.47000e+002 -7.19483e+001  8.78421e+000  5.09000e+002
           148  5.26034e+002  1.48000e+002 -7.19530e+001  8.78428e+000  5.09333e+002
           149  5.26344e+002  1.49000e+002 -7.19595e+001  8.78434e+000  5.09667e+002
           150  5.26650e+002  1.50000e+002 -7.19664e+001  8.78439e+000  5.10000e+002
           151  5.26967e+002  1.51000e+002 -7.19741e+001  8.78444e+000  5.10333e+002
           152  5.27281e+002  1.52000e+002 -7.19816e+001  8.78448e+000  5.10667e+002
           153  5.27588e+002  1.53000e+002 -7.19899e+001  8.78450e+000  5.11000e+002
           154  5.27896e+002  1.54000e+002 -7.19997e+001  8.78453e+000  5.11333e+002
           155  5.28204e+002  1.55000e+002 -7.20101e+001  8.78456e+000  5.11667e+002
           156  5.28518e+002  1.56000e+002 -7.20198e+001  8.78459e+000  5.12000e+002
           157  5.28828e+002  1.57000e+002 -7.20354e+001  8.78460e+000  5.12333e+002
           158  5.29141e+002  1.58000e+002 -7.20476e+001  8.78459e+000  5.12667e+002
           159  5.29452e+002  1.59000e+002 -7.20602e+001  8.78457e+000  5.13000e+002
           160  5.29770e+002  1.60000e+002 -7.20730e+001  8.78454e+000  5.13333e+002
           161  5.30084e+002  1.61000e+002 -7.20906e+001  8.78446e+000  5.13667e+002
           162  5.30393e+002  1.62000e+002 -7.21051e+001  8.78439e+000  5.14000e+002
           163  5.30706e+002  1.63000e+002 -7.21186e+001  8.78432e+000  5.14333e+002
           164  5.31013e+002  1.64000e+002 -7.21321e+001  8.78424e+000  5.14667e+002
           165  5.31324e+002  1.65000e+002 -7.21448e+001  8.78414e+000  5.15000e+002
           166  5.31642e+002  1.66000e+002 -7.21570e+001  8.78406e+000  5.15333e+002
           167  5.31957e+002  1.67000e+002 -7.21678e+001  8.78399e+000  5.15667e+002
           168  5.32268e+002  1.68000e+002 -7.21786e+001  8.78393e+000  5.16000e+002
           169  5.32574e+002  1.69000e+002 -7.21907e+001  8.78389e+000  5.16333e+002
           170  5.32886e+002  1.70000e+002 -7.22009e+001  8.78385e+000  5.16667e+002
           171  5.33205e+002  1.71000e+002 -7.22103e+001  8.78383e+000  5.17000e+002
           172  5.33515e+002  1.72000e+002 -7.22191e+001  8.78381e+000  5.17333e+002
           173  5.33833e+002  1.73000e+002 -7.22223e+001  8.78384e+000  5.17667e+002
           174  5.34146e+002  1.74000e+002 -7.22292e+001  8.78385e+000  5.18000e+002
           175  5.34463e+002  1.75000e+002 -7.22373e+001  8.78387e+000  5.18333e+002
           176  5.34778e+002  1.76000e+002 -7.22451e+001  8.78390e+000  5.18667e+002
           177  5.35095e+002  1.77000e+002 -7.22492e+001  8.78396e+000  5.19000e+002
           178  5.35408e+002  1.78000e+002 -7.22544e+001  8.78401e+000  5.19333e+002
           179  5.35726e+002  1.79000e+002 -7.22605e+001  8.78406e+000  5.19667e+002
           180  5.36039e+002  1.80000e+002 -7.22671e+001  8.78411e+000  5.20000e+002
           181  5.36353e+002  1.81000e+002 -7.22749e+001  8.78418e+000  5.20333e+002
           182  5.36664e+002  1.82000e+002 -7.22825e+001  8.78423e+000  5.20667e+002
           183  5.36978e+002  1.83000e+002 -7.22905e+001  8.78428e+000  5.21000e+002
           184  5.37298e+002  1.84000e+002 -7.22985e+001  8.78433e+000  5.21333e+002
           185  5.37616e+002  1.85000e+002 -7.23061e+001  8.78436e+000  5.21667e+002
           186  5.37933e+002  1.86000e+002 -7.23137e+001  8.78439e+000  5.22000e+002
           187  5.38252e+002  1.87000e+002 -7.23212e+001  8.78441e+000  5.22333e+002
           188  5.38570e+002  1.88000e+002 -7.23281e+001  8.78443e+000  5.22667e+002
           189  5.38884e+002  1.89000e+002 -7.23369e+001  8.78441e+000  5.23000e+002
           190  5.39201e+002  1.90000e+002 -7.23438e+001  8.78440e+000  5.23333e+002
           191  5.39521e+002  1.91000e+002 -7.23499e+001  8.78438e+000  5.23667e+002
           192  5.39835e+002  1.92000e+002 -7.23557e+001  8.78435e+000  5.24000e+002
           193  5.40156e+002  1.93000e+002 -7.23586e+001  8.78430e+000  5.24333e+002
           194  5.40470e+002  1.94000e+002 -7.23625e+001  8.78427e+000  5.24667e+002
           195  5.40795e+002  1.95000e+002 -7.23660e+001  8.78426e+000  5.25000e+002
           196  5.41111e+002  1.96000e+002 -7.23689e+001  8.78424e+000  5.25333e+002
           197  5.41431e+002  1.97000e+002 -7.23709e+001  8.78425e+000  5.25667e+002
           198  5.41747e+002  1.98000e+002 -7.23766e+001  8.78427e+000  5.26000e+002
           199  5.42059e+002  1.99000e+002 -7.23825e+001  8.78429e+000  5.26333e+002
           200  5.42374e+002  2.00000e+002 -7.23879e+001  8.78431e+000  5.26667e+002
           201  5.42692e+002  2.01000e+002 -7.23920e+001  8.78436e+000  5.27000e+002
           202  5.43014e+002  2.02000e+002 -7.23982e+001  8.78439e+000  5.27333e+002
           203  5.43329e+002  2.03000e+002 -7.24053e+001  8.78441e+000  5.27667e+002
           204  5.43646e+002  2.04000e+002 -7.24121e+001  8.78443e+000  5.28000e+002
           205  5.43970e+002  2.05000e+002 -7.24230e+001  8.78442e+000  5.28333e+002
           206  5.44290e+002  2.06000e+002 -7.24316e+001  8.78442e+000  5.28667e+002
           207  5.44609e+002  2.07000e+002 -7.24391e+001  8.78441e+000  5.29000e+002
           208  5.44922e+002  2.08000e+002 -7.24470e+001  8.78440e+000  5.29333e+002
           209  5.45242e+002  2.09000e+002 -7.24574e+001  8.78436e+000  5.29667e+002
           210  5.45563e+002  2.10000e+002 -7.24648e+001  8.78434e+000  5.30000e+002
           211  5.45888e+002  2.11000e+002 -7.24716e+001  8.78431e+000  5.30333e+002
           212  5.46206e+002  2.12000e+002 -7.24782e+001  8.78429e+000  5.30667e+002
           213  5.46523e+002  2.13000e+002 -7.24862e+001  8.78426e+000  5.31000e+002
           214  5.46842e+002  2.14000e+002 -7.24934e+001  8.78423e+000  5.31333e+002
           215  5.47167e+002  2.15000e+002 -7.25004e+001  8.78420e+000  5.31667e+002
           216  5.47484e+002  2.16000e+002 -7.25071e+001  8.78417e+000  5.32000e+002
           217  5.47800e+002  2.17000e+002 -7.25114e+001  8.78415e+000  5.32333e+002
           218  5.48121e+002  2.18000e+002 -7.25172e+001  8.78414e+000  5.32667e+002
           219  5.48439e+002  2.19000e+002 -7.25226e+001  8.78413e+000  5.33000e+002
           220  5.48761e+002  2.20000e+002 -7.25278e+001  8.78413e+000  5.33333e+002
           221  5.49086e+002  2.21000e+002 -7.25302e+001  8.78416e+000  5.33667e+002
           222  5.49400e+002  2.22000e+002 -7.25341e+001  8.78418e+000  5.34000e+002
           223  5.49723e+002  2.23000e+002 -7.25385e+001  8.78421e+000  5.34333e+002
           224  5.50044e+002  2.24000e+002 -7.25426e+001  8.78423e+000  5.34667e+002
           225  5.50368e+002  2.25000e+002 -7.25459e+001  8.78428e+000  5.35000e+002
           226  5.50685e+002  2.26000e+002 -7.25490e+001  8.78432e+000  5.35333e+002
           227  5.51000e+002  2.27000e+002 -7.25524e+001  8.78436e+000  5.35667e+002
           228  5.51319e+002  2.28000e+002 -7.25564e+001  8.78439e+000  5.36000e+002
           229  5.51647e+002  2.29000e+002 -7.25598e+001  8.78442e+000  5.36333e+002
           230  5.51966e+002  2.30000e+002 -7.25636e+001  8.78443e+000  5.36667e+002
           231  5.52282e+002  2.31000e+002 -7.25677e+001  8.78444e+000  5.37000e+002
           232  5.52607e+002  2.32000e+002 -7.25724e+001  8.78444e+000  5.37333e+002
           233  5.52930e+002  2.33000e+002 -7.25799e+001  8.78441e+000  5.37667e+002
           234  5.53248e+002  2.34000e+002 -7.25863e+001  8.78438e+000  5.38000e+002
           235  5.53567e+002  2.35000e+002 -7.25928e+001  8.78435e+000  5.38333e+002
           236  5.53894e+002  2.36000e+002 -7.25989e+001  8.78431e+000  5.38667e+002
           237  5.54208e+002  2.37000e+002 -7.26067e+001  8.78424e+000  5.39000e+002
           238  5.54532e+002  2.38000e+002 -7.26130e+001  8.78419e+000  5.39333e+002
           239  5.54857e+002  2.39000e+002 -7.26194e+001  8.78415e+000  5.39667e+002
           240  5.55182e+002  2.40000e+002 -7.26255e+001  8.78411e+000  5.40000e+002
           241  5.55503e+002  2.41000e+002 -7.26332e+001  8.78408e+000  5.40333e+002
           242  5.55824e+002  2.42000e+002 -7.26394e+001  8.78405e+000  5.40667e+002
           243  5.56152e+002  2.43000e+002 -7.26454e+001  8.78402e+000  5.41000e+002
           244  5.56464e+002  2.44000e+002 -7.26511e+001  8.78401e+000  5.41333e+002
           245  5.56789e+002  2.45000e+002 -7.26577e+001  8.78400e+000  5.41667e+002
           246  5.57110e+002  2.46000e+002 -7.26601e+001  8.78402e+000  5.42000e+002
           247  5.57440e+002  2.47000e+002 -7.26640e+001  8.78403e+000  5.42333e+002
           248  5.57766e+002  2.48000e+002 -7.26686e+001  8.78404e+000  5.42667e+002
           249  5.58084e+002  2.49000e+002 -7.26743e+001  8.78405e+000  5.43000e+002
           250  5.58408e+002  2.50000e+002 -7.26797e+001  8.78408e+000  5.43333e+002
           251  5.58723e+002  2.51000e+002 -7.26835e+001  8.78411e+000  5.43667e+002
           252  5.59047e+002  2.52000e+002 -7.26864e+001  8.78413e+000  5.44000e+002
           253  5.59370e+002  2.53000e+002 -7.26896e+001  8.78415e+000  5.44333e+002
           254  5.59694e+002  2.54000e+002 -7.26919e+001  8.78417e+000  5.44667e+002
           255  5.60022e+002  2.55000e+002 -7.26936e+001  8.78420e+000  5.45000e+002
           256  5.60339e+002  2.56000e+002 -7.26953e+001  8.78422e+000  5.45333e+002
           257  5.60664e+002  2.57000e+002 -7.26963e+001  8.78425e+000  5.45667e+002
           258  5.60984e+002  2.58000e+002 -7.26968e+001  8.78427e+000  5.46000e+002
           259  5.61300e+002  2.59000e+002 -7.26982e+001  8.78429e+000  5.46333e+002
           260  5.61628e+002  2.60000e+002 -7.26999e+001  8.78432e+000  5.46667e+002
           261  5.61953e+002  2.61000e+002 -7.27026e+001  8.78435e+000  5.47000e+002
           262  5.62274e+002  2.62000e+002 -7.27011e+001  8.78438e+000  5.47333e+002
           263  5.62599e+002  2.63000e+002 -7.27023e+001  8.78441e+000  5.47667e+002
           264  5.62922e+002  2.64000e+002 -7.27052e+001  8.78444e+000  5.48000e+002
           265  5.63248e+002  2.65000e+002 -7.27093e+001  8.78447e+000  5.48333e+002
           266  5.63572e+002  2.66000e+002 -7.27139e+001  8.78448e+000  5.48667e+002
           267  5.63898e+002  2.67000e+002 -7.27176e+001  8.78448e+000  5.49000e+002
           268  5.64220e+002  2.68000e+002 -7.27213e+001  8.78448e+000  5.49333e+002
           269  5.64539e+002  2.69000e+002 -7.27252e+001  8.78446e+000  5.49667e+002
           270  5.64860e+002  2.70000e+002 -7.27335e+001  8.78439e+000  5.50000e+002
           271  5.65188e+002  2.71000e+002 -7.27387e+001  8.78433e+000  5.50333e+002
           272  5.65515e+002  2.72000e+002 -7.27428e+001  8.78425e+000  5.50667e+002
           273  5.65836e+002  2.73000e+002 -7.27470e+001  8.78417e+000  5.51000e+002
           274  5.66158e+002  2.74000e+002 -7.27518e+001  8.78404e+000  5.51333e+002
           275  5.66474e+002  2.75000e+002 -7.27565e+001  8.78394e+000  5.51667e+002
           276  5.66807e+002  2.76000e+002 -7.27608e+001  8.78385e+000  5.52000e+002
           277  5.67135e+002  2.77000e+002 -7.27658e+001  8.78379e+000  5.52333e+002
           278  5.67456e+002  2.78000e+002 -7.27685e+001  8.78377e+000  5.52667e+002
           279  5.67789e+002  2.79000e+002 -7.27726e+001  8.78377e+000  5.53000e+002
           280  5.68106e+002  2.80000e+002 -7.27771e+001  8.78378e+000  5.53333e+002
           281  5.68434e+002  2.81000e+002 -7.27814e+001  8.78380e+000  5.53667e+002
           282  5.68754e+002  2.82000e+002 -7.27834e+001  8.78390e+000  5.54000e+002
           283  5.69076e+002  2.83000e+002 -7.27856e+001  8.78395e+000  5.54333e+002
           284  5.69405e+002  2.84000e+002 -7.27873e+001  8.78398e+000  5.54667e+002
           285  5.69728e+002  2.85000e+002 -7.27889e+001  8.78402e+000  5.55000e+002
           286  5.70051e+002  2.86000e+002 -7.27916e+001  8.78403e+000  5.55333e+002
           287  5.70381e+002  2.87000e+002 -7.27941e+001  8.78406e+000  5.55667e+002
           288  5.70701e+002  2.88000e+002 -7.27970e+001  8.78408e+000  5.56000e+002
           289  5.71025e+002  2.89000e+002 -7.28003e+001  8.78412e+000  5.56333e+002
           290  5.71352e+002  2.90000e+002 -7.28009e+001  8.78415e+000  5.56667e+002
           291  5.71675e+002  2.91000e+002 -7.28045e+001  8.78419e+000  5.57000e+002
           292  5.72003e+002  2.92000e+002 -7.28087e+001  8.78423e+000  5.57333e+002
           293  5.72325e+002  2.93000e+002 -7.28124e+001  8.78427e+000  5.57667e+002
           294  5.72649e+002  2.94000e+002 -7.28190e+001  8.78432e+000  5.58000e+002
           295  5.72966e+002  2.95000e+002 -7.28249e+001  8.78436e+000  5.58333e+002
           296  5.73293e+002  2.96000e+002 -7.28305e+001  8.78438e+000  5.58667e+002
           297  5.73616e+002  2.97000e+002 -7.28364e+001  8.78440e+000  5.59000e+002
           298  5.73944e+002  2.98000e+002 -7.28457e+001  8.78441e+000  5.59333e+002
           299  5.74264e+002  2.99000e+002 -7.28525e+001  8.78441e+000  5.59667e+002
           300  5.74592e+002  3.00000e+002 -7.28588e+001  8.78441e+000  5.60000e+002
           301  5.74921e+002  3.01000e+002 -7.28652e+001  8.78441e+000  5.60333e+002
           302  5.75244e+002  3.02000e+002 -7.28729e+001  8.78438e+000  5.60667e+002
           303  5.75567e+002  3.03000e+002 -7.28804e+001  8.78433e+000  5.61000e+002
           304  5.75895e+002  3.04000e+002 -7.28881e+001  8.78428e+000  5.61333e+002
           305  5.76223e+002  3.05000e+002 -7.28959e+001  8.78422e+000  5.61667e+002
           306  5.76549e+002  3.06000e+002 -7.29025e+001  8.78411e+000  5.62000e+002
           307  5.76878e+002  3.07000e+002 -7.29082e+001  8.78402e+000  5.62333e+002
           308  5.77201e+002  3.08000e+002 -7.29139e+001  8.78394e+000  5.62667e+002
           309  5.77528e+002  3.09000e+002 -7.29199e+001  8.78385e+000  5.63000e+002
           310  5.77850e+002  3.10000e+002 -7.29261e+001  8.78377e+000  5.63333e+002
           311  5.78177e+002  3.11000e+002 -7.29312e+001  8.78371e+000  5.63667e+002
           312  5.78495e+002  3.12000e+002 -7.29351e+001  8.78366e+000  5.64000e+002
           313  5.78824e+002  3.13000e+002 -7.29381e+001  8.78362e+000  5.64333e+002
           314  5.79150e+002  3.14000e+002 -7.29378e+001  8.78364e+000  5.64667e+002
           315  5.79478e+002  3.15000e+002 -7.29399e+001  8.78365e+000  5.65000e+002
           316  5.79806e+002  3.16000e+002 -7.29418e+001  8.78367e+000  5.65333e+002
           317  5.80128e+002  3.17000e+002 -7.29431e+001  8.78370e+000  5.65667e+002
           318  5.80450e+002  3.18000e+002 -7.29406e+001  8.78379e+000  5.66000e+002
           319  5.80777e+002  3.19000e+002 -7.29390e+001  8.78386e+000  5.66333e+002
           320  5.81104e+002  3.20000e+002 -7.29368e+001  8.78393e+000  5.66667e+002
           321  5.81431e+002  3.21000e+002 -7.29345e+001  8.78400e+000  5.67000e+002
           322  5.81755e+002  3.22000e+002 -7.29290e+001  8.78409e+000  5.67333e+002
           323  5.82079e+002  3.23000e+002 -7.29270e+001  8.78417e+000  5.67667e+002
           324  5.82401e+002  3.24000e+002 -7.29263e+001  8.78423e+000  5.68000e+002
           325  5.82725e+002  3.25000e+002 -7.29258e+001  8.78430e+000  5.68333e+002
           326  5.83056e+002  3.26000e+002 -7.29234e+001  8.78436e+000  5.68667e+002
           327  5.83386e+002  3.27000e+002 -7.29227e+001  8.78441e+000  5.69000e+002
           328  5.83713e+002  3.28000e+002 -7.29222e+001  8.78447e+000  5.69333e+002
           329  5.84031e+002  3.29000e+002 -7.29225e+001  8.78452e+000  5.69667e+002
           330  5.84358e+002  3.30000e+002 -7.29261e+001  8.78455e+000  5.70000e+002
           331  5.84690e+002  3.31000e+002 -7.29277e+001  8.78457e+000  5.70333e+002
           332  5.85007e+002  3.32000e+002 -7.29290e+001  8.78459e+000  5.70667e+002
           333  5.85341e+002  3.33000e+002 -7.29303e+001  8.78460e+000  5.71000e+002
           334  5.85672e+002  3.34000e+002 -7.29349e+001  8.78457e+000  5.71333e+002
           335  5.85992e+002  3.35000e+002 -7.29376e+001  8.78454e+000  5.71667e+002
           336  5.86315e+002  3.36000e+002 -7.29403e+001  8.78451e+000  5.72000e+002
           337  5.86643e+002  3.37000e+002 -7.29434e+001  8.78447e+000  5.72333e+002
           338  5.86968e+002  3.38000e+002 -7.29458e+001  8.78442e+000  5.72667e+002
           339  5.87302e+002  3.39000e+002 -7.29479e+001  8.78436e+000  5.73000e+002
           340  5.87627e+002  3.40000e+002 -7.29501e+001  8.78430e+000  5.73333e+002
           341  5.87948e+002  3.41000e+002 -7.29525e+001  8.78426e+000  5.73667e+002
           342  5.88277e+002  3.42000e+002 -7.29548e+001  8.78421e+000  5.74000e+002
           343  5.88602e+002  3.43000e+002 -7.29587e+001  8.78418e+000  5.74333e+002
           344  5.88924e+002  3.44000e+002 -7.29620e+001  8.78415e+000  5.74667e+002
           345  5.89255e+002  3.45000e+002 -7.29652e+001  8.78413e+000  5.75000e+002
           346  5.89583e+002  3.46000e+002 -7.29686e+001  8.78411e+000  5.75333e+002
           347  5.89904e+002  3.47000e+002 -7.29695e+001  8.78412e+000  5.75667e+002
           348  5.90234e+002  3.48000e+002 -7.29717e+001  8.78412e+000  5.76000e+002
           349  5.90558e+002  3.49000e+002 -7.29748e+001  8.78412e+000  5.76333e+002
           350  5.90884e+002  3.50000e+002 -7.29782e+001  8.78413e+000  5.76667e+002
           351  5.91210e+002  3.51000e+002 -7.29842e+001  8.78415e+000  5.77000e+002
           352  5.91538e+002  3.52000e+002 -7.29894e+001  8.78415e+000  5.77333e+002
           353  5.91866e+002  3.53000e+002 -7.29937e+001  8.78416e+000  5.77667e+002
           354  5.92183e+002  3.54000e+002 -7.29969e+001  8.78416e+000  5.78000e+002
           355  5.92511e+002  3.55000e+002 -7.30011e+001  8.78415e+000  5.78333e+002
           356  5.92840e+002  3.56000e+002 -7.30043e+001  8.78416e+000  5.78667e+002
           357  5.93170e+002  3.57000e+002 -7.30073e+001  8.78416e+000  5.79000e+002
           358  5.93499e+002  3.58000e+002 -7.30104e+001  8.78417e+000  5.79333e+002
           359  5.93827e+002  3.59000e+002 -7.30144e+001  8.78417e+000  5.79667e+002
           360  5.94146e+002  3.60000e+002 -7.30175e+001  8.78416e+000  5.80000e+002
           361  5.94476e+002  3.61000e+002 -7.30195e+001  8.78415e+000  5.80333e+002
           362  5.94802e+002  3.62000e+002 -7.30218e+001  8.78414e+000  5.80667e+002
           363  5.95133e+002  3.63000e+002 -7.30219e+001  8.78411e+000  5.81000e+002
           364  5.95458e+002  3.64000e+002 -7.30240e+001  8.78408e+000  5.81333e+002
           365  5.95781e+002  3.65000e+002 -7.30267e+001  8.78407e+000  5.81667e+002
           366  5.96109e+002  3.66000e+002 -7.30301e+001  8.78405e+000  5.82000e+002
           367  5.96435e+002  3.67000e+002 -7.30321e+001  8.78405e+000  5.82333e+002
           368  5.96762e+002  3.68000e+002 -7.30334e+001  8.78405e+000  5.82667e+002
           369  5.97087e+002  3.69000e+002 -7.30343e+001  8.78405e+000  5.83000e+002
           370  5.97417e+002  3.70000e+002 -7.30351e+001  8.78406e+000  5.83333e+002
           371  5.97738e+002  3.71000e+002 -7.30379e+001  8.78409e+000  5.83667e+002
           372  5.98066e+002  3.72000e+002 -7.30403e+001  8.78410e+000  5.84000e+002
           373  5.98394e+002  3.73000e+002 -7.30421e+001  8.78410e+000  5.84333e+002
           374  5.98722e+002  3.74000e+002 -7.30427e+001  8.78411e+000  5.84667e+002
           375  5.99051e+002  3.75000e+002 -7.30434e+001  8.78410e+000  5.85000e+002
           376  5.99380e+002  3.76000e+002 -7.30445e+001  8.78411e+000  5.85333e+002
           377  5.99702e+002  3.77000e+002 -7.30443e+001  8.78411e+000  5.85667e+002
           378  6.00031e+002  3.78000e+002 -7.30437e+001  8.78412e+000  5.86000e+002
           379  6.00356e+002  3.79000e+002 -7.30428e+001  8.78413e+000  5.86333e+002
           380  6.00686e+002  3.80000e+002 -7.30429e+001  8.78414e+000  5.86667e+002
           381  6.01014e+002  3.81000e+002 -7.30419e+001  8.78416e+000  5.87000e+002
           382  6.01341e+002  3.82000e+002 -7.30399e+001  8.78417e+000  5.87333e+002
           383  6.01665e+002  3.83000e+002 -7.30373e+001  8.78419e+000  5.87667e+002
           384  6.01990e+002  3.84000e+002 -7.30360e+001  8.78420e+000  5.88000e+002
           385  6.02321e+002  3.85000e+002 -7.30351e+001  8.78422e+000  5.88333e+002
           386  6.02648e+002  3.86000e+002 -7.30337e+001  8.78423e+000  5.88667e+002
           387  6.02973e+002  3.87000e+002 -7.30290e+001  8.78425e+000  5.89000e+002
           388  6.03303e+002  3.88000e+002 -7.30266e+001  8.78427e+000  5.89333e+002
           389  6.03629e+002  3.89000e+002 -7.30254e+001  8.78429e+000  5.89667e+002
           390  6.03960e+002  3.90000e+002 -7.30244e+001  8.78431e+000  5.90000e+002
           391  6.04283e+002  3.91000e+002 -7.30227e+001  8.78434e+000  5.90333e+002
           392  6.04608e+002  3.92000e+002 -7.30222e+001  8.78437e+000  5.90667e+002
           393  6.04934e+002  3.93000e+002 -7.30223e+001  8.78439e+000  5.91000e+002
           394  6.05261e+002  3.94000e+002 -7.30220e+001  8.78441e+000  5.91333e+002
           395  6.05596e+002  3.95000e+002 -7.30215e+001  8.78442e+000  5.91667e+002
           396  6.05921e+002  3.96000e+002 -7.30210e+001  8.78444e+000  5.92000e+002
           397  6.06248e+002  3.97000e+002 -7.30197e+001  8.78445e+000  5.92333e+002
           398  6.06564e+002  3.98000e+002 -7.30180e+001  8.78447e+000  5.92667e+002
           399  6.06900e+002  3.99000e+002 -7.30196e+001  8.78447e+000  5.93000e+002
           400  6.07225e+002  4.00000e+002 -7.30200e+001  8.78446e+000  5.93333e+002
           401  6.07554e+002  4.01000e+002 -7.30204e+001  8.78445e+000  5.93667e+002
           402  6.07881e+002  4.02000e+002 -7.30210e+001  8.78442e+000  5.94000e+002
           403  6.08208e+002  4.03000e+002 -7.30211e+001  8.78437e+000  5.94333e+002
           404  6.08532e+002  4.04000e+002 -7.30224e+001  8.78432e+000  5.94667e+002
           405  6.08862e+002  4.05000e+002 -7.30235e+001  8.78427e+000  5.95000e+002
           406  6.09184e+002  4.06000e+002 -7.30250e+001  8.78423e+000  5.95333e+002
           407  6.09513e+002  4.07000e+002 -7.30279e+001  8.78419e+000  5.95667e+002
           408  6.09839e+002  4.08000e+002 -7.30298e+001  8.78416e+000  5.96000e+002
           409  6.10172e+002  4.09000e+002 -7.30317e+001  8.78414e+000  5.96333e+002
           410  6.10498e+002  4.10000e+002 -7.30337e+001  8.78411e+000  5.96667e+002
           411  6.10828e+002  4.11000e+002 -7.30399e+001  8.78411e+000  5.97000e+002
           412  6.11154e+002  4.12000e+002 -7.30432e+001  8.78409e+000  5.97333e+002
           413  6.11477e+002  4.13000e+002 -7.30460e+001  8.78406e+000  5.97667e+002
           414  6.11806e+002  4.14000e+002 -7.30482e+001  8.78402e+000  5.98000e+002
           415  6.12132e+002  4.15000e+002 -7.30482e+001  8.78398e+000  5.98333e+002
           416  6.12465e+002  4.16000e+002 -7.30478e+001  8.78395e+000  5.98667e+002
           417  6.12789e+002  4.17000e+002 -7.30474e+001  8.78394e+000  5.99000e+002
           418  6.13119e+002  4.18000e+002 -7.30468e+001  8.78393e+000  5.99333e+002
           419  6.13446e+002  4.19000e+002 -7.30445e+001  8.78395e+000  5.99667e+002
           420  6.13776e+002  4.20000e+002 -7.30428e+001  8.78397e+000  6.00000e+002
           421  6.14101e+002  4.21000e+002 -7.30410e+001  8.78399e+000  6.00333e+002
           422  6.14423e+002  4.22000e+002 -7.30393e+001  8.78403e+000  6.00667e+002
           423  6.14750e+002  4.23000e+002 -7.30329e+001  8.78409e+000  6.01000e+002
           424  6.15076e+002  4.24000e+002 -7.30298e+001  8.78414e+000  6.01333e+002
           425  6.15410e+002  4.25000e+002 -7.30280e+001  8.78419e+000  6.01667e+002
           426  6.15732e+002  4.26000e+002 -7.30264e+001  8.78424e+000  6.02000e+002
           427  6.16059e+002  4.27000e+002 -7.30240e+001  8.78428e+000  6.02333e+002
           428  6.16385e+002  4.28000e+002 -7.30222e+001  8.78431e+000  6.02667e+002
           429  6.16712e+002  4.29000e+002 -7.30222e+001  8.78433e+000  6.03000e+002
           430  6.17041e+002  4.30000e+002 -7.30230e+001  8.78435e+000  6.03333e+002
           431  6.17367e+002  4.31000e+002 -7.30238e+001  8.78437e+000  6.03667e+002
           432  6.17700e+002  4.32000e+002 -7.30272e+001  8.78438e+000  6.04000e+002
           433  6.18020e+002  4.33000e+002 -7.30300e+001  8.78441e+000  6.04333e+002
           434  6.18348e+002  4.34000e+002 -7.30331e+001  8.78443e+000  6.04667e+002
           435  6.18677e+002  4.35000e+002 -7.30363e+001  8.78445e+000  6.05000e+002
           436  6.19005e+002  4.36000e+002 -7.30417e+001  8.78447e+000  6.05333e+002
           437  6.19338e+002  4.37000e+002 -7.30454e+001  8.78448e+000  6.05667e+002
           438  6.19655e+002  4.38000e+002 -7.30480e+001  8.78448e+000  6.06000e+002
           439  6.19978e+002  4.39000e+002 -7.30504e+001  8.78447e+000  6.06333e+002
           440  6.20318e+002  4.40000e+002 -7.30555e+001  8.78440e+000  6.06667e+002
           441  6.20642e+002  4.41000e+002 -7.30595e+001  8.78435e+000  6.07000e+002
           442  6.20961e+002  4.42000e+002 -7.30633e+001  8.78428e+000  6.07333e+002
           443  6.21291e+002  4.43000e+002 -7.30673e+001  8.78421e+000  6.07667e+002
           444  6.21623e+002  4.44000e+002 -7.30681e+001  8.78409e+000  6.08000e+002
           445  6.21952e+002  4.45000e+002 -7.30694e+001  8.78399e+000  6.08333e+002
           446  6.22276e+002  4.46000e+002 -7.30699e+001  8.78390e+000  6.08667e+002
           447  6.22605e+002  4.47000e+002 -7.30699e+001  8.78382e+000  6.09000e+002
           448  6.22930e+002  4.48000e+002 -7.30685e+001  8.78376e+000  6.09333e+002
           449  6.23258e+002  4.49000e+002 -7.30668e+001  8.78372e+000  6.09667e+002
           450  6.23583e+002  4.50000e+002 -7.30654e+001  8.78370e+000  6.10000e+002
           451  6.23914e+002  4.51000e+002 -7.30645e+001  8.78369e+000  6.10333e+002
           452  6.24239e+002  4.52000e+002 -7.30610e+001  8.78375e+000  6.10667e+002
           453  6.24568e+002  4.53000e+002 -7.30594e+001  8.78379e+000  6.11000e+002
           454  6.24894e+002  4.54000e+002 -7.30579e+001  8.78384e+000  6.11333e+002
           455  6.25222e+002  4.55000e+002 -7.30569e+001  8.78389e+000  6.11667e+002
           456  6.25544e+002  4.56000e+002 -7.30542e+001  8.78397e+000  6.12000e+002
           457  6.25872e+002  4.57000e+002 -7.30530e+001  8.78405e+000  6.12333e+002
           458  6.26206e+002  4.58000e+002 -7.30524e+001  8.78411e+000  6.12667e+002
           459  6.26532e+002  4.59000e+002 -7.30523e+001  8.78417e+000  6.13000e+002
           460  6.26858e+002  4.60000e+002 -7.30531e+001  8.78423e+000  6.13333e+002
           461  6.27180e+002  4.61000e+002 -7.30532e+001  8.78427e+000  6.13667e+002
           462  6.27509e+002  4.62000e+002 -7.30533e+001  8.78430e+000  6.14000e+002
           463  6.27839e+002  4.63000e+002 -7.30528e+001  8.78433e+000  6.14333e+002
           464  6.28161e+002  4.64000e+002 -7.30527e+001  8.78432e+000  6.14667e+002
           465  6.28483e+002  4.65000e+002 -7.30530e+001  8.78432e+000  6.15000e+002
           466  6.28815e+002  4.66000e+002 -7.30546e+001  8.78432e+000  6.15333e+002
           467  6.29143e+002  4.67000e+002 -7.30565e+001  8.78433e+000  6.15667e+002
           468  6.29474e+002  4.68000e+002 -7.30580e+001  8.78434e+000  6.16000e+002
           469  6.29799e+002  4.69000e+002 -7.30601e+001  8.78435e+000  6.16333e+002
           470  6.30127e+002  4.70000e+002 -7.30620e+001  8.78437e+000  6.16667e+002
           471  6.30453e+002  4.71000e+002 -7.30649e+001  8.78438e+000  6.17000e+002
           472  6.30779e+002  4.72000e+002 -7.30711e+001  8.78440e+000  6.17333e+002
           473  6.31110e+002  4.73000e+002 -7.30764e+001  8.78441e+000  6.17667e+002
           474  6.31433e+002  4.74000e+002 -7.30824e+001  8.78441e+000  6.18000e+002
           475  6.31761e+002  4.75000e+002 -7.30885e+001  8.78441e+000  6.18333e+002
           476  6.32084e+002  4.76000e+002 -7.30976e+001  8.78439e+000  6.18667e+002
           477  6.32413e+002  4.77000e+002 -7.31040e+001  8.78438e+000  6.19000e+002
           478  6.32739e+002  4.78000e+002 -7.31106e+001  8.78437e+000  6.19333e+002
           479  6.33068e+002  4.79000e+002 -7.31171e+001  8.78436e+000  6.19667e+002
           480  6.33392e+002  4.80000e+002 -7.31242e+001  8.78434e+000  6.20000e+002
           481  6.33721e+002  4.81000e+002 -7.31287e+001  8.78430e+000  6.20333e+002
           482  6.34051e+002  4.82000e+002 -7.31323e+001  8.78426e+000  6.20667e+002
           483  6.34378e+002  4.83000e+002 -7.31352e+001  8.78422e+000  6.21000e+002
           484  6.34703e+002  4.84000e+002 -7.31337e+001  8.78416e+000  6.21333e+002
           485  6.35022e+002  4.85000e+002 -7.31338e+001  8.78411e+000  6.21667e+002
           486  6.35353e+002  4.86000e+002 -7.31340e+001  8.78406e+000  6.22000e+002
           487  6.35681e+002  4.87000e+002 -7.31341e+001  8.78403e+000  6.22333e+002
           488  6.36009e+002  4.88000e+002 -7.31284e+001  8.78401e+000  6.22667e+002
           489  6.36336e+002  4.89000e+002 -7.31266e+001  8.78401e+000  6.23000e+002
           490  6.36665e+002  4.90000e+002 -7.31242e+001  8.78402e+000  6.23333e+002
           491  6.36982e+002  4.91000e+002 -7.31217e+001  8.78404e+000  6.23667e+002
           492  6.37319e+002  4.92000e+002 -7.31150e+001  8.78410e+000  6.24000e+002
           493  6.37648e+002  4.93000e+002 -7.31107e+001  8.78414e+000  6.24333e+002
           494  6.37979e+002  4.94000e+002 -7.31075e+001  8.78418e+000  6.24667e+002
           495  6.38304e+002  4.95000e+002 -7.31046e+001  8.78421e+000  6.25000e+002
           496  6.38626e+002  4.96000e+002 -7.31014e+001  8.78424e+000  6.25333e+002
           497  6.38954e+002  4.97000e+002 -7.30979e+001  8.78425e+000  6.25667e+002
           498  6.39284e+002  4.98000e+002 -7.30948e+001  8.78426e+000  6.26000e+002
           499  6.39609e+002  4.99000e+002 -7.30930e+001  8.78427e+000  6.26333e+002
           500  6.39939e+002  5.00000e+002 -7.30915e+001  8.78427e+000  6.26667e+002
           501  6.40264e+002  5.01000e+002 -7.30912e+001  8.78426e+000  6.27000e+002
           502  6.40590e+002  5.02000e+002 -7.30909e+001  8.78428e+000  6.27333e+002
           503  6.40917e+002  5.03000e+002 -7.30905e+001  8.78429e+000  6.27667e+002
           504  6.41244e+002  5.04000e+002 -7.30911e+001  8.78431e+000  6.28000e+002
           505  6.41574e+002  5.05000e+002 -7.30928e+001  8.78434e+000  6.28333e+002
           506  6.41896e+002  5.06000e+002 -7.30935e+001  8.78436e+000  6.28667e+002
           507  6.42229e+002  5.07000e+002 -7.30947e+001  8.78436e+000  6.29000e+002
           508  6.42555e+002  5.08000e+002 -7.30951e+001  8.78434e+000  6.29333e+002
           509  6.42880e+002  5.09000e+002 -7.30991e+001  8.78429e+000  6.29667e+002
           510  6.43209e+002  5.10000e+002 -7.31003e+001  8.78424e+000  6.30000e+002
           511  6.43534e+002  5.11000e+002 -7.31012e+001  8.78419e+000  6.30333e+002
           512  6.43867e+002  5.12000e+002 -7.31022e+001  8.78414e+000  6.30667e+002
           513  6.44184e+002  5.13000e+002 -7.31013e+001  8.78406e+000  6.31000e+002
           514  6.44510e+002  5.14000e+002 -7.31015e+001  8.78400e+000  6.31333e+002
           515  6.44838e+002  5.15000e+002 -7.31026e+001  8.78395e+000  6.31667e+002
           516  6.45164e+002  5.16000e+002 -7.31041e+001  8.78391e+000  6.32000e+002
           517  6.45496e+002  5.17000e+002 -7.31036e+001  8.78391e+000  6.32333e+002
           518  6.45820e+002  5.18000e+002 -7.31041e+001  8.78390e+000  6.32667e+002
           519  6.46147e+002  5.19000e+002 -7.31043e+001  8.78390e+000  6.33000e+002
           520  6.46470e+002  5.20000e+002 -7.31032e+001  8.78391e+000  6.33333e+002
           521  6.46798e+002  5.21000e+002 -7.31027e+001  8.78395e+000  6.33667e+002
           522  6.47129e+002  5.22000e+002 -7.31022e+001  8.78397e+000  6.34000e+002
           523  6.47452e+002  5.23000e+002 -7.31008e+001  8.78399e+000  6.34333e+002
           524  6.47774e+002  5.24000e+002 -7.30990e+001  8.78399e+000  6.34667e+002
           525  6.48104e+002  5.25000e+002 -7.30954e+001  8.78398e+000  6.35000e+002
           526  6.48435e+002  5.26000e+002 -7.30907e+001  8.78397e+000  6.35333e+002
           527  6.48759e+002  5.27000e+002 -7.30850e+001  8.78396e+000  6.35667e+002
           528  6.49084e+002  5.28000e+002 -7.30797e+001  8.78396e+000  6.36000e+002
           529  6.49413e+002  5.29000e+002 -7.30699e+001  8.78396e+000  6.36333e+002
           530  6.49737e+002  5.30000e+002 -7.30635e+001  8.78400e+000  6.36667e+002
           531  6.50065e+002  5.31000e+002 -7.30587e+001  8.78406e+000  6.37000e+002
           532  6.50389e+002  5.32000e+002 -7.30539e+001  8.78413e+000  6.37333e+002
           533  6.50714e+002  5.33000e+002 -7.30470e+001  8.78428e+000  6.37667e+002
           534  6.51039e+002  5.34000e+002 -7.30419e+001  8.78439e+000  6.38000e+002
           535  6.51368e+002  5.35000e+002 -7.30379e+001  8.78448e+000  6.38333e+002
           536  6.51698e+002  5.36000e+002 -7.30347e+001  8.78457e+000  6.38667e+002
           537  6.52025e+002  5.37000e+002 -7.30330e+001  8.78463e+000  6.39000e+002
           538  6.52350e+002  5.38000e+002 -7.30306e+001  8.78468e+000  6.39333e+002
           539  6.52678e+002  5.39000e+002 -7.30286e+001  8.78471e+000  6.39667e+002
           540  6.53002e+002  5.40000e+002 -7.30255e+001  8.78473e+000  6.40000e+002
           541  6.53328e+002  5.41000e+002 -7.30268e+001  8.78469e+000  6.40333e+002
           542  6.53653e+002  5.42000e+002 -7.30267e+001  8.78467e+000  6.40667e+002
           543  6.53983e+002  5.43000e+002 -7.30258e+001  8.78466e+000  6.41000e+002
           544  6.54307e+002  5.44000e+002 -7.30251e+001  8.78465e+000  6.41333e+002
           545  6.54630e+002  5.45000e+002 -7.30277e+001  8.78463e+000  6.41667e+002
           546  6.54956e+002  5.46000e+002 -7.30283e+001  8.78462e+000  6.42000e+002
           547  6.55290e+002  5.47000e+002 -7.30278e+001  8.78460e+000  6.42333e+002
           548  6.55611e+002  5.48000e+002 -7.30271e+001  8.78459e+000  6.42667e+002
           549  6.55938e+002  5.49000e+002 -7.30280e+001  8.78457e+000  6.43000e+002
           550  6.56267e+002  5.50000e+002 -7.30288e+001  8.78456e+000  6.43333e+002
           551  6.56591e+002  5.51000e+002 -7.30295e+001  8.78454e+000  6.43667e+002
           552  6.56915e+002  5.52000e+002 -7.30290e+001  8.78452e+000  6.44000e+002
           553  6.57250e+002  5.53000e+002 -7.30287e+001  8.78448e+000  6.44333e+002
           554  6.57572e+002  5.54000e+002 -7.30267e+001  8.78444e+000  6.44667e+002
           555  6.57898e+002  5.55000e+002 -7.30236e+001  8.78440e+000  6.45000e+002
           556  6.58223e+002  5.56000e+002 -7.30197e+001  8.78436e+000  6.45333e+002
           557  6.58549e+002  5.57000e+002 -7.30130e+001  8.78432e+000  6.45667e+002
           558  6.58877e+002  5.58000e+002 -7.30069e+001  8.78429e+000  6.46000e+002
           559  6.59204e+002  5.59000e+002 -7.30015e+001  8.78428e+000  6.46333e+002
           560  6.59528e+002  5.60000e+002 -7.29968e+001  8.78429e+000  6.46667e+002
           561  6.59856e+002  5.61000e+002 -7.29921e+001  8.78434e+000  6.47000e+002
           562  6.60182e+002  5.62000e+002 -7.29955e+001  8.78439e+000  6.47333e+002
           563  6.60508e+002  5.63000e+002 -7.30003e+001  8.78444e+000  6.47667e+002
           564  6.60840e+002  5.64000e+002 -7.30001e+001  8.78450e+000  6.48000e+002
           565  6.61171e+002  5.65000e+002 -7.29997e+001  8.78459e+000  6.48333e+002
           566  6.61487e+002  5.66000e+002 -7.29939e+001  8.78466e+000  6.48667e+002
           567  6.61815e+002  5.67000e+002 -7.29875e+001  8.78471e+000  6.49000e+002
           568  6.62138e+002  5.68000e+002 -7.29990e+001  8.78475e+000  6.49333e+002
           569  6.62471e+002  5.69000e+002 -7.30080e+001  8.78479e+000  6.49667e+002
           570  6.62791e+002  5.70000e+002 -7.30913e+001  8.78479e+000  6.50000e+002
           571  6.63114e+002  5.71000e+002 -7.31672e+001  8.78479e+000  6.50333e+002
           572  6.63446e+002  5.72000e+002 -7.32993e+001  8.78479e+000  6.50667e+002
           573  6.63766e+002  5.73000e+002 -7.34693e+001  8.78479e+000  6.51000e+002
           574  6.64090e+002  5.74000e+002 -7.37417e+001  8.78478e+000  6.51333e+002
           575  6.64414e+002  5.75000e+002 -7.40319e+001  8.78478e+000  6.51667e+002
           576  6.64735e+002  5.76000e+002 -7.43712e+001  8.78479e+000  6.52000e+002
           577  6.65049e+002  5.77000e+002 -7.47510e+001  8.78480e+000  6.52333e+002
           578  6.65377e+002  5.78000e+002 -7.52244e+001  8.78481e+000  6.52667e+002
           579  6.65695e+002  5.79000e+002 -7.57152e+001  8.78482e+000  6.53000e+002
           580  6.66012e+002  5.80000e+002 -7.62537e+001  8.78481e+000  6.53333e+002
           581  6.66330e+002  5.81000e+002 -7.68432e+001  8.78480e+000  6.53667e+002
           582  6.66644e+002  5.82000e+002 -7.74753e+001  8.78477e+000  6.54000e+002
           583  6.66958e+002  5.83000e+002 -7.81114e+001  8.78474e+000  6.54333e+002
           584  6.67279e+002  5.84000e+002 -7.88015e+001  8.78471e+000  6.54667e+002
           585  6.67590e+002  5.85000e+002 -7.94991e+001  8.78468e+000  6.55000e+002
           586  6.67905e+002  5.86000e+002 -8.02654e+001  8.78464e+000  6.55333e+002
           587  6.68218e+002  5.87000e+002 -8.10286e+001  8.78461e+000  6.55667e+002
           588  6.68531e+002  5.88000e+002 -8.18400e+001  8.78459e+000  6.56000e+002
           589  6.68844e+002  5.89000e+002 -8.26599e+001  8.78458e+000  6.56333e+002
           590  6.69159e+002  5.90000e+002 -8.35599e+001  8.78458e+000  6.56667e+002
           591  6.69471e+002  5.91000e+002 -8.44333e+001  8.78458e+000  6.57000e+002
           592  6.69773e+002  5.92000e+002 -8.53147e+001  8.78459e+000  6.57333e+002
           593  6.70088e+002  5.93000e+002 -8.62321e+001  8.78459e+000  6.57667e+002
           594  6.70399e+002  5.94000e+002 -8.71828e+001  8.78460e+000  6.58000e+002
           595  6.70710e+002  5.95000e+002 -8.81278e+001  8.78461e+000  6.58333e+002
           596  6.71021e+002  5.96000e+002 -8.90841e+001  8.78461e+000  6.58667e+002
           597  6.71327e+002  5.97000e+002 -9.00504e+001  8.78462e+000  6.59000e+002
           598  6.71633e+002  5.98000e+002 -9.10738e+001  8.78462e+000  6.59333e+002
           599  6.71939e+002  5.99000e+002 -9.20690e+001  8.78462e+000  6.59667e+002
           600  6.72250e+002  6.00000e+002 -9.30793e+001  8.78462e+000  6.60000e+002
           601  6.72559e+002  6.01000e+002 -9.41005e+001  8.78463e+000  6.60333e+002
           602  6.72863e+002  6.02000e+002 -9.51787e+001  8.78464e+000  6.60667e+002
           603  6.73171e+002  6.03000e+002 -9.62376e+001  8.78465e+000  6.61000e+002
           604  6.73475e+002  6.04000e+002 -9.73017e+001  8.78465e+000  6.61333e+002
           605  6.73780e+002  6.05000e+002 -9.83783e+001  8.78466e+000  6.61667e+002
           606  6.74088e+002  6.06000e+002 -9.94865e+001  8.78467e+000  6.62000e+002
           607  6.74398e+002  6.07000e+002 -1.00585e+002  8.78467e+000  6.62333e+002
           608  6.74701e+002  6.08000e+002 -1.01678e+002  8.78466e+000  6.62667e+002
           609  6.75006e+002  6.09000e+002 -1.02765e+002  8.78465e+000  6.63000e+002
           610  6.75312e+002  6.10000e+002 -1.03868e+002  8.78462e+000  6.63333e+002
           611  6.75613e+002  6.11000e+002 -1.04965e+002  8.78460e+000  6.63667e+002
           612  6.75920e+002  6.12000e+002 -1.06064e+002  8.78458e+000  6.64000e+002
           613  6.76228e+002  6.13000e+002 -1.07164e+002  8.78456e+000  6.64333e+002
           614  6.76531e+002  6.14000e+002 -1.08275e+002  8.78454e+000  6.64667e+002
           615  6.76840e+002  6.15000e+002 -1.09375e+002  8.78455e+000  6.65000e+002
           616  6.77143e+002  6.16000e+002 -1.10470e+002  8.78457e+000  6.65333e+002
           617  6.77449e+002  6.17000e+002 -1.11562e+002  8.78459e+000  6.65667e+002
           618  6.77748e+002  6.18000e+002 -1.12654e+002  8.78466e+000  6.66000e+002
           619  6.78058e+002  6.19000e+002 -1.13756e+002  8.78471e+000  6.66333e+002
           620  6.78357e+002  6.20000e+002 -1.14865e+002  8.78476e+000  6.66667e+002
           621  6.78661e+002  6.21000e+002 -1.15967e+002  8.78480e+000  6.67000e+002
           622  6.78959e+002  6.22000e+002 -1.17054e+002  8.78484e+000  6.67333e+002
           623  6.79268e+002  6.23000e+002 -1.18140e+002  8.78487e+000  6.67667e+002
           624  6.79572e+002  6.24000e+002 -1.19199e+002  8.78488e+000  6.68000e+002
           625  6.79876e+002  6.25000e+002 -1.20242e+002  8.78489e+000  6.68333e+002
           626  6.80180e+002  6.26000e+002 -1.21214e+002  8.78487e+000  6.68667e+002
           627  6.80490e+002  6.27000e+002 -1.22187e+002  8.78487e+000  6.69000e+002
           628  6.80795e+002  6.28000e+002 -1.23143e+002  8.78487e+000  6.69333e+002
           629  6.81099e+002  6.29000e+002 -1.24082e+002  8.78487e+000  6.69667e+002
           630  6.81411e+002  6.30000e+002 -1.24985e+002  8.78488e+000  6.70000e+002
           631  6.81711e+002  6.31000e+002 -1.25861e+002  8.78489e+000  6.70333e+002
           632  6.82017e+002  6.32000e+002 -1.26636e+002  8.78490e+000  6.70667e+002
           633  6.82326e+002  6.33000e+002 -1.27337e+002  8.78490e+000  6.71000e+002
           634  6.82652e+002  6.34000e+002 -1.27239e+002  8.78490e+000  6.71333e+002
           635  6.82984e+002  6.35000e+002 -1.26599e+002  8.78488e+000  6.71667e+002
           636  6.83320e+002  6.36000e+002 -1.25450e+002  8.78485e+000  6.72000e+002
           637  6.83667e+002  6.37000e+002 -1.23975e+002  8.78482e+000  6.72333e+002
           638  6.84013e+002  6.38000e+002 -1.22155e+002  8.78478e+000  6.72667e+002
           639  6.84368e+002  6.39000e+002 -1.20246e+002  8.78476e+000  6.73000e+002
           640  6.84720e+002  6.40000e+002 -1.18245e+002  8.78475e+000  6.73333e+002
           641  6.85073e+002  6.41000e+002 -1.16223e+002  8.78476e+000  6.73667e+002
           642  6.85428e+002  6.42000e+002 -1.14217e+002  8.78482e+000  6.74000e+002
           643  6.85781e+002  6.43000e+002 -1.12215e+002  8.78487e+000  6.74333e+002
           644  6.86137e+002  6.44000e+002 -1.10231e+002  8.78492e+000  6.74667e+002
           645  6.86488e+002  6.45000e+002 -1.08289e+002  8.78497e+000  6.75000e+002
           646  6.86843e+002  6.46000e+002 -1.06452e+002  8.78503e+000  6.75333e+002
           647  6.87192e+002  6.47000e+002 -1.04641e+002  8.78506e+000  6.75667e+002
           648  6.87547e+002  6.48000e+002 -1.02887e+002  8.78507e+000  6.76000e+002
           649  6.87900e+002  6.49000e+002 -1.01181e+002  8.78508e+000  6.76333e+002
           650  6.88252e+002  6.50000e+002 -9.95739e+001  8.78503e+000  6.76667e+002
           651  6.88598e+002  6.51000e+002 -9.79870e+001  8.78500e+000  6.77000e+002
           652  6.88944e+002  6.52000e+002 -9.65046e+001  8.78497e+000  6.77333e+002
           653  6.89297e+002  6.53000e+002 -9.50795e+001  8.78493e+000  6.77667e+002
           654  6.89642e+002  6.54000e+002 -9.38161e+001  8.78486e+000  6.78000e+002
           655  6.89990e+002  6.55000e+002 -9.25598e+001  8.78479e+000  6.78333e+002
           656  6.90328e+002  6.56000e+002 -9.13559e+001  8.78472e+000  6.78667e+002
           657  6.90675e+002  6.57000e+002 -9.01903e+001  8.78465e+000  6.79000e+002
           658  6.91019e+002  6.58000e+002 -8.91408e+001  8.78456e+000  6.79333e+002
           659  6.91367e+002  6.59000e+002 -8.81107e+001  8.78449e+000  6.79667e+002
           660  6.91705e+002  6.60000e+002 -8.71330e+001  8.78444e+000  6.80000e+002
           661  6.92051e+002  6.61000e+002 -8.62112e+001  8.78439e+000  6.80333e+002
           662  6.92390e+002  6.62000e+002 -8.53241e+001  8.78436e+000  6.80667e+002
           663  6.92729e+002  6.63000e+002 -8.45224e+001  8.78438e+000  6.81000e+002
           664  6.93067e+002  6.64000e+002 -8.37372e+001  8.78440e+000  6.81333e+002
           665  6.93410e+002  6.65000e+002 -8.30032e+001  8.78442e+000  6.81667e+002
           666  6.93746e+002  6.66000e+002 -8.23196e+001  8.78446e+000  6.82000e+002
           667  6.94086e+002  6.67000e+002 -8.16757e+001  8.78455e+000  6.82333e+002
           668  6.94418e+002  6.68000e+002 -8.10266e+001  8.78462e+000  6.82667e+002
           669  6.94765e+002  6.69000e+002 -8.04321e+001  8.78469e+000  6.83000e+002
           670  6.95101e+002  6.70000e+002 -7.98878e+001  8.78476e+000  6.83333e+002
           671  6.95432e+002  6.71000e+002 -7.93926e+001  8.78483e+000  6.83667e+002
           672  6.95772e+002  6.72000e+002 -7.89040e+001  8.78490e+000  6.84000e+002
           673  6.96105e+002  6.73000e+002 -7.84403e+001  8.78496e+000  6.84333e+002
           674  6.96446e+002  6.74000e+002 -7.79941e+001  8.78502e+000  6.84667e+002
           675  6.96781e+002  6.75000e+002 -7.76192e+001  8.78506e+000  6.85000e+002
           676  6.97115e+002  6.76000e+002 -7.72400e+001  8.78509e+000  6.85333e+002
           677  6.97449e+002  6.77000e+002 -7.68849e+001  8.78511e+000  6.85667e+002
           678  6.97781e+002  6.78000e+002 -7.65628e+001  8.78513e+000  6.86000e+002
           679  6.98113e+002  6.79000e+002 -7.62724e+001  8.78512e+000  6.86333e+002
           680  6.98448e+002  6.80000e+002 -7.59722e+001  8.78511e+000  6.86667e+002
           681  6.98786e+002  6.81000e+002 -7.56840e+001  8.78511e+000  6.87000e+002
           682  6.99115e+002  6.82000e+002 -7.54337e+001  8.78510e+000  6.87333e+002
           683  6.99453e+002  6.83000e+002 -7.52222e+001  8.78508e+000  6.87667e+002
           684  6.99784e+002  6.84000e+002 -7.50033e+001  8.78507e+000  6.88000e+002
           685  7.00118e+002  6.85000e+002 -7.47934e+001  8.78505e+000  6.88333e+002
           686  7.00449e+002  6.86000e+002 -7.45911e+001  8.78503e+000  6.88667e+002
           687  7.00776e+002  6.87000e+002 -7.44546e+001  8.78500e+000  6.89000e+002
           688  7.01111e+002  6.88000e+002 -7.42946e+001  8.78495e+000  6.89333e+002
           689  7.01444e+002  6.89000e+002 -7.41411e+001  8.78489e+000  6.89667e+002
           690  7.01770e+002  6.90000e+002 -7.40032e+001  8.78482e+000  6.90000e+002
           691  7.02103e+002  6.91000e+002 -7.38936e+001  8.78472e+000  6.90333e+002
           692  7.02434e+002  6.92000e+002 -7.37667e+001  8.78464e+000  6.90667e+002
           693  7.02766e+002  6.93000e+002 -7.36425e+001  8.78455e+000  6.91000e+002
           694  7.03101e+002  6.94000e+002 -7.35220e+001  8.78447e+000  6.91333e+002
           695  7.03427e+002  6.95000e+002 -7.34375e+001  8.78439e+000  6.91667e+002
           696  7.03761e+002  6.96000e+002 -7.33370e+001  8.78434e+000  6.92000e+002
           697  7.04088e+002  6.97000e+002 -7.32339e+001  8.78430e+000  6.92333e+002
           698  7.04415e+002  6.98000e+002 -7.31252e+001  8.78428e+000  6.92667e+002
           699  7.04747e+002  6.99000e+002 -7.30701e+001  8.78431e+000  6.93000e+002
           700  7.05074e+002  7.00000e+002 -7.29848e+001  8.78433e+000  6.93333e+002
           701  7.05400e+002  7.01000e+002 -7.29022e+001  8.78437e+000  6.93667e+002
           702  7.05736e+002  7.02000e+002 -7.28222e+001  8.78440e+000  6.94000e+002
           703  7.06066e+002  7.03000e+002 -7.27718e+001  8.78447e+000  6.94333e+002
           704  7.06391e+002  7.04000e+002 -7.27065e+001  8.78451e+000  6.94667e+002
           705  7.06721e+002  7.05000e+002 -7.26404e+001  8.78455e+000  6.95000e+002
           706  7.07054e+002  7.06000e+002 -7.25760e+001  8.78457e+000  6.95333e+002
           707  7.07391e+002  7.07000e+002 -7.25285e+001  8.78458e+000  6.95667e+002
           708  7.07717e+002  7.08000e+002 -7.24742e+001  8.78460e+000  6.96000e+002
           709  7.08047e+002  7.09000e+002 -7.24204e+001  8.78463e+000  6.96333e+002
           710  7.08367e+002  7.10000e+002 -7.23690e+001  8.78466e+000  6.96667e+002
           711  7.08698e+002  7.11000e+002 -7.23337e+001  8.78470e+000  6.97000e+002
           712  7.09026e+002  7.12000e+002 -7.22917e+001  8.78474e+000  6.97333e+002
           713  7.09356e+002  7.13000e+002 -7.22488e+001  8.78478e+000  6.97667e+002
           714  7.09684e+002  7.14000e+002 -7.22063e+001  8.78481e+000  6.98000e+002
           715  7.10010e+002  7.15000e+002 -7.21794e+001  8.78484e+000  6.98333e+002
           716  7.10337e+002  7.16000e+002 -7.21465e+001  8.78484e+000  6.98667e+002
           717  7.10669e+002  7.17000e+002 -7.21133e+001  8.78484e+000  6.99000e+002
           718  7.10997e+002  7.18000e+002 -7.20818e+001  8.78482e+000  6.99333e+002
           719  7.11320e+002  7.19000e+002 -7.20650e+001  8.78474e+000  6.99667e+002
           720  7.11647e+002  7.20000e+002 -7.20427e+001  8.78468e+000  7.00000e+002
           721  7.11979e+002  7.21000e+002 -7.20204e+001  8.78463e+000  7.00333e+002
           722  7.12301e+002  7.22000e+002 -7.19988e+001  8.78458e+000  7.00667e+002
           723  7.12630e+002  7.23000e+002 -7.19872e+001  8.78454e+000  7.01000e+002
           724  7.12955e+002  7.24000e+002 -7.19720e+001  8.78452e+000  7.01333e+002
           725  7.13281e+002  7.25000e+002 -7.19568e+001  8.78451e+000  7.01667e+002
           726  7.13608e+002  7.26000e+002 -7.19422e+001  8.78451e+000  7.02000e+002
           727  7.13941e+002  7.27000e+002 -7.19417e+001  8.78456e+000  7.02333e+002
           728  7.14269e+002  7.28000e+002 -7.19347e+001  8.78458e+000  7.02667e+002
           729  7.14592e+002  7.29000e+002 -7.19257e+001  8.78459e+000  7.03000e+002
           730  7.14919e+002  7.30000e+002 -7.19160e+001  8.78460e+000  7.03333e+002
           731  7.15251e+002  7.31000e+002 -7.19068e+001  8.78459e+000  7.03667e+002
           732  7.15575e+002  7.32000e+002 -7.19049e+001  8.78455e+000  7.04000e+002
           733  7.15908e+002  7.33000e+002 -7.18977e+001  8.78451e+000  7.04333e+002
           734  7.16234e+002  7.34000e+002 -7.18900e+001  8.78448e+000  7.04667e+002
           735  7.16562e+002  7.35000e+002 -7.18829e+001  8.78444e+000  7.05000e+002
           736  7.16892e+002  7.36000e+002 -7.18779e+001  8.78439e+000  7.05333e+002
           737  7.17212e+002  7.37000e+002 -7.18713e+001  8.78437e+000  7.05667e+002
           738  7.17537e+002  7.38000e+002 -7.18638e+001  8.78436e+000  7.06000e+002
           739  7.17866e+002  7.39000e+002 -7.18555e+001  8.78436e+000  7.06333e+002
           740  7.18192e+002  7.40000e+002 -7.18440e+001  8.78440e+000  7.06667e+002
           741  7.18522e+002  7.41000e+002 -7.18335e+001  8.78444e+000  7.07000e+002
           742  7.18848e+002  7.42000e+002 -7.18239e+001  8.78448e+000  7.07333e+002
           743  7.19176e+002  7.43000e+002 -7.18149e+001  8.78452e+000  7.07667e+002
           744  7.19500e+002  7.44000e+002 -7.18046e+001  8.78459e+000  7.08000e+002
           745  7.19828e+002  7.45000e+002 -7.17946e+001  8.78465e+000  7.08333e+002
           746  7.20152e+002  7.46000e+002 -7.17846e+001  8.78470e+000  7.08667e+002
           747  7.20480e+002  7.47000e+002 -7.17737e+001  8.78474e+000  7.09000e+002
           748  7.20807e+002  7.48000e+002 -7.17601e+001  8.78478e+000  7.09333e+002
           749  7.21132e+002  7.49000e+002 -7.17505e+001  8.78481e+000  7.09667e+002
           750  7.21462e+002  7.50000e+002 -7.17416e+001  8.78484e+000  7.10000e+002
           751  7.21786e+002  7.51000e+002 -7.17334e+001  8.78486e+000  7.10333e+002
           752  7.22113e+002  7.52000e+002 -7.17276e+001  8.78485e+000  7.10667e+002
           753  7.22438e+002  7.53000e+002 -7.17200e+001  8.78484e+000  7.11000e+002
           754  7.22770e+002  7.54000e+002 -7.17124e+001  8.78482e+000  7.11333e+002
           755  7.23091e+002  7.55000e+002 -7.17055e+001  8.78479e+000  7.11667e+002
           756  7.23419e+002  7.56000e+002 -7.16996e+001  8.78472e+000  7.12000e+002
           757  7.23747e+002  7.57000e+002 -7.16938e+001  8.78466e+000  7.12333e+002
           758  7.24072e+002  7.58000e+002 -7.16886e+001  8.78458e+000  7.12667e+002
           759  7.24404e+002  7.59000e+002 -7.16832e+001  8.78450e+000  7.13000e+002
           760  7.24727e+002  7.60000e+002 -7.16823e+001  8.78438e+000  7.13333e+002
           761  7.25050e+002  7.61000e+002 -7.16788e+001  8.78425e+000  7.13667e+002
           762  7.25376e+002  7.62000e+002 -7.16744e+001  8.78414e+000  7.14000e+002
           763  7.25705e+002  7.63000e+002 -7.16702e+001  8.78402e+000  7.14333e+002
           764  7.26032e+002  7.64000e+002 -7.16677e+001  8.78391e+000  7.14667e+002
           765  7.26358e+002  7.65000e+002 -7.16646e+001  8.78385e+000  7.15000e+002
           766  7.26687e+002  7.66000e+002 -7.16613e+001  8.78382e+000  7.15333e+002
           767  7.27012e+002  7.67000e+002 -7.16572e+001  8.78380e+000  7.15667e+002
           768  7.27338e+002  7.68000e+002 -7.16538e+001  8.78390e+000  7.16000e+002
           769  7.27665e+002  7.69000e+002 -7.16498e+001  8.78396e+000  7.16333e+002
           770  7.27987e+002  7.70000e+002 -7.16453e+001  8.78403e+000  7.16667e+002
           771  7.28310e+002  7.71000e+002 -7.16410e+001  8.78410e+000  7.17000e+002
           772  7.28640e+002  7.72000e+002 -7.16352e+001  8.78421e+000  7.17333e+002
           773  7.28972e+002  7.73000e+002 -7.16295e+001  8.78430e+000  7.17667e+002
           774  7.29297e+002  7.74000e+002 -7.16245e+001  8.78438e+000  7.18000e+002
           775  7.29622e+002  7.75000e+002 -7.16198e+001  8.78446e+000  7.18333e+002
           776  7.29949e+002  7.76000e+002 -7.16117e+001  8.78451e+000  7.18667e+002
           777  7.30274e+002  7.77000e+002 -7.16052e+001  8.78456e+000  7.19000e+002
           778  7.30601e+002  7.78000e+002 -7.16003e+001  8.78461e+000  7.19333e+002
           779  7.30925e+002  7.79000e+002 -7.15973e+001  8.78466e+000  7.19667e+002
           780  7.31252e+002  7.80000e+002 -7.15933e+001  8.78469e+000  7.20000e+002
           781  7.31580e+002  7.81000e+002 -7.15888e+001  8.78473e+000  7.20333e+002
           782  7.31902e+002  7.82000e+002 -7.15835e+001  8.78478e+000  7.20667e+002
           783  7.32229e+002  7.83000e+002 -7.15781e+001  8.78482e+000  7.21000e+002
           784  7.32554e+002  7.84000e+002 -7.15745e+001  8.78487e+000  7.21333e+002
           785  7.32881e+002  7.85000e+002 -7.15706e+001  8.78491e+000  7.21667e+002
           786  7.33206e+002  7.86000e+002 -7.15667e+001  8.78495e+000  7.22000e+002
           787  7.33534e+002  7.87000e+002 -7.15623e+001  8.78499e+000  7.22333e+002
           788  7.33854e+002  7.88000e+002 -7.15604e+001  8.78502e+000  7.22667e+002
           789  7.34183e+002  7.89000e+002 -7.15563e+001  8.78505e+000  7.23000e+002
           790  7.34511e+002  7.90000e+002 -7.15518e+001  8.78507e+000  7.23333e+002
           791  7.34837e+002  7.91000e+002 -7.15469e+001  8.78507e+000  7.23667e+002
           792  7.35161e+002  7.92000e+002 -7.15393e+001  8.78504e+000  7.24000e+002
           793  7.35494e+002  7.93000e+002 -7.15337e+001  8.78502e+000  7.24333e+002
           794  7.35816e+002  7.94000e+002 -7.15284e+001  8.78500e+000  7.24667e+002
           795  7.36143e+002  7.95000e+002 -7.15223e+001  8.78497e+000  7.25000e+002
           796  7.36476e+002  7.96000e+002 -7.15155e+001  8.78492e+000  7.25333e+002
           797  7.36804e+002  7.97000e+002 -7.15094e+001  8.78487e+000  7.25667e+002
           798  7.37122e+002  7.98000e+002 -7.15035e+001  8.78483e+000  7.26000e+002
           799  7.37445e+002  7.99000e+002 -7.14975e+001  8.78478e+000  7.26333e+002
           800  7.37770e+002  8.00000e+002 -7.14907e+001  8.78472e+000  7.26667e+002
           801  7.38098e+002  8.01000e+002 -7.14840e+001  8.78467e+000  7.27000e+002
           802  7.38422e+002  8.02000e+002 -7.14772e+001  8.78462e+000  7.27333e+002
           803  7.38744e+002  8.03000e+002 -7.14708e+001  8.78458e+000  7.27667e+002
           804  7.39068e+002  8.04000e+002 -7.14643e+001  8.78455e+000  7.28000e+002
           805  7.39396e+002  8.05000e+002 -7.14577e+001  8.78452e+000  7.28333e+002
           806  7.39725e+002  8.06000e+002 -7.14511e+001  8.78449e+000  7.28667e+002
           807  7.40049e+002  8.07000e+002 -7.14449e+001  8.78447e+000  7.29000e+002
           808  7.40375e+002  8.08000e+002 -7.14381e+001  8.78448e+000  7.29333e+002
           809  7.40710e+002  8.09000e+002 -7.14309e+001  8.78448e+000  7.29667e+002
           810  7.41033e+002  8.10000e+002 -7.14227e+001  8.78448e+000  7.30000e+002
           811  7.41356e+002  8.11000e+002 -7.14146e+001  8.78448e+000  7.30333e+002
           812  7.41684e+002  8.12000e+002 -7.14067e+001  8.78451e+000  7.30667e+002
           813  7.42000e+002  8.13000e+002 -7.13986e+001  8.78453e+000  7.31000e+002
           814  7.42333e+002  8.14000e+002 -7.13907e+001  8.78456e+000  7.31333e+002
           815  7.42662e+002  8.15000e+002 -7.13828e+001  8.78458e+000  7.31667e+002
           816  7.42985e+002  8.16000e+002 -7.13727e+001  8.78461e+000  7.32000e+002
           817  7.43312e+002  8.17000e+002 -7.13624e+001  8.78463e+000  7.32333e+002
           818  7.43637e+002  8.18000e+002 -7.13526e+001  8.78466e+000  7.32667e+002
           819  7.43968e+002  8.19000e+002 -7.13425e+001  8.78468e+000  7.33000e+002
           820  7.44289e+002  8.20000e+002 -7.13329e+001  8.78470e+000  7.33333e+002
           821  7.44612e+002  8.21000e+002 -7.13227e+001  8.78472e+000  7.33667e+002
           822  7.44941e+002  8.22000e+002 -7.13142e+001  8.78474e+000  7.34000e+002
           823  7.45269e+002  8.23000e+002 -7.13048e+001  8.78476e+000  7.34333e+002
           824  7.45592e+002  8.24000e+002 -7.12947e+001  8.78477e+000  7.34667e+002
           825  7.45913e+002  8.25000e+002 -7.12835e+001  8.78480e+000  7.35000e+002
           826  7.46243e+002  8.26000e+002 -7.12738e+001  8.78483e+000  7.35333e+002
           827  7.46568e+002  8.27000e+002 -7.12658e+001  8.78487e+000  7.35667e+002
           828  7.46889e+002  8.28000e+002 -7.12580e+001  8.78490e+000  7.36000e+002
           829  7.47213e+002  8.29000e+002 -7.12517e+001  8.78493e+000  7.36333e+002
           830  7.47541e+002  8.30000e+002 -7.12451e+001  8.78495e+000  7.36667e+002
           831  7.47870e+002  8.31000e+002 -7.12397e+001  8.78496e+000  7.37000e+002
           832  7.48193e+002  8.32000e+002 -7.12351e+001  8.78495e+000  7.37333e+002
           833  7.48516e+002  8.33000e+002 -7.12312e+001  8.78492e+000  7.37667e+002
           834  7.48843e+002  8.34000e+002 -7.12277e+001  8.78488e+000  7.38000e+002
           835  7.49171e+002  8.35000e+002 -7.12234e+001  8.78485e+000  7.38333e+002
           836  7.49492e+002  8.36000e+002 -7.12192e+001  8.78481e+000  7.38667e+002
           837  7.49820e+002  8.37000e+002 -7.12169e+001  8.78475e+000  7.39000e+002
           838  7.50146e+002  8.38000e+002 -7.12123e+001  8.78471e+000  7.39333e+002
           839  7.50468e+002  8.39000e+002 -7.12068e+001  8.78466e+000  7.39667e+002
           840  7.50796e+002  8.40000e+002 -7.12008e+001  8.78462e+000  7.40000e+002
           841  7.51125e+002  8.41000e+002 -7.11965e+001  8.78458e+000  7.40333e+002
           842  7.51449e+002  8.42000e+002 -7.11906e+001  8.78455e+000  7.40667e+002
           843  7.51772e+002  8.43000e+002 -7.11844e+001  8.78452e+000  7.41000e+002
           844  7.52103e+002  8.44000e+002 -7.11776e+001  8.78451e+000  7.41333e+002
           845  7.52427e+002  8.45000e+002 -7.11648e+001  8.78451e+000  7.41667e+002
           846  7.52747e+002  8.46000e+002 -7.11556e+001  8.78451e+000  7.42000e+002
           847  7.53071e+002  8.47000e+002 -7.11463e+001  8.78452e+000  7.42333e+002
           848  7.53403e+002  8.48000e+002 -7.11363e+001  8.78452e+000  7.42667e+002
           849  7.53725e+002  8.49000e+002 -7.11258e+001  8.78455e+000  7.43000e+002
           850  7.54053e+002  8.50000e+002 -7.11156e+001  8.78457e+000  7.43333e+002
           851  7.54378e+002  8.51000e+002 -7.11046e+001  8.78458e+000  7.43667e+002
           852  7.54704e+002  8.52000e+002 -7.10942e+001  8.78460e+000  7.44000e+002
           853  7.55025e+002  8.53000e+002 -7.10811e+001  8.78461e+000  7.44333e+002
           854  7.55355e+002  8.54000e+002 -7.10694e+001  8.78463e+000  7.44667e+002
           855  7.55679e+002  8.55000e+002 -7.10590e+001  8.78465e+000  7.45000e+002
           856  7.56006e+002  8.56000e+002 -7.10494e+001  8.78467e+000  7.45333e+002
           857  7.56335e+002  8.57000e+002 -7.10372e+001  8.78470e+000  7.45667e+002
           858  7.56656e+002  8.58000e+002 -7.10251e+001  8.78472e+000  7.46000e+002
           859  7.56980e+002  8.59000e+002 -7.10120e+001  8.78475e+000  7.46333e+002
           860  7.57312e+002  8.60000e+002 -7.09989e+001  8.78477e+000  7.46667e+002
           861  7.57639e+002  8.61000e+002 -7.09894e+001  8.78480e+000  7.47000e+002
           862  7.57961e+002  8.62000e+002 -7.09795e+001  8.78483e+000  7.47333e+002
           863  7.58287e+002  8.63000e+002 -7.09694e+001  8.78486e+000  7.47667e+002
           864  7.58612e+002  8.64000e+002 -7.09587e+001  8.78489e+000  7.48000e+002
           865  7.58940e+002  8.65000e+002 -7.09511e+001  8.78492e+000  7.48333e+002
           866  7.59270e+002  8.66000e+002 -7.09432e+001  8.78494e+000  7.48667e+002
           867  7.59593e+002  8.67000e+002 -7.09353e+001  8.78496e+000  7.49000e+002
           868  7.59922e+002  8.68000e+002 -7.09268e+001  8.78497e+000  7.49333e+002
           869  7.60249e+002  8.69000e+002 -7.09214e+001  8.78496e+000  7.49667e+002
           870  7.60567e+002  8.70000e+002 -7.09158e+001  8.78495e+000  7.50000e+002
           871  7.60892e+002  8.71000e+002 -7.09092e+001  8.78493e+000  7.50333e+002
           872  7.61215e+002  8.72000e+002 -7.09029e+001  8.78490e+000  7.50667e+002
           873  7.61547e+002  8.73000e+002 -7.09006e+001  8.78485e+000  7.51000e+002
           874  7.61869e+002  8.74000e+002 -7.08946e+001  8.78481e+000  7.51333e+002
           875  7.62195e+002  8.75000e+002 -7.08871e+001  8.78477e+000  7.51667e+002
           876  7.62525e+002  8.76000e+002 -7.08797e+001  8.78472e+000  7.52000e+002
           877  7.62847e+002  8.77000e+002 -7.08703e+001  8.78467e+000  7.52333e+002
           878  7.63171e+002  8.78000e+002 -7.08617e+001  8.78462e+000  7.52667e+002
           879  7.63492e+002  8.79000e+002 -7.08531e+001  8.78458e+000  7.53000e+002
           880  7.63823e+002  8.80000e+002 -7.08447e+001  8.78455e+000  7.53333e+002
           881  7.64147e+002  8.81000e+002 -7.08362e+001  8.78453e+000  7.53667e+002
           882  7.64470e+002  8.82000e+002 -7.08283e+001  8.78453e+000  7.54000e+002
           883  7.64796e+002  8.83000e+002 -7.08202e+001  8.78454e+000  7.54333e+002
           884  7.65124e+002  8.84000e+002 -7.08129e+001  8.78456e+000  7.54667e+002
           885  7.65448e+002  8.85000e+002 -7.08042e+001  8.78463e+000  7.55000e+002
           886  7.65771e+002  8.86000e+002 -7.07967e+001  8.78468e+000  7.55333e+002
           887  7.66094e+002  8.87000e+002 -7.07888e+001  8.78472e+000  7.55667e+002
           888  7.66427e+002  8.88000e+002 -7.07811e+001  8.78476e+000  7.56000e+002
           889  7.66752e+002  8.89000e+002 -7.07766e+001  8.78478e+000  7.56333e+002
           890  7.67079e+002  8.90000e+002 -7.07701e+001  8.78479e+000  7.56667e+002
           891  7.67401e+002  8.91000e+002 -7.07632e+001  8.78477e+000  7.57000e+002
           892  7.67726e+002  8.92000e+002 -7.07554e+001  8.78475e+000  7.57333e+002
           893  7.68051e+002  8.93000e+002 -7.07475e+001  8.78472e+000  7.57667e+002
           894  7.68378e+002  8.94000e+002 -7.07386e+001  8.78465e+000  7.58000e+002
           895  7.68703e+002  8.95000e+002 -7.07295e+001  8.78464e+000  7.58333e+002
           896  7.69033e+002  8.96000e+002 -7.07193e+001  8.78466e+000  7.58667e+002
           897  7.69354e+002  8.97000e+002 -7.07082e+001  8.78470e+000  7.59000e+002
           898  7.69679e+002  8.98000e+002 -7.06932e+001  8.78483e+000  7.59333e+002
           899  7.70000e+002  8.99000e+002 -7.06794e+001  8.78496e+000  7.59667e+002
           900  7.70330e+002  9.00000e+002 -7.06664e+001  8.78510e+000  7.60000e+002
           901  7.70657e+002  9.01000e+002 -7.06541e+001  8.78526e+000  7.60333e+002
           902  7.70985e+002  9.02000e+002 -7.06361e+001  8.78552e+000  7.60667e+002
           903  7.71310e+002  9.03000e+002 -7.06207e+001  8.78575e+000  7.61000e+002
           904  7.71636e+002  9.04000e+002 -7.06056e+001  8.78598e+000  7.61333e+002
           905  7.71961e+002  9.05000e+002 -7.05904e+001  8.78622e+000  7.61667e+002
           906  7.72290e+002  9.06000e+002 -7.05705e+001  8.78649e+000  7.62000e+002
           907  7.72613e+002  9.07000e+002 -7.05529e+001  8.78675e+000  7.62333e+002
           908  7.73078e+002  9.08000e+002 -7.05371e+001  8.78700e+000  7.62667e+002
           909  7.73586e+002  9.09000e+002 -7.05221e+001  8.78724e+000  7.63000e+002
           910  7.73907e+002  9.10000e+002 -7.05075e+001  8.78747e+000  7.63333e+002
           911  7.74238e+002  9.11000e+002 -7.04922e+001  8.78769e+000  7.63667e+002
           912  7.74565e+002  9.12000e+002 -7.04782e+001  8.78789e+000  7.64000e+002
           913  7.74900e+002  9.13000e+002 -7.04652e+001  8.78807e+000  7.64333e+002
           914  7.75221e+002  9.14000e+002 -7.04516e+001  8.78819e+000  7.64667e+002
           915  7.75548e+002  9.15000e+002 -7.04386e+001  8.78832e+000  7.65000e+002
           916  7.75872e+002  9.16000e+002 -7.04278e+001  8.78843e+000  7.65333e+002
           917  7.76194e+002  9.17000e+002 -7.04177e+001  8.78852e+000  7.65667e+002
           918  7.76518e+002  9.18000e+002 -7.04122e+001  8.78855e+000  7.66000e+002
           919  7.76840e+002  9.19000e+002 -7.04041e+001  8.78860e+000  7.66333e+002
           920  7.77181e+002  9.20000e+002 -7.03955e+001  8.78864e+000  7.66667e+002
           921  7.77514e+002  9.21000e+002 -7.03886e+001  8.78867e+000  7.67000e+002
           922  7.77836e+002  9.22000e+002 -7.03856e+001  8.78868e+000  7.67333e+002
           923  7.78160e+002  9.23000e+002 -7.03788e+001  8.78868e+000  7.67667e+002
           924  7.78490e+002  9.24000e+002 -7.03705e+001  8.78868e+000  7.68000e+002
           925  7.78813e+002  9.25000e+002 -7.03619e+001  8.78866e+000  7.68333e+002
           926  7.79146e+002  9.26000e+002 -7.03552e+001  8.78861e+000  7.68667e+002
           927  7.79468e+002  9.27000e+002 -7.03451e+001  8.78856e+000  7.69000e+002
           928  7.79795e+002  9.28000e+002 -7.03329e+001  8.78851e+000  7.69333e+002
           929  7.80123e+002  9.29000e+002 -7.03199e+001  8.78845e+000  7.69667e+002
           930  7.80449e+002  9.30000e+002 -7.03049e+001  8.78835e+000  7.70000e+002
           931  7.80772e+002  9.31000e+002 -7.02906e+001  8.78827e+000  7.70333e+002
           932  7.81098e+002  9.32000e+002 -7.02766e+001  8.78818e+000  7.70667e+002
           933  7.81432e+002  9.33000e+002 -7.02633e+001  8.78810e+000  7.71000e+002
           934  7.81758e+002  9.34000e+002 -7.02414e+001  8.78799e+000  7.71333e+002
           935  7.82085e+002  9.35000e+002 -7.02252e+001  8.78789e+000  7.71667e+002
           936  7.82412e+002  9.36000e+002 -7.02103e+001  8.78777e+000  7.72000e+002
           937  7.82739e+002  9.37000e+002 -7.01953e+001  8.78764e+000  7.72333e+002
           938  7.83068e+002  9.38000e+002 -7.01770e+001  8.78748e+000  7.72667e+002
           939  7.83389e+002  9.39000e+002 -7.01601e+001  8.78732e+000  7.73000e+002
           940  7.83713e+002  9.40000e+002 -7.01431e+001  8.78714e+000  7.73333e+002
           941  7.84046e+002  9.41000e+002 -7.01265e+001  8.78696e+000  7.73667e+002
           942  7.84369e+002  9.42000e+002 -7.01121e+001  8.78674e+000  7.74000e+002
           943  7.84693e+002  9.43000e+002 -7.00950e+001  8.78653e+000  7.74333e+002
           944  7.85019e+002  9.44000e+002 -7.00783e+001  8.78633e+000  7.74667e+002
           945  7.85347e+002  9.45000e+002 -7.00630e+001  8.78614e+000  7.75000e+002
           946  7.85675e+002  9.46000e+002 -7.00458e+001  8.78595e+000  7.75333e+002
           947  7.85998e+002  9.47000e+002 -7.00297e+001  8.78579e+000  7.75667e+002
           948  7.86328e+002  9.48000e+002 -7.00138e+001  8.78565e+000  7.76000e+002
           949  7.86645e+002  9.49000e+002 -6.99969e+001  8.78553e+000  7.76333e+002
           950  7.86970e+002  9.50000e+002 -6.99790e+001  8.78548e+000  7.76667e+002
           951  7.87300e+002  9.51000e+002 -6.99613e+001  8.78542e+000  7.77000e+002
           952  7.87630e+002  9.52000e+002 -6.99446e+001  8.78537e+000  7.77333e+002
           953  7.87951e+002  9.53000e+002 -6.99277e+001  8.78533e+000  7.77667e+002
           954  7.88280e+002  9.54000e+002 -6.99107e+001  8.78533e+000  7.78000e+002
           955  7.88603e+002  9.55000e+002 -6.98926e+001  8.78530e+000  7.78333e+002
           956  7.88926e+002  9.56000e+002 -6.98730e+001  8.78527e+000  7.78667e+002
           957  7.89249e+002  9.57000e+002 -6.98528e+001  8.78524e+000  7.79000e+002
           958  7.89580e+002  9.58000e+002 -6.98290e+001  8.78522e+000  7.79333e+002
           959  7.89907e+002  9.59000e+002 -6.98094e+001  8.78521e+000  7.79667e+002
           960  7.90232e+002  9.60000e+002 -6.97926e+001  8.78520e+000  7.80000e+002
           961  7.90554e+002  9.61000e+002 -6.97763e+001  8.78521e+000  7.80333e+002
           962  7.90882e+002  9.62000e+002 -6.97596e+001  8.78525e+000  7.80667e+002
           963  7.91215e+002  9.63000e+002 -6.97445e+001  8.78528e+000  7.81000e+002
           964  7.91534e+002  9.64000e+002 -6.97304e+001  8.78532e+000  7.81333e+002
           965  7.91860e+002  9.65000e+002 -6.97164e+001  8.78536e+000  7.81667e+002
           966  7.92190e+002  9.66000e+002 -6.97064e+001  8.78540e+000  7.82000e+002
           967  7.92517e+002  9.67000e+002 -6.96936e+001  8.78544e+000  7.82333e+002
           968  7.92843e+002  9.68000e+002 -6.96806e+001  8.78546e+000  7.82667e+002
           969  7.93161e+002  9.69000e+002 -6.96683e+001  8.78547e+000  7.83000e+002
           970  7.93486e+002  9.70000e+002 -6.96626e+001  8.78545e+000  7.83333e+002
           971  7.93812e+002  9.71000e+002 -6.96531e+001  8.78543e+000  7.83667e+002
           972  7.94141e+002  9.72000e+002 -6.96424e+001  8.78540e+000  7.84000e+002
           973  7.94462e+002  9.73000e+002 -6.96312e+001  8.78537e+000  7.84333e+002
           974  7.94790e+002  9.74000e+002 -6.96203e+001  8.78531e+000  7.84667e+002
           975  7.95117e+002  9.75000e+002 -6.96086e+001  8.78527e+000  7.85000e+002
           976  7.95445e+002  9.76000e+002 -6.95974e+001  8.78524e+000  7.85333e+002
           977  7.95772e+002  9.77000e+002 -6.95869e+001  8.78522e+000  7.85667e+002
           978  7.96093e+002  9.78000e+002 -6.95770e+001  8.78522e+000  7.86000e+002
           979  7.96418e+002  9.79000e+002 -6.95664e+001  8.78522e+000  7.86333e+002
           980  7.96749e+002  9.80000e+002 -6.95552e+001  8.78522e+000  7.86667e+002
           981  7.97075e+002  9.81000e+002 -6.95439e+001  8.78522e+000  7.87000e+002
           982  7.97400e+002  9.82000e+002 -6.95319e+001  8.78524e+000  7.87333e+002
           983  7.97727e+002  9.83000e+002 -6.95201e+001  8.78524e+000  7.87667e+002
           984  7.98053e+002  9.84000e+002 -6.95087e+001  8.78523e+000  7.88000e+002
           985  7.98379e+002  9.85000e+002 -6.94973e+001  8.78522e+000  7.88333e+002
           986  7.98706e+002  9.86000e+002 -6.94842e+001  8.78521e+000  7.88667e+002
           987  7.99029e+002  9.87000e+002 -6.94739e+001  8.78518e+000  7.89000e+002
           988  7.99358e+002  9.88000e+002 -6.94618e+001  8.78516e+000  7.89333e+002
           989  7.99678e+002  9.89000e+002 -6.94490e+001  8.78516e+000  7.89667e+002
           990  8.00006e+002  9.90000e+002 -6.94351e+001  8.78516e+000  7.90000e+002
           991  8.00326e+002  9.91000e+002 -6.94208e+001  8.78519e+000  7.90333e+002
           992  8.00651e+002  9.92000e+002 -6.94074e+001  8.78521e+000  7.90667e+002
           993  8.00981e+002  9.93000e+002 -6.93938e+001  8.78524e+000  7.91000e+002
           994  8.01303e+002  9.94000e+002 -6.93803e+001  8.78527e+000  7.91333e+002
           995  8.01632e+002  9.95000e+002 -6.93635e+001  8.78532e+000  7.91667e+002
           996  8.01961e+002  9.96000e+002 -6.93477e+001  8.78534e+000  7.92000e+002
           997  8.02289e+002  9.97000e+002 -6.93324e+001  8.78536e+000  7.92333e+002
           998  8.02607e+002  9.98000e+002 -6.93180e+001  8.78536e+000  7.92667e+002
           999  8.02942e+002  9.99000e+002 -6.93032e+001  8.78534e+000  7.93000e+002
          1000  8.03262e+002  1.00000e+003 -6.92895e+001  8.78533e+000  7.93333e+002
          1001  8.03592e+002  1.00100e+003 -6.92755e+001  8.78532e+000  7.93667e+002
          1002  8.03919e+002  1.00200e+003 -6.92613e+001  8.78532e+000  7.94000e+002
          1003  8.04241e+002  1.00300e+003 -6.92505e+001  8.78533e+000  7.94333e+002
          1004  8.04567e+002  1.00400e+003 -6.92392e+001  8.78536e+000  7.94667e+002
          1005  8.04890e+002  1.00500e+003 -6.92270e+001  8.78540e+000  7.95000e+002
          1006  8.05218e+002  1.00600e+003 -6.92150e+001  8.78544e+000  7.95333e+002
          1007  8.05546e+002  1.00700e+003 -6.92050e+001  8.78552e+000  7.95667e+002
          1008  8.05870e+002  1.00800e+003 -6.91928e+001  8.78558e+000  7.96000e+002
          1009  8.06193e+002  1.00900e+003 -6.91814e+001  8.78563e+000  7.96333e+002
          1010  8.06516e+002  1.01000e+003 -6.91704e+001  8.78568e+000  7.96667e+002
          1011  8.06845e+002  1.01100e+003 -6.91592e+001  8.78570e+000  7.97000e+002
          1012  8.07169e+002  1.01200e+003 -6.91461e+001  8.78571e+000  7.97333e+002
          1013  8.07497e+002  1.01300e+003 -6.91331e+001  8.78572e+000  7.97667e+002
          1014  8.07821e+002  1.01400e+003 -6.91209e+001  8.78572e+000  7.98000e+002
          1015  8.08149e+002  1.01500e+003 -6.91063e+001  8.78568e+000  7.98333e+002
          1016  8.08478e+002  1.01600e+003 -6.90932e+001  8.78566e+000  7.98667e+002
          1017  8.08806e+002  1.01700e+003 -6.90801e+001  8.78563e+000  7.99000e+002
          1018  8.09131e+002  1.01800e+003 -6.90675e+001  8.78560e+000  7.99333e+002
          1019  8.09454e+002  1.01900e+003 -6.90560e+001  8.78557e+000  7.99667e+002
          1020  8.09781e+002  1.02000e+003 -6.90441e+001  8.78554e+000  8.00000e+002
          1021  8.10106e+002  1.02100e+003 -6.90317e+001  8.78552e+000  8.00333e+002
          1022  8.10429e+002  1.02200e+003 -6.90186e+001  8.78551e+000  8.00667e+002
          1023  8.10755e+002  1.02300e+003 -6.90065e+001  8.78552e+000  8.01000e+002
          1024  8.11080e+002  1.02400e+003 -6.89937e+001  8.78553e+000  8.01333e+002
          1025  8.11411e+002  1.02500e+003 -6.89811e+001  8.78554e+000  8.01667e+002
          1026  8.11737e+002  1.02600e+003 -6.89697e+001  8.78556e+000  8.02000e+002
          1027  8.12063e+002  1.02700e+003 -6.89572e+001  8.78558e+000  8.02333e+002
          1028  8.12388e+002  1.02800e+003 -6.89444e+001  8.78559e+000  8.02667e+002
          1029  8.12712e+002  1.02900e+003 -6.89322e+001  8.78560e+000  8.03000e+002
          1030  8.13040e+002  1.03000e+003 -6.89209e+001  8.78561e+000  8.03333e+002
          1031  8.13363e+002  1.03100e+003 -6.89098e+001  8.78561e+000  8.03667e+002
          1032  8.13692e+002  1.03200e+003 -6.88978e+001  8.78560e+000  8.04000e+002
          1033  8.14017e+002  1.03300e+003 -6.88857e+001  8.78559e+000  8.04333e+002
          1034  8.14343e+002  1.03400e+003 -6.88753e+001  8.78558e+000  8.04667e+002
          1035  8.14661e+002  1.03500e+003 -6.88659e+001  8.78556e+000  8.05000e+002
          1036  8.14994e+002  1.03600e+003 -6.88561e+001  8.78554e+000  8.05333e+002
          1037  8.15317e+002  1.03700e+003 -6.88453e+001  8.78552e+000  8.05667e+002
          1038  8.15643e+002  1.03800e+003 -6.88341e+001  8.78549e+000  8.06000e+002
          1039  8.15968e+002  1.03900e+003 -6.88239e+001  8.78548e+000  8.06333e+002
          1040  8.16292e+002  1.04000e+003 -6.88138e+001  8.78546e+000  8.06667e+002
          1041  8.16621e+002  1.04100e+003 -6.88039e+001  8.78545e+000  8.07000e+002
          1042  8.16949e+002  1.04200e+003 -6.87942e+001  8.78544e+000  8.07333e+002
          1043  8.17270e+002  1.04300e+003 -6.87852e+001  8.78544e+000  8.07667e+002
          1044  8.17592e+002  1.04400e+003 -6.87765e+001  8.78545e+000  8.08000e+002
          1045  8.17924e+002  1.04500e+003 -6.87673e+001  8.78547e+000  8.08333e+002
          1046  8.18247e+002  1.04600e+003 -6.87598e+001  8.78550e+000  8.08667e+002
          1047  8.18575e+002  1.04700e+003 -6.87533e+001  8.78553e+000  8.09000e+002
          1048  8.18896e+002  1.04800e+003 -6.87469e+001  8.78556e+000  8.09333e+002
          1049  8.19221e+002  1.04900e+003 -6.87401e+001  8.78559e+000  8.09667e+002
          1050  8.19549e+002  1.05000e+003 -6.87333e+001  8.78562e+000  8.10000e+002
]9[Al RR Ar 50ml/min tot method calib
