         Index            Ts             t            HF        Weight            Tr
           [#]          [°C]           [s]          [mW]          [mg]          [°C]
             0  6.16338e+002  0.00000e+000 -6.73081e+001  8.79633e+000  6.10000e+002
             1  6.16431e+002  1.00000e+000 -6.72343e+001  8.79623e+000  6.10083e+002
             2  6.16565e+002  2.00000e+000 -6.71778e+001  8.79613e+000  6.10167e+002
             3  6.16690e+002  3.00000e+000 -6.72599e+001  8.79599e+000  6.10250e+002
             4  6.16816e+002  4.00000e+000 -6.73555e+001  8.79586e+000  6.10333e+002
             5  6.16957e+002  5.00000e+000 -6.74580e+001  8.79574e+000  6.10417e+002
             6  6.17104e+002  6.00000e+000 -6.75525e+001  8.79562e+000  6.10500e+002
             7  6.17252e+002  7.00000e+000 -6.77112e+001  8.79551e+000  6.10583e+002
             8  6.17414e+002  8.00000e+000 -6.78371e+001  8.79543e+000  6.10667e+002
             9  6.17573e+002  9.00000e+000 -6.79477e+001  8.79538e+000  6.10750e+002
            10  6.17736e+002  1.00000e+001 -6.80476e+001  8.79534e+000  6.10833e+002
            11  6.17898e+002  1.10000e+001 -6.81409e+001  8.79531e+000  6.10917e+002
            12  6.18064e+002  1.20000e+001 -6.82537e+001  8.79535e+000  6.11000e+002
            13  6.18228e+002  1.30000e+001 -6.83666e+001  8.79536e+000  6.11083e+002
            14  6.18401e+002  1.40000e+001 -6.84781e+001  8.79537e+000  6.11167e+002
            15  6.18570e+002  1.50000e+001 -6.85864e+001  8.79538e+000  6.11250e+002
            16  6.18739e+002  1.60000e+001 -6.86376e+001  8.79540e+000  6.11333e+002
            17  6.18904e+002  1.70000e+001 -6.87125e+001  8.79542e+000  6.11417e+002
            18  6.19070e+002  1.80000e+001 -6.87930e+001  8.79543e+000  6.11500e+002
            19  6.19235e+002  1.90000e+001 -6.88612e+001  8.79544e+000  6.11583e+002
            20  6.19403e+002  2.00000e+001 -6.88774e+001  8.79543e+000  6.11667e+002
            21  6.19566e+002  2.10000e+001 -6.89159e+001  8.79541e+000  6.11750e+002
            22  6.19730e+002  2.20000e+001 -6.89593e+001  8.79537e+000  6.11833e+002
            23  6.19896e+002  2.30000e+001 -6.89913e+001  8.79532e+000  6.11917e+002
            24  6.20060e+002  2.40000e+001 -6.89592e+001  8.79522e+000  6.12000e+002
            25  6.20216e+002  2.50000e+001 -6.89591e+001  8.79514e+000  6.12083e+002
            26  6.20372e+002  2.60000e+001 -6.89624e+001  8.79506e+000  6.12167e+002
            27  6.20534e+002  2.70000e+001 -6.89629e+001  8.79497e+000  6.12250e+002
            28  6.20690e+002  2.80000e+001 -6.89178e+001  8.79488e+000  6.12333e+002
            29  6.20839e+002  2.90000e+001 -6.88989e+001  8.79479e+000  6.12417e+002
            30  6.20992e+002  3.00000e+001 -6.88835e+001  8.79470e+000  6.12500e+002
            31  6.21139e+002  3.10000e+001 -6.88662e+001  8.79461e+000  6.12583e+002
            32  6.21293e+002  3.20000e+001 -6.88334e+001  8.79453e+000  6.12667e+002
            33  6.21437e+002  3.30000e+001 -6.88056e+001  8.79444e+000  6.12750e+002
            34  6.21591e+002  3.40000e+001 -6.87777e+001  8.79436e+000  6.12833e+002
            35  6.21724e+002  3.50000e+001 -6.87482e+001  8.79428e+000  6.12917e+002
            36  6.21872e+002  3.60000e+001 -6.87046e+001  8.79422e+000  6.13000e+002
            37  6.22017e+002  3.70000e+001 -6.86679e+001  8.79416e+000  6.13083e+002
            38  6.22156e+002  3.80000e+001 -6.86323e+001  8.79412e+000  6.13167e+002
            39  6.22291e+002  3.90000e+001 -6.85962e+001  8.79409e+000  6.13250e+002
            40  6.22429e+002  4.00000e+001 -6.85483e+001  8.79409e+000  6.13333e+002
            41  6.22560e+002  4.10000e+001 -6.85048e+001  8.79407e+000  6.13417e+002
            42  6.22697e+002  4.20000e+001 -6.84613e+001  8.79405e+000  6.13500e+002
            43  6.22824e+002  4.30000e+001 -6.84169e+001  8.79402e+000  6.13583e+002
            44  6.22955e+002  4.40000e+001 -6.83656e+001  8.79398e+000  6.13667e+002
            45  6.23082e+002  4.50000e+001 -6.83185e+001  8.79394e+000  6.13750e+002
            46  6.23211e+002  4.60000e+001 -6.82714e+001  8.79389e+000  6.13833e+002
            47  6.23343e+002  4.70000e+001 -6.82231e+001  8.79384e+000  6.13917e+002
            48  6.23466e+002  4.80000e+001 -6.81686e+001  8.79378e+000  6.14000e+002
            49  6.23591e+002  4.90000e+001 -6.81174e+001  8.79374e+000  6.14083e+002
            50  6.23717e+002  5.00000e+001 -6.80671e+001  8.79372e+000  6.14167e+002
            51  6.23843e+002  5.10000e+001 -6.80173e+001  8.79370e+000  6.14250e+002
            52  6.23962e+002  5.20000e+001 -6.79627e+001  8.79374e+000  6.14333e+002
            53  6.24080e+002  5.30000e+001 -6.79109e+001  8.79377e+000  6.14417e+002
            54  6.24207e+002  5.40000e+001 -6.78596e+001  8.79381e+000  6.14500e+002
            55  6.24326e+002  5.50000e+001 -6.78078e+001  8.79385e+000  6.14583e+002
            56  6.24444e+002  5.60000e+001 -6.77558e+001  8.79391e+000  6.14667e+002
            57  6.24565e+002  5.70000e+001 -6.77061e+001  8.79395e+000  6.14750e+002
            58  6.24684e+002  5.80000e+001 -6.76575e+001  8.79397e+000  6.14833e+002
            59  6.24798e+002  5.90000e+001 -6.76088e+001  8.79399e+000  6.14917e+002
            60  6.24905e+002  6.00000e+001 -6.75657e+001  8.79395e+000  6.15000e+002
            61  6.25024e+002  6.10000e+001 -6.75212e+001  8.79391e+000  6.15083e+002
            62  6.25136e+002  6.20000e+001 -6.74768e+001  8.79386e+000  6.15167e+002
            63  6.25253e+002  6.30000e+001 -6.74331e+001  8.79380e+000  6.15250e+002
            64  6.25366e+002  6.40000e+001 -6.73955e+001  8.79369e+000  6.15333e+002
            65  6.25473e+002  6.50000e+001 -6.73563e+001  8.79360e+000  6.15417e+002
            66  6.25590e+002  6.60000e+001 -6.73175e+001  8.79352e+000  6.15500e+002
            67  6.25697e+002  6.70000e+001 -6.72787e+001  8.79344e+000  6.15583e+002
            68  6.25806e+002  6.80000e+001 -6.72482e+001  8.79337e+000  6.15667e+002
            69  6.25920e+002  6.90000e+001 -6.72132e+001  8.79329e+000  6.15750e+002
            70  6.26025e+002  7.00000e+001 -6.71773e+001  8.79322e+000  6.15833e+002
            71  6.26130e+002  7.10000e+001 -6.71406e+001  8.79314e+000  6.15917e+002
            72  6.26233e+002  7.20000e+001 -6.71099e+001  8.79306e+000  6.16000e+002
            73  6.26342e+002  7.30000e+001 -6.70763e+001  8.79297e+000  6.16083e+002
            74  6.26444e+002  7.40000e+001 -6.70410e+001  8.79288e+000  6.16167e+002
            75  6.26553e+002  7.50000e+001 -6.70048e+001  8.79278e+000  6.16250e+002
            76  6.26657e+002  7.60000e+001 -6.69708e+001  8.79267e+000  6.16333e+002
            77  6.26756e+002  7.70000e+001 -6.69361e+001  8.79257e+000  6.16417e+002
            78  6.26860e+002  7.80000e+001 -6.69007e+001  8.79249e+000  6.16500e+002
            79  6.26970e+002  7.90000e+001 -6.68662e+001  8.79243e+000  6.16583e+002
            80  6.27072e+002  8.00000e+001 -6.68324e+001  8.79237e+000  6.16667e+002
            81  6.27175e+002  8.10000e+001 -6.67970e+001  8.79236e+000  6.16750e+002
            82  6.27277e+002  8.20000e+001 -6.67626e+001  8.79234e+000  6.16833e+002
            83  6.27385e+002  8.30000e+001 -6.67286e+001  8.79233e+000  6.16917e+002
            84  6.27488e+002  8.40000e+001 -6.66948e+001  8.79233e+000  6.17000e+002
            85  6.27589e+002  8.50000e+001 -6.66637e+001  8.79237e+000  6.17083e+002
            86  6.27691e+002  8.60000e+001 -6.66322e+001  8.79239e+000  6.17167e+002
            87  6.27792e+002  8.70000e+001 -6.66004e+001  8.79240e+000  6.17250e+002
            88  6.27891e+002  8.80000e+001 -6.65683e+001  8.79242e+000  6.17333e+002
            89  6.27989e+002  8.90000e+001 -6.65379e+001  8.79244e+000  6.17417e+002
            90  6.28093e+002  9.00000e+001 -6.65074e+001  8.79245e+000  6.17500e+002
            91  6.28185e+002  9.10000e+001 -6.64776e+001  8.79245e+000  6.17583e+002
            92  6.28286e+002  9.20000e+001 -6.64489e+001  8.79245e+000  6.17667e+002
            93  6.28390e+002  9.30000e+001 -6.64219e+001  8.79245e+000  6.17750e+002
            94  6.28488e+002  9.40000e+001 -6.63943e+001  8.79244e+000  6.17833e+002
            95  6.28583e+002  9.50000e+001 -6.63676e+001  8.79243e+000  6.17917e+002
            96  6.28678e+002  9.60000e+001 -6.63420e+001  8.79242e+000  6.18000e+002
            97  6.28779e+002  9.70000e+001 -6.63192e+001  8.79241e+000  6.18083e+002
            98  6.28871e+002  9.80000e+001 -6.62957e+001  8.79239e+000  6.18167e+002
            99  6.28970e+002  9.90000e+001 -6.62729e+001  8.79237e+000  6.18250e+002
           100  6.29070e+002  1.00000e+002 -6.62509e+001  8.79235e+000  6.18333e+002
           101  6.29164e+002  1.01000e+002 -6.62351e+001  8.79230e+000  6.18417e+002
           102  6.29261e+002  1.02000e+002 -6.62151e+001  8.79225e+000  6.18500e+002
           103  6.29360e+002  1.03000e+002 -6.61947e+001  8.79220e+000  6.18583e+002
           104  6.29451e+002  1.04000e+002 -6.61745e+001  8.79213e+000  6.18667e+002
           105  6.29545e+002  1.05000e+002 -6.61603e+001  8.79203e+000  6.18750e+002
           106  6.29640e+002  1.06000e+002 -6.61426e+001  8.79194e+000  6.18833e+002
           107  6.29732e+002  1.07000e+002 -6.61238e+001  8.79184e+000  6.18917e+002
           108  6.29830e+002  1.08000e+002 -6.61055e+001  8.79173e+000  6.19000e+002
           109  6.29927e+002  1.09000e+002 -6.60898e+001  8.79160e+000  6.19083e+002
           110  6.30014e+002  1.10000e+002 -6.60731e+001  8.79150e+000  6.19167e+002
           111  6.30113e+002  1.11000e+002 -6.60555e+001  8.79140e+000  6.19250e+002
           112  6.30202e+002  1.12000e+002 -6.60375e+001  8.79131e+000  6.19333e+002
           113  6.30295e+002  1.13000e+002 -6.60212e+001  8.79124e+000  6.19417e+002
           114  6.30395e+002  1.14000e+002 -6.60039e+001  8.79118e+000  6.19500e+002
           115  6.30487e+002  1.15000e+002 -6.59861e+001  8.79113e+000  6.19583e+002
           116  6.30580e+002  1.16000e+002 -6.59681e+001  8.79109e+000  6.19667e+002
           117  6.30677e+002  1.17000e+002 -6.59502e+001  8.79110e+000  6.19750e+002
           118  6.30771e+002  1.18000e+002 -6.59305e+001  8.79110e+000  6.19833e+002
           119  6.30855e+002  1.19000e+002 -6.59101e+001  8.79110e+000  6.19917e+002
           120  6.30947e+002  1.20000e+002 -6.58893e+001  8.79110e+000  6.20000e+002
           121  6.31039e+002  1.21000e+002 -6.58641e+001  8.79115e+000  6.20083e+002
           122  6.31132e+002  1.22000e+002 -6.58417e+001  8.79118e+000  6.20167e+002
           123  6.31220e+002  1.23000e+002 -6.58191e+001  8.79122e+000  6.20250e+002
           124  6.31314e+002  1.24000e+002 -6.57964e+001  8.79126e+000  6.20333e+002
           125  6.31403e+002  1.25000e+002 -6.57721e+001  8.79132e+000  6.20417e+002
           126  6.31496e+002  1.26000e+002 -6.57501e+001  8.79136e+000  6.20500e+002
           127  6.31589e+002  1.27000e+002 -6.57290e+001  8.79140e+000  6.20583e+002
           128  6.31682e+002  1.28000e+002 -6.57082e+001  8.79144e+000  6.20667e+002
           129  6.31776e+002  1.29000e+002 -6.56867e+001  8.79147e+000  6.20750e+002
           130  6.31862e+002  1.30000e+002 -6.56670e+001  8.79150e+000  6.20833e+002
           131  6.31954e+002  1.31000e+002 -6.56494e+001  8.79152e+000  6.20917e+002
           132  6.32039e+002  1.32000e+002 -6.56336e+001  8.79153e+000  6.21000e+002
           133  6.32128e+002  1.33000e+002 -6.56225e+001  8.79152e+000  6.21083e+002
           134  6.32221e+002  1.34000e+002 -6.56095e+001  8.79151e+000  6.21167e+002
           135  6.32315e+002  1.35000e+002 -6.55973e+001  8.79148e+000  6.21250e+002
           136  6.32401e+002  1.36000e+002 -6.55852e+001  8.79145e+000  6.21333e+002
           137  6.32490e+002  1.37000e+002 -6.55815e+001  8.79138e+000  6.21417e+002
           138  6.32577e+002  1.38000e+002 -6.55751e+001  8.79132e+000  6.21500e+002
           139  6.32664e+002  1.39000e+002 -6.55682e+001  8.79124e+000  6.21583e+002
           140  6.32756e+002  1.40000e+002 -6.55626e+001  8.79116e+000  6.21667e+002
           141  6.32850e+002  1.41000e+002 -6.55653e+001  8.79105e+000  6.21750e+002
           142  6.32937e+002  1.42000e+002 -6.55621e+001  8.79095e+000  6.21833e+002
           143  6.33026e+002  1.43000e+002 -6.55573e+001  8.79084e+000  6.21917e+002
           144  6.33111e+002  1.44000e+002 -6.55533e+001  8.79074e+000  6.22000e+002
           145  6.33200e+002  1.45000e+002 -6.55525e+001  8.79061e+000  6.22083e+002
           146  6.33290e+002  1.46000e+002 -6.55487e+001  8.79049e+000  6.22167e+002
           147  6.33380e+002  1.47000e+002 -6.55426e+001  8.79036e+000  6.22250e+002
           148  6.33466e+002  1.48000e+002 -6.55360e+001  8.79023e+000  6.22333e+002
           149  6.33552e+002  1.49000e+002 -6.55291e+001  8.79010e+000  6.22417e+002
           150  6.33644e+002  1.50000e+002 -6.55208e+001  8.78998e+000  6.22500e+002
           151  6.33726e+002  1.51000e+002 -6.55112e+001  8.78987e+000  6.22583e+002
           152  6.33814e+002  1.52000e+002 -6.55007e+001  8.78977e+000  6.22667e+002
           153  6.33901e+002  1.53000e+002 -6.54816e+001  8.78972e+000  6.22750e+002
           154  6.33990e+002  1.54000e+002 -6.54643e+001  8.78969e+000  6.22833e+002
           155  6.34077e+002  1.55000e+002 -6.54470e+001  8.78968e+000  6.22917e+002
           156  6.34159e+002  1.56000e+002 -6.54297e+001  8.78969e+000  6.23000e+002
           157  6.34253e+002  1.57000e+002 -6.54064e+001  8.78980e+000  6.23083e+002
           158  6.34339e+002  1.58000e+002 -6.53877e+001  8.78989e+000  6.23167e+002
           159  6.34427e+002  1.59000e+002 -6.53701e+001  8.78999e+000  6.23250e+002
           160  6.34515e+002  1.60000e+002 -6.53533e+001  8.79010e+000  6.23333e+002
           161  6.34598e+002  1.61000e+002 -6.53317e+001  8.79026e+000  6.23417e+002
           162  6.34689e+002  1.62000e+002 -6.53141e+001  8.79038e+000  6.23500e+002
           163  6.34770e+002  1.63000e+002 -6.52986e+001  8.79049e+000  6.23583e+002
           164  6.34854e+002  1.64000e+002 -6.52849e+001  8.79059e+000  6.23667e+002
           165  6.34946e+002  1.65000e+002 -6.52765e+001  8.79064e+000  6.23750e+002
           166  6.35033e+002  1.66000e+002 -6.52667e+001  8.79067e+000  6.23833e+002
           167  6.35124e+002  1.67000e+002 -6.52590e+001  8.79069e+000  6.23917e+002
           168  6.35206e+002  1.68000e+002 -6.52521e+001  8.79069e+000  6.24000e+002
           169  6.35287e+002  1.69000e+002 -6.52539e+001  8.79059e+000  6.24083e+002
           170  6.35381e+002  1.70000e+002 -6.52502e+001  8.79050e+000  6.24167e+002
           171  6.35463e+002  1.71000e+002 -6.52453e+001  8.79041e+000  6.24250e+002
           172  6.35553e+002  1.72000e+002 -6.52417e+001  8.79029e+000  6.24333e+002
           173  6.35639e+002  1.73000e+002 -6.52402e+001  8.79016e+000  6.24417e+002
           174  6.35722e+002  1.74000e+002 -6.52500e+001  8.78997e+000  6.24500e+002
           175  6.35811e+002  1.75000e+002 -6.52524e+001  8.78981e+000  6.24583e+002
           176  6.35892e+002  1.76000e+002 -6.52526e+001  8.78966e+000  6.24667e+002
           177  6.35984e+002  1.77000e+002 -6.52522e+001  8.78951e+000  6.24750e+002
           178  6.36068e+002  1.78000e+002 -6.52554e+001  8.78939e+000  6.24833e+002
           179  6.36157e+002  1.79000e+002 -6.52565e+001  8.78928e+000  6.24917e+002
           180  6.36242e+002  1.80000e+002 -6.52561e+001  8.78919e+000  6.25000e+002
           181  6.36330e+002  1.81000e+002 -6.52552e+001  8.78910e+000  6.25083e+002
           182  6.36408e+002  1.82000e+002 -6.52547e+001  8.78908e+000  6.25167e+002
           183  6.36495e+002  1.83000e+002 -6.52515e+001  8.78903e+000  6.25250e+002
           184  6.36580e+002  1.84000e+002 -6.52464e+001  8.78899e+000  6.25333e+002
           185  6.36662e+002  1.85000e+002 -6.52398e+001  8.78895e+000  6.25417e+002
           186  6.36747e+002  1.86000e+002 -6.52258e+001  8.78892e+000  6.25500e+002
           187  6.36834e+002  1.87000e+002 -6.52142e+001  8.78889e+000  6.25583e+002
           188  6.36916e+002  1.88000e+002 -6.52028e+001  8.78885e+000  6.25667e+002
           189  6.37002e+002  1.89000e+002 -6.51914e+001  8.78881e+000  6.25750e+002
           190  6.37089e+002  1.90000e+002 -6.51700e+001  8.78879e+000  6.25833e+002
           191  6.37175e+002  1.91000e+002 -6.51535e+001  8.78878e+000  6.25917e+002
           192  6.37258e+002  1.92000e+002 -6.51385e+001  8.78880e+000  6.26000e+002
           193  6.37343e+002  1.93000e+002 -6.51244e+001  8.78883e+000  6.26083e+002
           194  6.37427e+002  1.94000e+002 -6.51041e+001  8.78892e+000  6.26167e+002
           195  6.37517e+002  1.95000e+002 -6.50870e+001  8.78901e+000  6.26250e+002
           196  6.37596e+002  1.96000e+002 -6.50708e+001  8.78910e+000  6.26333e+002
           197  6.37685e+002  1.97000e+002 -6.50556e+001  8.78920e+000  6.26417e+002
           198  6.37772e+002  1.98000e+002 -6.50425e+001  8.78933e+000  6.26500e+002
           199  6.37854e+002  1.99000e+002 -6.50300e+001  8.78943e+000  6.26583e+002
           200  6.37937e+002  2.00000e+002 -6.50185e+001  8.78951e+000  6.26667e+002
           201  6.38028e+002  2.01000e+002 -6.50078e+001  8.78959e+000  6.26750e+002
           202  6.38108e+002  2.02000e+002 -6.50022e+001  8.78960e+000  6.26833e+002
           203  6.38197e+002  2.03000e+002 -6.49932e+001  8.78960e+000  6.26917e+002
           204  6.38279e+002  2.04000e+002 -6.49848e+001  8.78958e+000  6.27000e+002
           205  6.38360e+002  2.05000e+002 -6.49777e+001  8.78955e+000  6.27083e+002
           206  6.38448e+002  2.06000e+002 -6.49759e+001  8.78943e+000  6.27167e+002
           207  6.38531e+002  2.07000e+002 -6.49711e+001  8.78934e+000  6.27250e+002
           208  6.38615e+002  2.08000e+002 -6.49674e+001  8.78926e+000  6.27333e+002
           209  6.38696e+002  2.09000e+002 -6.49644e+001  8.78917e+000  6.27417e+002
           210  6.38781e+002  2.10000e+002 -6.49645e+001  8.78905e+000  6.27500e+002
           211  6.38865e+002  2.11000e+002 -6.49616e+001  8.78894e+000  6.27583e+002
           212  6.38952e+002  2.12000e+002 -6.49583e+001  8.78883e+000  6.27667e+002
           213  6.39037e+002  2.13000e+002 -6.49549e+001  8.78872e+000  6.27750e+002
           214  6.39114e+002  2.14000e+002 -6.49545e+001  8.78861e+000  6.27833e+002
           215  6.39200e+002  2.15000e+002 -6.49524e+001  8.78851e+000  6.27917e+002
           216  6.39285e+002  2.16000e+002 -6.49491e+001  8.78843e+000  6.28000e+002
           217  6.39366e+002  2.17000e+002 -6.49457e+001  8.78835e+000  6.28083e+002
           218  6.39449e+002  2.18000e+002 -6.49423e+001  8.78830e+000  6.28167e+002
           219  6.39537e+002  2.19000e+002 -6.49387e+001  8.78826e+000  6.28250e+002
           220  6.39623e+002  2.20000e+002 -6.49343e+001  8.78822e+000  6.28333e+002
           221  6.39710e+002  2.21000e+002 -6.49289e+001  8.78819e+000  6.28417e+002
           222  6.39792e+002  2.22000e+002 -6.49193e+001  8.78820e+000  6.28500e+002
           223  6.39874e+002  2.23000e+002 -6.49106e+001  8.78820e+000  6.28583e+002
           224  6.39958e+002  2.24000e+002 -6.49027e+001  8.78819e+000  6.28667e+002
           225  6.40042e+002  2.25000e+002 -6.48955e+001  8.78819e+000  6.28750e+002
           226  6.40127e+002  2.26000e+002 -6.48849e+001  8.78819e+000  6.28833e+002
           227  6.40214e+002  2.27000e+002 -6.48760e+001  8.78819e+000  6.28917e+002
           228  6.40294e+002  2.28000e+002 -6.48672e+001  8.78819e+000  6.29000e+002
           229  6.40383e+002  2.29000e+002 -6.48584e+001  8.78818e+000  6.29083e+002
           230  6.40461e+002  2.30000e+002 -6.48439e+001  8.78819e+000  6.29167e+002
           231  6.40548e+002  2.31000e+002 -6.48323e+001  8.78819e+000  6.29250e+002
           232  6.40628e+002  2.32000e+002 -6.48210e+001  8.78821e+000  6.29333e+002
           233  6.40712e+002  2.33000e+002 -6.48100e+001  8.78822e+000  6.29417e+002
           234  6.40797e+002  2.34000e+002 -6.48025e+001  8.78825e+000  6.29500e+002
           235  6.40880e+002  2.35000e+002 -6.47936e+001  8.78827e+000  6.29583e+002
           236  6.40961e+002  2.36000e+002 -6.47844e+001  8.78828e+000  6.29667e+002
           237  6.41050e+002  2.37000e+002 -6.47738e+001  8.78829e+000  6.29750e+002
           238  6.41130e+002  2.38000e+002 -6.47660e+001  8.78828e+000  6.29833e+002
           239  6.41212e+002  2.39000e+002 -6.47590e+001  8.78827e+000  6.29917e+002
           240  6.41295e+002  2.40000e+002 -6.47520e+001  8.78826e+000  6.30000e+002
           241  6.41377e+002  2.41000e+002 -6.47454e+001  8.78824e+000  6.30083e+002
           242  6.41462e+002  2.42000e+002 -6.47393e+001  8.78821e+000  6.30167e+002
           243  6.41545e+002  2.43000e+002 -6.47382e+001  8.78818e+000  6.30250e+002
           244  6.41629e+002  2.44000e+002 -6.47343e+001  8.78815e+000  6.30333e+002
           245  6.41711e+002  2.45000e+002 -6.47285e+001  8.78812e+000  6.30417e+002
           246  6.41800e+002  2.46000e+002 -6.47231e+001  8.78809e+000  6.30500e+002
           247  6.41880e+002  2.47000e+002 -6.47225e+001  8.78806e+000  6.30583e+002
           248  6.41960e+002  2.48000e+002 -6.47201e+001  8.78803e+000  6.30667e+002
           249  6.42046e+002  2.49000e+002 -6.47184e+001  8.78799e+000  6.30750e+002
           250  6.42130e+002  2.50000e+002 -6.47169e+001  8.78794e+000  6.30833e+002
           251  6.42216e+002  2.51000e+002 -6.47165e+001  8.78788e+000  6.30917e+002
           252  6.42296e+002  2.52000e+002 -6.47166e+001  8.78783e+000  6.31000e+002
           253  6.42381e+002  2.53000e+002 -6.47155e+001  8.78776e+000  6.31083e+002
           254  6.42466e+002  2.54000e+002 -6.47141e+001  8.78770e+000  6.31167e+002
           255  6.42551e+002  2.55000e+002 -6.47144e+001  8.78761e+000  6.31250e+002
           256  6.42632e+002  2.56000e+002 -6.47136e+001  8.78751e+000  6.31333e+002
           257  6.42717e+002  2.57000e+002 -6.47118e+001  8.78741e+000  6.31417e+002
           258  6.42794e+002  2.58000e+002 -6.47093e+001  8.78732e+000  6.31500e+002
           259  6.42878e+002  2.59000e+002 -6.47065e+001  8.78721e+000  6.31583e+002
           260  6.42959e+002  2.60000e+002 -6.47018e+001  8.78713e+000  6.31667e+002
           261  6.43047e+002  2.61000e+002 -6.46972e+001  8.78706e+000  6.31750e+002
           262  6.43128e+002  2.62000e+002 -6.46920e+001  8.78700e+000  6.31833e+002
           263  6.43214e+002  2.63000e+002 -6.46802e+001  8.78700e+000  6.31917e+002
           264  6.43300e+002  2.64000e+002 -6.46721e+001  8.78701e+000  6.32000e+002
           265  6.43381e+002  2.65000e+002 -6.46652e+001  8.78703e+000  6.32083e+002
           266  6.43459e+002  2.66000e+002 -6.46581e+001  8.78706e+000  6.32167e+002
           267  6.43544e+002  2.67000e+002 -6.46458e+001  8.78715e+000  6.32250e+002
           268  6.43627e+002  2.68000e+002 -6.46378e+001  8.78721e+000  6.32333e+002
           269  6.43709e+002  2.69000e+002 -6.46311e+001  8.78727e+000  6.32417e+002
           270  6.43792e+002  2.70000e+002 -6.46242e+001  8.78732e+000  6.32500e+002
           271  6.43878e+002  2.71000e+002 -6.46177e+001  8.78736e+000  6.32583e+002
           272  6.43962e+002  2.72000e+002 -6.46120e+001  8.78739e+000  6.32667e+002
           273  6.44047e+002  2.73000e+002 -6.46073e+001  8.78740e+000  6.32750e+002
           274  6.44128e+002  2.74000e+002 -6.46031e+001  8.78740e+000  6.32833e+002
           275  6.44214e+002  2.75000e+002 -6.46027e+001  8.78735e+000  6.32917e+002
           276  6.44292e+002  2.76000e+002 -6.46004e+001  8.78730e+000  6.33000e+002
           277  6.44371e+002  2.77000e+002 -6.45978e+001  8.78724e+000  6.33083e+002
           278  6.44461e+002  2.78000e+002 -6.45955e+001  8.78717e+000  6.33167e+002
           279  6.44545e+002  2.79000e+002 -6.45965e+001  8.78705e+000  6.33250e+002
           280  6.44631e+002  2.80000e+002 -6.45960e+001  8.78695e+000  6.33333e+002
           281  6.44707e+002  2.81000e+002 -6.45953e+001  8.78686e+000  6.33417e+002
           282  6.44791e+002  2.82000e+002 -6.45942e+001  8.78676e+000  6.33500e+002
           283  6.44877e+002  2.83000e+002 -6.45978e+001  8.78666e+000  6.33583e+002
           284  6.44957e+002  2.84000e+002 -6.45993e+001  8.78657e+000  6.33667e+002
           285  6.45040e+002  2.85000e+002 -6.46000e+001  8.78648e+000  6.33750e+002
           286  6.45118e+002  2.86000e+002 -6.46015e+001  8.78640e+000  6.33833e+002
           287  6.45205e+002  2.87000e+002 -6.46039e+001  8.78634e+000  6.33917e+002
           288  6.45287e+002  2.88000e+002 -6.46043e+001  8.78629e+000  6.34000e+002
           289  6.45365e+002  2.89000e+002 -6.46037e+001  8.78624e+000  6.34083e+002
           290  6.45451e+002  2.90000e+002 -6.46031e+001  8.78619e+000  6.34167e+002
           291  6.45542e+002  2.91000e+002 -6.46023e+001  8.78617e+000  6.34250e+002
           292  6.45618e+002  2.92000e+002 -6.46009e+001  8.78613e+000  6.34333e+002
           293  6.45705e+002  2.93000e+002 -6.45987e+001  8.78610e+000  6.34417e+002
           294  6.45786e+002  2.94000e+002 -6.45956e+001  8.78607e+000  6.34500e+002
           295  6.45870e+002  2.95000e+002 -6.45903e+001  8.78605e+000  6.34583e+002
           296  6.45956e+002  2.96000e+002 -6.45860e+001  8.78604e+000  6.34667e+002
           297  6.46035e+002  2.97000e+002 -6.45810e+001  8.78604e+000  6.34750e+002
           298  6.46117e+002  2.98000e+002 -6.45757e+001  8.78604e+000  6.34833e+002
           299  6.46201e+002  2.99000e+002 -6.45644e+001  8.78608e+000  6.34917e+002
           300  6.46282e+002  3.00000e+002 -6.45562e+001  8.78612e+000  6.35000e+002
           301  6.46362e+002  3.01000e+002 -6.45483e+001  8.78616e+000  6.35083e+002
           302  6.46446e+002  3.02000e+002 -6.45411e+001  8.78620e+000  6.35167e+002
           303  6.46529e+002  3.03000e+002 -6.45304e+001  8.78627e+000  6.35250e+002
           304  6.46616e+002  3.04000e+002 -6.45216e+001  8.78632e+000  6.35333e+002
           305  6.46698e+002  3.05000e+002 -6.45134e+001  8.78636e+000  6.35417e+002
           306  6.46778e+002  3.06000e+002 -6.45052e+001  8.78640e+000  6.35500e+002
           307  6.46853e+002  3.07000e+002 -6.44965e+001  8.78643e+000  6.35583e+002
           308  6.46939e+002  3.08000e+002 -6.44893e+001  8.78646e+000  6.35667e+002
           309  6.47029e+002  3.09000e+002 -6.44833e+001  8.78648e+000  6.35750e+002
           310  6.47116e+002  3.10000e+002 -6.44775e+001  8.78650e+000  6.35833e+002
           311  6.47189e+002  3.11000e+002 -6.44746e+001  8.78649e+000  6.35917e+002
           312  6.47269e+002  3.12000e+002 -6.44711e+001  8.78647e+000  6.36000e+002
           313  6.47354e+002  3.13000e+002 -6.44685e+001  8.78644e+000  6.36083e+002
           314  6.47441e+002  3.14000e+002 -6.44664e+001  8.78641e+000  6.36167e+002
           315  6.47522e+002  3.15000e+002 -6.44680e+001  8.78634e+000  6.36250e+002
           316  6.47602e+002  3.16000e+002 -6.44677e+001  8.78628e+000  6.36333e+002
           317  6.47684e+002  3.17000e+002 -6.44672e+001  8.78623e+000  6.36417e+002
           318  6.47767e+002  3.18000e+002 -6.44674e+001  8.78617e+000  6.36500e+002
           319  6.47849e+002  3.19000e+002 -6.44708e+001  8.78610e+000  6.36583e+002
           320  6.47938e+002  3.20000e+002 -6.44707e+001  8.78605e+000  6.36667e+002
           321  6.48018e+002  3.21000e+002 -6.44691e+001  8.78599e+000  6.36750e+002
           322  6.48097e+002  3.22000e+002 -6.44666e+001  8.78594e+000  6.36833e+002
           323  6.48175e+002  3.23000e+002 -6.44666e+001  8.78590e+000  6.36917e+002
           324  6.48260e+002  3.24000e+002 -6.44663e+001  8.78584e+000  6.37000e+002
           325  6.48346e+002  3.25000e+002 -6.44653e+001  8.78579e+000  6.37083e+002
           326  6.48425e+002  3.26000e+002 -6.44639e+001  8.78574e+000  6.37167e+002
           327  6.48505e+002  3.27000e+002 -6.44616e+001  8.78569e+000  6.37250e+002
           328  6.48592e+002  3.28000e+002 -6.44590e+001  8.78564e+000  6.37333e+002
           329  6.48677e+002  3.29000e+002 -6.44540e+001  8.78560e+000  6.37417e+002
           330  6.48759e+002  3.30000e+002 -6.44481e+001  8.78556e+000  6.37500e+002
           331  6.48834e+002  3.31000e+002 -6.44388e+001  8.78553e+000  6.37583e+002
           332  6.48924e+002  3.32000e+002 -6.44294e+001  8.78550e+000  6.37667e+002
           333  6.49004e+002  3.33000e+002 -6.44203e+001  8.78548e+000  6.37750e+002
           334  6.49098e+002  3.34000e+002 -6.44109e+001  8.78546e+000  6.37833e+002
           335  6.49175e+002  3.35000e+002 -6.44008e+001  8.78545e+000  6.37917e+002
           336  6.49257e+002  3.36000e+002 -6.43861e+001  8.78547e+000  6.38000e+002
           337  6.49340e+002  3.37000e+002 -6.43748e+001  8.78549e+000  6.38083e+002
           338  6.49421e+002  3.38000e+002 -6.43640e+001  8.78551e+000  6.38167e+002
           339  6.49504e+002  3.39000e+002 -6.43533e+001  8.78554e+000  6.38250e+002
           340  6.49590e+002  3.40000e+002 -6.43371e+001  8.78561e+000  6.38333e+002
           341  6.49672e+002  3.41000e+002 -6.43261e+001  8.78567e+000  6.38417e+002
           342  6.49751e+002  3.42000e+002 -6.43178e+001  8.78573e+000  6.38500e+002
           343  6.49836e+002  3.43000e+002 -6.43116e+001  8.78580e+000  6.38583e+002
           344  6.49912e+002  3.44000e+002 -6.43092e+001  8.78588e+000  6.38667e+002
           345  6.49999e+002  3.45000e+002 -6.43062e+001  8.78593e+000  6.38750e+002
           346  6.50084e+002  3.46000e+002 -6.43040e+001  8.78596e+000  6.38833e+002
           347  6.50160e+002  3.47000e+002 -6.43022e+001  8.78598e+000  6.38917e+002
           348  6.50241e+002  3.48000e+002 -6.43070e+001  8.78593e+000  6.39000e+002
           349  6.50324e+002  3.49000e+002 -6.43078e+001  8.78588e+000  6.39083e+002
           350  6.50410e+002  3.50000e+002 -6.43072e+001  8.78581e+000  6.39167e+002
           351  6.50491e+002  3.51000e+002 -6.43063e+001  8.78573e+000  6.39250e+002
           352  6.50573e+002  3.52000e+002 -6.43131e+001  8.78558e+000  6.39333e+002
           353  6.50657e+002  3.53000e+002 -6.43144e+001  8.78547e+000  6.39417e+002
           354  6.50740e+002  3.54000e+002 -6.43148e+001  8.78536e+000  6.39500e+002
           355  6.50817e+002  3.55000e+002 -6.43151e+001  8.78526e+000  6.39583e+002
           356  6.50901e+002  3.56000e+002 -6.43131e+001  8.78516e+000  6.39667e+002
           357  6.50985e+002  3.57000e+002 -6.43119e+001  8.78508e+000  6.39750e+002
           358  6.51070e+002  3.58000e+002 -6.43110e+001  8.78501e+000  6.39833e+002
           359  6.51158e+002  3.59000e+002 -6.43094e+001  8.78496e+000  6.39917e+002
           360  6.51242e+002  3.60000e+002 -6.43027e+001  8.78496e+000  6.40000e+002
           361  6.51316e+002  3.61000e+002 -6.43000e+001  8.78496e+000  6.40083e+002
           362  6.51400e+002  3.62000e+002 -6.42980e+001  8.78497e+000  6.40167e+002
           363  6.51482e+002  3.63000e+002 -6.42954e+001  8.78498e+000  6.40250e+002
           364  6.51562e+002  3.64000e+002 -6.42901e+001  8.78504e+000  6.40333e+002
           365  6.51646e+002  3.65000e+002 -6.42859e+001  8.78507e+000  6.40417e+002
           366  6.51731e+002  3.66000e+002 -6.42822e+001  8.78509e+000  6.40500e+002
           367  6.51810e+002  3.67000e+002 -6.42782e+001  8.78510e+000  6.40583e+002
           368  6.51899e+002  3.68000e+002 -6.42732e+001  8.78509e+000  6.40667e+002
           369  6.51986e+002  3.69000e+002 -6.42689e+001  8.78509e+000  6.40750e+002
           370  6.52060e+002  3.70000e+002 -6.42655e+001  8.78509e+000  6.40833e+002
           371  6.52141e+002  3.71000e+002 -6.42626e+001  8.78508e+000  6.40917e+002
           372  6.52226e+002  3.72000e+002 -6.42578e+001  8.78507e+000  6.41000e+002
           373  6.52310e+002  3.73000e+002 -6.42543e+001  8.78506e+000  6.41083e+002
           374  6.52392e+002  3.74000e+002 -6.42510e+001  8.78506e+000  6.41167e+002
           375  6.52470e+002  3.75000e+002 -6.42481e+001  8.78506e+000  6.41250e+002
           376  6.52558e+002  3.76000e+002 -6.42479e+001  8.78506e+000  6.41333e+002
           377  6.52642e+002  3.77000e+002 -6.42453e+001  8.78505e+000  6.41417e+002
           378  6.52723e+002  3.78000e+002 -6.42428e+001  8.78503e+000  6.41500e+002
           379  6.52810e+002  3.79000e+002 -6.42402e+001  8.78500e+000  6.41583e+002
           380  6.52886e+002  3.80000e+002 -6.42377e+001  8.78496e+000  6.41667e+002
           381  6.52966e+002  3.81000e+002 -6.42351e+001  8.78491e+000  6.41750e+002
           382  6.53054e+002  3.82000e+002 -6.42322e+001  8.78487e+000  6.41833e+002
           383  6.53133e+002  3.83000e+002 -6.42290e+001  8.78483e+000  6.41917e+002
           384  6.53213e+002  3.84000e+002 -6.42267e+001  8.78477e+000  6.42000e+002
           385  6.53297e+002  3.85000e+002 -6.42245e+001  8.78473e+000  6.42083e+002
           386  6.53383e+002  3.86000e+002 -6.42217e+001  8.78470e+000  6.42167e+002
           387  6.53462e+002  3.87000e+002 -6.42200e+001  8.78467e+000  6.42250e+002
           388  6.53544e+002  3.88000e+002 -6.42160e+001  8.78465e+000  6.42333e+002
           389  6.53631e+002  3.89000e+002 -6.42135e+001  8.78464e+000  6.42417e+002
           390  6.53717e+002  3.90000e+002 -6.42115e+001  8.78462e+000  6.42500e+002
           391  6.53795e+002  3.91000e+002 -6.42099e+001  8.78461e+000  6.42583e+002
           392  6.53880e+002  3.92000e+002 -6.42070e+001  8.78460e+000  6.42667e+002
           393  6.53959e+002  3.93000e+002 -6.42047e+001  8.78459e+000  6.42750e+002
           394  6.54038e+002  3.94000e+002 -6.42023e+001  8.78458e+000  6.42833e+002
           395  6.54125e+002  3.95000e+002 -6.41998e+001  8.78457e+000  6.42917e+002
           396  6.54208e+002  3.96000e+002 -6.41985e+001  8.78456e+000  6.43000e+002
           397  6.54294e+002  3.97000e+002 -6.41959e+001  8.78455e+000  6.43083e+002
           398  6.54372e+002  3.98000e+002 -6.41924e+001  8.78455e+000  6.43167e+002
           399  6.54455e+002  3.99000e+002 -6.41876e+001  8.78454e+000  6.43250e+002
           400  6.54544e+002  4.00000e+002 -6.41817e+001  8.78456e+000  6.43333e+002
           401  6.54625e+002  4.01000e+002 -6.41765e+001  8.78457e+000  6.43417e+002
           402  6.54702e+002  4.02000e+002 -6.41710e+001  8.78459e+000  6.43500e+002
           403  6.54789e+002  4.03000e+002 -6.41662e+001  8.78461e+000  6.43583e+002
           404  6.54872e+002  4.04000e+002 -6.41619e+001  8.78463e+000  6.43667e+002
           405  6.54953e+002  4.05000e+002 -6.41529e+001  8.78465e+000  6.43750e+002
           406  6.55039e+002  4.06000e+002 -6.41467e+001  8.78467e+000  6.43833e+002
           407  6.55114e+002  4.07000e+002 -6.41411e+001  8.78468e+000  6.43917e+002
           408  6.55199e+002  4.08000e+002 -6.41352e+001  8.78468e+000  6.44000e+002
           409  6.55281e+002  4.09000e+002 -6.41318e+001  8.78467e+000  6.44083e+002
           410  6.55359e+002  4.10000e+002 -6.41292e+001  8.78466e+000  6.44167e+002
           411  6.55440e+002  4.11000e+002 -6.41264e+001  8.78465e+000  6.44250e+002
           412  6.55520e+002  4.12000e+002 -6.41236e+001  8.78463e+000  6.44333e+002
           413  6.55601e+002  4.13000e+002 -6.41233e+001  8.78460e+000  6.44417e+002
           414  6.55690e+002  4.14000e+002 -6.41216e+001  8.78457e+000  6.44500e+002
           415  6.55770e+002  4.15000e+002 -6.41203e+001  8.78454e+000  6.44583e+002
           416  6.55858e+002  4.16000e+002 -6.41185e+001  8.78451e+000  6.44667e+002
           417  6.55936e+002  4.17000e+002 -6.41219e+001  8.78447e+000  6.44750e+002
           418  6.56023e+002  4.18000e+002 -6.41218e+001  8.78444e+000  6.44833e+002
           419  6.56106e+002  4.19000e+002 -6.41214e+001  8.78440e+000  6.44917e+002
           420  6.56177e+002  4.20000e+002 -6.41219e+001  8.78436e+000  6.45000e+002
           421  6.56261e+002  4.21000e+002 -6.41219e+001  8.78433e+000  6.45083e+002
           422  6.56348e+002  4.22000e+002 -6.41213e+001  8.78429e+000  6.45167e+002
           423  6.56431e+002  4.23000e+002 -6.41199e+001  8.78424e+000  6.45250e+002
           424  6.56518e+002  4.24000e+002 -6.41181e+001  8.78417e+000  6.45333e+002
           425  6.56598e+002  4.25000e+002 -6.41175e+001  8.78408e+000  6.45417e+002
           426  6.56678e+002  4.26000e+002 -6.41157e+001  8.78397e+000  6.45500e+002
           427  6.56760e+002  4.27000e+002 -6.41129e+001  8.78384e+000  6.45583e+002
           428  6.56841e+002  4.28000e+002 -6.41096e+001  8.78370e+000  6.45667e+002
           429  6.56930e+002  4.29000e+002 -6.41063e+001  8.78348e+000  6.45750e+002
           430  6.57008e+002  4.30000e+002 -6.41027e+001  8.78329e+000  6.45833e+002
           431  6.57097e+002  4.31000e+002 -6.40982e+001  8.78309e+000  6.45917e+002
           432  6.57174e+002  4.32000e+002 -6.40930e+001  8.78290e+000  6.46000e+002
           433  6.57256e+002  4.33000e+002 -6.40837e+001  8.78268e+000  6.46083e+002
           434  6.57338e+002  4.34000e+002 -6.40764e+001  8.78248e+000  6.46167e+002
           435  6.57418e+002  4.35000e+002 -6.40702e+001  8.78228e+000  6.46250e+002
           436  6.57500e+002  4.36000e+002 -6.40635e+001  8.78208e+000  6.46333e+002
           437  6.57584e+002  4.37000e+002 -6.40536e+001  8.78190e+000  6.46417e+002
           438  6.57670e+002  4.38000e+002 -6.40451e+001  8.78172e+000  6.46500e+002
           439  6.57755e+002  4.39000e+002 -6.40369e+001  8.78154e+000  6.46583e+002
           440  6.57837e+002  4.40000e+002 -6.40296e+001  8.78138e+000  6.46667e+002
           441  6.57922e+002  4.41000e+002 -6.40198e+001  8.78125e+000  6.46750e+002
           442  6.58002e+002  4.42000e+002 -6.40119e+001  8.78113e+000  6.46833e+002
           443  6.58088e+002  4.43000e+002 -6.40038e+001  8.78102e+000  6.46917e+002
           444  6.58169e+002  4.44000e+002 -6.39948e+001  8.78093e+000  6.47000e+002
           445  6.58250e+002  4.45000e+002 -6.39887e+001  8.78091e+000  6.47083e+002
           446  6.58335e+002  4.46000e+002 -6.39819e+001  8.78089e+000  6.47167e+002
           447  6.58419e+002  4.47000e+002 -6.39748e+001  8.78089e+000  6.47250e+002
           448  6.58494e+002  4.48000e+002 -6.39683e+001  8.78090e+000  6.47333e+002
           449  6.58582e+002  4.49000e+002 -6.39646e+001  8.78099e+000  6.47417e+002
           450  6.58663e+002  4.50000e+002 -6.39590e+001  8.78106e+000  6.47500e+002
           451  6.58746e+002  4.51000e+002 -6.39526e+001  8.78113e+000  6.47583e+002
           452  6.58821e+002  4.52000e+002 -6.39465e+001  8.78122e+000  6.47667e+002
           453  6.58915e+002  4.53000e+002 -6.39419e+001  8.78134e+000  6.47750e+002
           454  6.58993e+002  4.54000e+002 -6.39380e+001  8.78145e+000  6.47833e+002
           455  6.59071e+002  4.55000e+002 -6.39349e+001  8.78156e+000  6.47917e+002
           456  6.59157e+002  4.56000e+002 -6.39317e+001  8.78168e+000  6.48000e+002
           457  6.59243e+002  4.57000e+002 -6.39325e+001  8.78181e+000  6.48083e+002
           458  6.59317e+002  4.58000e+002 -6.39333e+001  8.78194e+000  6.48167e+002
           459  6.59402e+002  4.59000e+002 -6.39349e+001  8.78206e+000  6.48250e+002
           460  6.59487e+002  4.60000e+002 -6.39369e+001  8.78218e+000  6.48333e+002
           461  6.59567e+002  4.61000e+002 -6.39421e+001  8.78225e+000  6.48417e+002
           462  6.59652e+002  4.62000e+002 -6.39462e+001  8.78229e+000  6.48500e+002
           463  6.59735e+002  4.63000e+002 -6.39503e+001  8.78227e+000  6.48583e+002
           464  6.59817e+002  4.64000e+002 -6.39547e+001  8.78221e+000  6.48667e+002
           465  6.59899e+002  4.65000e+002 -6.39636e+001  8.78199e+000  6.48750e+002
           466  6.59976e+002  4.66000e+002 -6.39688e+001  8.78179e+000  6.48833e+002
           467  6.60061e+002  4.67000e+002 -6.39731e+001  8.78156e+000  6.48917e+002
           468  6.60145e+002  4.68000e+002 -6.39772e+001  8.78132e+000  6.49000e+002
           469  6.60224e+002  4.69000e+002 -6.39832e+001  8.78096e+000  6.49083e+002
           470  6.60311e+002  4.70000e+002 -6.39867e+001  8.78069e+000  6.49167e+002
           471  6.60397e+002  4.71000e+002 -6.39885e+001  8.78044e+000  6.49250e+002
           472  6.60479e+002  4.72000e+002 -6.39905e+001  8.78021e+000  6.49333e+002
           473  6.60559e+002  4.73000e+002 -6.39885e+001  8.78006e+000  6.49417e+002
           474  6.60642e+002  4.74000e+002 -6.39879e+001  8.77994e+000  6.49500e+002
           475  6.60724e+002  4.75000e+002 -6.39875e+001  8.77986e+000  6.49583e+002
           476  6.60805e+002  4.76000e+002 -6.39877e+001  8.77981e+000  6.49667e+002
           477  6.60887e+002  4.77000e+002 -6.39832e+001  8.77996e+000  6.49750e+002
           478  6.60969e+002  4.78000e+002 -6.39808e+001  8.78011e+000  6.49833e+002
           479  6.61053e+002  4.79000e+002 -6.39785e+001  8.78030e+000  6.49917e+002
           480  6.61135e+002  4.80000e+002 -6.39759e+001  8.78053e+000  6.50000e+002
           481  6.61216e+002  4.81000e+002 -6.39707e+001  8.78096e+000  6.50083e+002
           482  6.61299e+002  4.82000e+002 -6.39669e+001  8.78130e+000  6.50167e+002
           483  6.61386e+002  4.83000e+002 -6.39633e+001  8.78163e+000  6.50250e+002
           484  6.61469e+002  4.84000e+002 -6.39598e+001  8.78195e+000  6.50333e+002
           485  6.61547e+002  4.85000e+002 -6.39568e+001  8.78226e+000  6.50417e+002
           486  6.61624e+002  4.86000e+002 -6.39547e+001  8.78251e+000  6.50500e+002
           487  6.61711e+002  4.87000e+002 -6.39528e+001  8.78271e+000  6.50583e+002
           488  6.61790e+002  4.88000e+002 -6.39509e+001  8.78290e+000  6.50667e+002
           489  6.61879e+002  4.89000e+002 -6.39490e+001  8.78295e+000  6.50750e+002
           490  6.61963e+002  4.90000e+002 -6.39478e+001  8.78304e+000  6.50833e+002
           491  6.62040e+002  4.91000e+002 -6.39476e+001  8.78314e+000  6.50917e+002
           492  6.62120e+002  4.92000e+002 -6.39478e+001  8.78322e+000  6.51000e+002
           493  6.62207e+002  4.93000e+002 -6.39520e+001  8.78325e+000  6.51083e+002
           494  6.62293e+002  4.94000e+002 -6.39542e+001  8.78330e+000  6.51167e+002
           495  6.62369e+002  4.95000e+002 -6.39561e+001  8.78334e+000  6.51250e+002
           496  6.62452e+002  4.96000e+002 -6.39583e+001  8.78336e+000  6.51333e+002
           497  6.62534e+002  4.97000e+002 -6.39617e+001  8.78337e+000  6.51417e+002
           498  6.62613e+002  4.98000e+002 -6.39710e+001  8.78334e+000  6.51500e+002
           499  6.62694e+002  4.99000e+002 -6.39799e+001  8.78332e+000  6.51583e+002
           500  6.62778e+002  5.00000e+002 -6.39899e+001  8.78330e+000  6.51667e+002
           501  6.62860e+002  5.01000e+002 -6.40005e+001  8.78327e+000  6.51750e+002
           502  6.62936e+002  5.02000e+002 -6.40221e+001  8.78322e+000  6.51833e+002
           503  6.63023e+002  5.03000e+002 -6.40413e+001  8.78318e+000  6.51917e+002
           504  6.63108e+002  5.04000e+002 -6.40545e+001  8.78315e+000  6.52000e+002
           505  6.63190e+002  5.05000e+002 -6.40673e+001  8.78313e+000  6.52083e+002
           506  6.63270e+002  5.06000e+002 -6.41089e+001  8.78311e+000  6.52167e+002
           507  6.63353e+002  5.07000e+002 -6.41350e+001  8.78310e+000  6.52250e+002
           508  6.63436e+002  5.08000e+002 -6.41642e+001  8.78308e+000  6.52333e+002
           509  6.63518e+002  5.09000e+002 -6.42040e+001  8.78306e+000  6.52417e+002
           510  6.63603e+002  5.10000e+002 -6.42901e+001  8.78304e+000  6.52500e+002
           511  6.63680e+002  5.11000e+002 -6.43559e+001  8.78303e+000  6.52583e+002
           512  6.63758e+002  5.12000e+002 -6.44178e+001  8.78301e+000  6.52667e+002
           513  6.63841e+002  5.13000e+002 -6.44937e+001  8.78300e+000  6.52750e+002
           514  6.63922e+002  5.14000e+002 -6.46074e+001  8.78298e+000  6.52833e+002
           515  6.64004e+002  5.15000e+002 -6.47130e+001  8.78297e+000  6.52917e+002
           516  6.64085e+002  5.16000e+002 -6.48259e+001  8.78296e+000  6.53000e+002
           517  6.64155e+002  5.17000e+002 -6.49527e+001  8.78295e+000  6.53083e+002
           518  6.64237e+002  5.18000e+002 -6.51135e+001  8.78296e+000  6.53167e+002
           519  6.64318e+002  5.19000e+002 -6.52505e+001  8.78297e+000  6.53250e+002
           520  6.64401e+002  5.20000e+002 -6.53835e+001  8.78298e+000  6.53333e+002
           521  6.64481e+002  5.21000e+002 -6.55271e+001  8.78300e+000  6.53417e+002
           522  6.64558e+002  5.22000e+002 -6.57137e+001  8.78306e+000  6.53500e+002
           523  6.64637e+002  5.23000e+002 -6.58722e+001  8.78310e+000  6.53583e+002
           524  6.64713e+002  5.24000e+002 -6.60333e+001  8.78315e+000  6.53667e+002
           525  6.64793e+002  5.25000e+002 -6.62070e+001  8.78319e+000  6.53750e+002
           526  6.64875e+002  5.26000e+002 -6.64331e+001  8.78324e+000  6.53833e+002
           527  6.64950e+002  5.27000e+002 -6.66384e+001  8.78328e+000  6.53917e+002
           528  6.65031e+002  5.28000e+002 -6.68480e+001  8.78331e+000  6.54000e+002
           529  6.65112e+002  5.29000e+002 -6.70677e+001  8.78333e+000  6.54083e+002
           530  6.65192e+002  5.30000e+002 -6.73157e+001  8.78332e+000  6.54167e+002
           531  6.65271e+002  5.31000e+002 -6.75454e+001  8.78332e+000  6.54250e+002
           532  6.65349e+002  5.32000e+002 -6.77718e+001  8.78331e+000  6.54333e+002
           533  6.65425e+002  5.33000e+002 -6.79943e+001  8.78329e+000  6.54417e+002
           534  6.65501e+002  5.34000e+002 -6.82713e+001  8.78323e+000  6.54500e+002
           535  6.65579e+002  5.35000e+002 -6.85186e+001  8.78319e+000  6.54583e+002
           536  6.65656e+002  5.36000e+002 -6.87684e+001  8.78313e+000  6.54667e+002
           537  6.65731e+002  5.37000e+002 -6.90201e+001  8.78308e+000  6.54750e+002
           538  6.65813e+002  5.38000e+002 -6.92987e+001  8.78300e+000  6.54833e+002
           539  6.65889e+002  5.39000e+002 -6.95612e+001  8.78292e+000  6.54917e+002
           540  6.65971e+002  5.40000e+002 -6.98217e+001  8.78285e+000  6.55000e+002
           541  6.66045e+002  5.41000e+002 -7.00828e+001  8.78277e+000  6.55083e+002
           542  6.66123e+002  5.42000e+002 -7.03556e+001  8.78268e+000  6.55167e+002
           543  6.66198e+002  5.43000e+002 -7.06221e+001  8.78259e+000  6.55250e+002
           544  6.66279e+002  5.44000e+002 -7.08877e+001  8.78251e+000  6.55333e+002
           545  6.66352e+002  5.45000e+002 -7.11546e+001  8.78243e+000  6.55417e+002
           546  6.66436e+002  5.46000e+002 -7.14229e+001  8.78235e+000  6.55500e+002
           547  6.66512e+002  5.47000e+002 -7.16897e+001  8.78229e+000  6.55583e+002
           548  6.66589e+002  5.48000e+002 -7.19565e+001  8.78226e+000  6.55667e+002
           549  6.66665e+002  5.49000e+002 -7.22242e+001  8.78223e+000  6.55750e+002
           550  6.66740e+002  5.50000e+002 -7.24958e+001  8.78228e+000  6.55833e+002
           551  6.66818e+002  5.51000e+002 -7.27667e+001  8.78232e+000  6.55917e+002
           552  6.66893e+002  5.52000e+002 -7.30376e+001  8.78237e+000  6.56000e+002
           553  6.66964e+002  5.53000e+002 -7.33095e+001  8.78243e+000  6.56083e+002
           554  6.67043e+002  5.54000e+002 -7.35853e+001  8.78255e+000  6.56167e+002
           555  6.67130e+002  5.55000e+002 -7.38604e+001  8.78265e+000  6.56250e+002
           556  6.67196e+002  5.56000e+002 -7.41352e+001  8.78273e+000  6.56333e+002
           557  6.67272e+002  5.57000e+002 -7.44097e+001  8.78281e+000  6.56417e+002
           558  6.67350e+002  5.58000e+002 -7.46912e+001  8.78289e+000  6.56500e+002
           559  6.67429e+002  5.59000e+002 -7.49708e+001  8.78296e+000  6.56583e+002
           560  6.67507e+002  5.60000e+002 -7.52507e+001  8.78302e+000  6.56667e+002
           561  6.67583e+002  5.61000e+002 -7.55307e+001  8.78308e+000  6.56750e+002
           562  6.67661e+002  5.62000e+002 -7.58168e+001  8.78310e+000  6.56833e+002
           563  6.67737e+002  5.63000e+002 -7.61006e+001  8.78312e+000  6.56917e+002
           564  6.67813e+002  5.64000e+002 -7.63843e+001  8.78311e+000  6.57000e+002
           565  6.67887e+002  5.65000e+002 -7.66681e+001  8.78310e+000  6.57083e+002
           566  6.67961e+002  5.66000e+002 -7.69521e+001  8.78307e+000  6.57167e+002
           567  6.68040e+002  5.67000e+002 -7.72402e+001  8.78298e+000  6.57250e+002
           568  6.68121e+002  5.68000e+002 -7.75256e+001  8.78292e+000  6.57333e+002
           569  6.68193e+002  5.69000e+002 -7.78104e+001  8.78286e+000  6.57417e+002
           570  6.68268e+002  5.70000e+002 -7.80954e+001  8.78279e+000  6.57500e+002
           571  6.68347e+002  5.71000e+002 -7.83814e+001  8.78271e+000  6.57583e+002
           572  6.68427e+002  5.72000e+002 -7.86662e+001  8.78263e+000  6.57667e+002
           573  6.68497e+002  5.73000e+002 -7.89506e+001  8.78256e+000  6.57750e+002
           574  6.68572e+002  5.74000e+002 -7.92347e+001  8.78248e+000  6.57833e+002
           575  6.68651e+002  5.75000e+002 -7.95165e+001  8.78240e+000  6.57917e+002
           576  6.68725e+002  5.76000e+002 -7.97989e+001  8.78234e+000  6.58000e+002
           577  6.68803e+002  5.77000e+002 -8.00806e+001  8.78229e+000  6.58083e+002
           578  6.68877e+002  5.78000e+002 -8.03623e+001  8.78225e+000  6.58167e+002
           579  6.68951e+002  5.79000e+002 -8.06421e+001  8.78225e+000  6.58250e+002
           580  6.69025e+002  5.80000e+002 -8.09228e+001  8.78226e+000  6.58333e+002
           581  6.69103e+002  5.81000e+002 -8.12038e+001  8.78227e+000  6.58417e+002
           582  6.69179e+002  5.82000e+002 -8.14846e+001  8.78230e+000  6.58500e+002
           583  6.69259e+002  5.83000e+002 -8.17616e+001  8.78237e+000  6.58583e+002
           584  6.69337e+002  5.84000e+002 -8.20401e+001  8.78241e+000  6.58667e+002
           585  6.69408e+002  5.85000e+002 -8.23172e+001  8.78245e+000  6.58750e+002
           586  6.69484e+002  5.86000e+002 -8.25939e+001  8.78248e+000  6.58833e+002
           587  6.69562e+002  5.87000e+002 -8.28686e+001  8.78251e+000  6.58917e+002
           588  6.69635e+002  5.88000e+002 -8.31439e+001  8.78254e+000  6.59000e+002
           589  6.69710e+002  5.89000e+002 -8.34184e+001  8.78256e+000  6.59083e+002
           590  6.69789e+002  5.90000e+002 -8.36920e+001  8.78258e+000  6.59167e+002
           591  6.69858e+002  5.91000e+002 -8.39598e+001  8.78258e+000  6.59250e+002
           592  6.69938e+002  5.92000e+002 -8.42297e+001  8.78258e+000  6.59333e+002
           593  6.70019e+002  5.93000e+002 -8.45007e+001  8.78258e+000  6.59417e+002
           594  6.70099e+002  5.94000e+002 -8.47729e+001  8.78258e+000  6.59500e+002
           595  6.70169e+002  5.95000e+002 -8.50410e+001  8.78255e+000  6.59583e+002
           596  6.70247e+002  5.96000e+002 -8.53129e+001  8.78254e+000  6.59667e+002
           597  6.70321e+002  5.97000e+002 -8.55856e+001  8.78251e+000  6.59750e+002
           598  6.70392e+002  5.98000e+002 -8.58582e+001  8.78249e+000  6.59833e+002
           599  6.70476e+002  5.99000e+002 -8.61275e+001  8.78246e+000  6.59917e+002
           600  6.70553e+002  6.00000e+002 -8.63987e+001  8.78245e+000  6.60000e+002
           601  6.70631e+002  6.01000e+002 -8.66697e+001  8.78243e+000  6.60083e+002
           602  6.70701e+002  6.02000e+002 -8.69408e+001  8.78243e+000  6.60167e+002
           603  6.70779e+002  6.03000e+002 -8.72164e+001  8.78243e+000  6.60250e+002
           604  6.70855e+002  6.04000e+002 -8.74875e+001  8.78243e+000  6.60333e+002
           605  6.70932e+002  6.05000e+002 -8.77557e+001  8.78242e+000  6.60417e+002
           606  6.71006e+002  6.06000e+002 -8.80222e+001  8.78242e+000  6.60500e+002
           607  6.71084e+002  6.07000e+002 -8.82836e+001  8.78241e+000  6.60583e+002
           608  6.71160e+002  6.08000e+002 -8.85451e+001  8.78239e+000  6.60667e+002
           609  6.71236e+002  6.09000e+002 -8.88044e+001  8.78237e+000  6.60750e+002
           610  6.71307e+002  6.10000e+002 -8.90636e+001  8.78235e+000  6.60833e+002
           611  6.71378e+002  6.11000e+002 -8.93131e+001  8.78231e+000  6.60917e+002
           612  6.71461e+002  6.12000e+002 -8.95647e+001  8.78229e+000  6.61000e+002
           613  6.71544e+002  6.13000e+002 -8.98144e+001  8.78227e+000  6.61083e+002
           614  6.71618e+002  6.14000e+002 -9.00627e+001  8.78225e+000  6.61167e+002
           615  6.71688e+002  6.15000e+002 -9.02942e+001  8.78225e+000  6.61250e+002
           616  6.71770e+002  6.16000e+002 -9.05344e+001  8.78224e+000  6.61333e+002
           617  6.71843e+002  6.17000e+002 -9.07745e+001  8.78224e+000  6.61417e+002
           618  6.71923e+002  6.18000e+002 -9.10128e+001  8.78224e+000  6.61500e+002
           619  6.71993e+002  6.19000e+002 -9.12379e+001  8.78226e+000  6.61583e+002
           620  6.72072e+002  6.20000e+002 -9.14700e+001  8.78228e+000  6.61667e+002
           621  6.72152e+002  6.21000e+002 -9.17021e+001  8.78230e+000  6.61750e+002
           622  6.72227e+002  6.22000e+002 -9.19332e+001  8.78232e+000  6.61833e+002
           623  6.72296e+002  6.23000e+002 -9.21503e+001  8.78236e+000  6.61917e+002
           624  6.72380e+002  6.24000e+002 -9.23738e+001  8.78239e+000  6.62000e+002
           625  6.72456e+002  6.25000e+002 -9.25975e+001  8.78242e+000  6.62083e+002
           626  6.72530e+002  6.26000e+002 -9.28200e+001  8.78244e+000  6.62167e+002
           627  6.72607e+002  6.27000e+002 -9.30252e+001  8.78246e+000  6.62250e+002
           628  6.72690e+002  6.28000e+002 -9.32338e+001  8.78247e+000  6.62333e+002
           629  6.72763e+002  6.29000e+002 -9.34564e+001  8.78248e+000  6.62417e+002
           630  6.72842e+002  6.30000e+002 -9.36907e+001  8.78248e+000  6.62500e+002
           631  6.72918e+002  6.31000e+002 -9.38838e+001  8.78245e+000  6.62583e+002
           632  6.72993e+002  6.32000e+002 -9.41053e+001  8.78243e+000  6.62667e+002
           633  6.73067e+002  6.33000e+002 -9.43124e+001  8.78240e+000  6.62750e+002
           634  6.73147e+002  6.34000e+002 -9.44961e+001  8.78237e+000  6.62833e+002
           635  6.73224e+002  6.35000e+002 -9.46797e+001  8.78234e+000  6.62917e+002
           636  6.73303e+002  6.36000e+002 -9.47591e+001  8.78229e+000  6.63000e+002
           637  6.73382e+002  6.37000e+002 -9.48212e+001  8.78225e+000  6.63083e+002
           638  6.73460e+002  6.38000e+002 -9.48418e+001  8.78221e+000  6.63167e+002
           639  6.73541e+002  6.39000e+002 -9.48436e+001  8.78218e+000  6.63250e+002
           640  6.73621e+002  6.40000e+002 -9.46436e+001  8.78215e+000  6.63333e+002
           641  6.73706e+002  6.41000e+002 -9.42682e+001  8.78214e+000  6.63417e+002
           642  6.73798e+002  6.42000e+002 -9.35698e+001  8.78213e+000  6.63500e+002
           643  6.73894e+002  6.43000e+002 -9.27577e+001  8.78213e+000  6.63583e+002
           644  6.73990e+002  6.44000e+002 -9.17195e+001  8.78216e+000  6.63667e+002
           645  6.74090e+002  6.45000e+002 -9.06205e+001  8.78217e+000  6.63750e+002
           646  6.74187e+002  6.46000e+002 -8.94915e+001  8.78219e+000  6.63833e+002
           647  6.74287e+002  6.47000e+002 -8.83616e+001  8.78220e+000  6.63917e+002
           648  6.74389e+002  6.48000e+002 -8.72413e+001  8.78221e+000  6.64000e+002
           649  6.74483e+002  6.49000e+002 -8.61369e+001  8.78221e+000  6.64083e+002
           650  6.74584e+002  6.50000e+002 -8.50233e+001  8.78221e+000  6.64167e+002
           651  6.74687e+002  6.51000e+002 -8.39087e+001  8.78220e+000  6.64250e+002
           652  6.74778e+002  6.52000e+002 -8.28508e+001  8.78217e+000  6.64333e+002
           653  6.74884e+002  6.53000e+002 -8.18189e+001  8.78214e+000  6.64417e+002
           654  6.74984e+002  6.54000e+002 -8.08314e+001  8.78211e+000  6.64500e+002
           655  6.75081e+002  6.55000e+002 -7.98914e+001  8.78207e+000  6.64583e+002
           656  6.75177e+002  6.56000e+002 -7.89967e+001  8.78202e+000  6.64667e+002
           657  6.75283e+002  6.57000e+002 -7.80966e+001  8.78198e+000  6.64750e+002
           658  6.75371e+002  6.58000e+002 -7.72478e+001  8.78193e+000  6.64833e+002
           659  6.75465e+002  6.59000e+002 -7.64365e+001  8.78189e+000  6.64917e+002
           660  6.75562e+002  6.60000e+002 -7.57157e+001  8.78184e+000  6.65000e+002
           661  6.75657e+002  6.61000e+002 -7.50170e+001  8.78180e+000  6.65083e+002
           662  6.75753e+002  6.62000e+002 -7.43300e+001  8.78176e+000  6.65167e+002
           663  6.75851e+002  6.63000e+002 -7.36617e+001  8.78172e+000  6.65250e+002
           664  6.75938e+002  6.64000e+002 -7.30628e+001  8.78170e+000  6.65333e+002
           665  6.76039e+002  6.65000e+002 -7.24543e+001  8.78168e+000  6.65417e+002
           666  6.76133e+002  6.66000e+002 -7.19042e+001  8.78167e+000  6.65500e+002
           667  6.76231e+002  6.67000e+002 -7.14026e+001  8.78167e+000  6.65583e+002
           668  6.76502e+002  6.68000e+002 -7.09402e+001  8.78171e+000  6.65667e+002
           669  6.76708e+002  6.69000e+002 -7.04800e+001  8.78175e+000  6.65750e+002
           670  6.76802e+002  6.70000e+002 -7.00378e+001  8.78178e+000  6.65833e+002
           671  6.76908e+002  6.71000e+002 -6.96090e+001  8.78181e+000  6.65917e+002
           672  6.76995e+002  6.72000e+002 -6.92412e+001  8.78185e+000  6.66000e+002
           673  6.77086e+002  6.73000e+002 -6.88725e+001  8.78188e+000  6.66083e+002
           674  6.77178e+002  6.74000e+002 -6.85309e+001  8.78189e+000  6.66167e+002
           675  6.77267e+002  6.75000e+002 -6.82189e+001  8.78190e+000  6.66250e+002
           676  6.77361e+002  6.76000e+002 -6.79365e+001  8.78187e+000  6.66333e+002
           677  6.77450e+002  6.77000e+002 -6.76452e+001  8.78186e+000  6.66417e+002
           678  6.77533e+002  6.78000e+002 -6.73656e+001  8.78185e+000  6.66500e+002
           679  6.77622e+002  6.79000e+002 -6.71222e+001  8.78183e+000  6.66583e+002
           680  6.77715e+002  6.80000e+002 -6.69103e+001  8.78179e+000  6.66667e+002
           681  6.77794e+002  6.81000e+002 -6.66902e+001  8.78176e+000  6.66750e+002
           682  6.77886e+002  6.82000e+002 -6.64865e+001  8.78172e+000  6.66833e+002
           683  6.77976e+002  6.83000e+002 -6.63021e+001  8.78167e+000  6.66917e+002
           684  6.78059e+002  6.84000e+002 -6.61543e+001  8.78160e+000  6.67000e+002
           685  6.78147e+002  6.85000e+002 -6.59871e+001  8.78154e+000  6.67083e+002
           686  6.78233e+002  6.86000e+002 -6.58223e+001  8.78147e+000  6.67167e+002
           687  6.78320e+002  6.87000e+002 -6.56626e+001  8.78139e+000  6.67250e+002
           688  6.78406e+002  6.88000e+002 -6.55467e+001  8.78131e+000  6.67333e+002
           689  6.78497e+002  6.89000e+002 -6.54060e+001  8.78124e+000  6.67417e+002
           690  6.78583e+002  6.90000e+002 -6.52734e+001  8.78118e+000  6.67500e+002
           691  6.78673e+002  6.91000e+002 -6.51436e+001  8.78112e+000  6.67583e+002
           692  6.78758e+002  6.92000e+002 -6.50664e+001  8.78110e+000  6.67667e+002
           693  6.78836e+002  6.93000e+002 -6.49593e+001  8.78107e+000  6.67750e+002
           694  6.78924e+002  6.94000e+002 -6.48450e+001  8.78106e+000  6.67833e+002
           695  6.79010e+002  6.95000e+002 -6.47407e+001  8.78106e+000  6.67917e+002
           696  6.79099e+002  6.96000e+002 -6.46813e+001  8.78111e+000  6.68000e+002
           697  6.79179e+002  6.97000e+002 -6.45984e+001  8.78116e+000  6.68083e+002
           698  6.79271e+002  6.98000e+002 -6.45100e+001  8.78121e+000  6.68167e+002
           699  6.79354e+002  6.99000e+002 -6.44156e+001  8.78128e+000  6.68250e+002
           700  6.79442e+002  7.00000e+002 -6.43667e+001  8.78138e+000  6.68333e+002
           701  6.79531e+002  7.01000e+002 -6.42983e+001  8.78146e+000  6.68417e+002
           702  6.79614e+002  7.02000e+002 -6.42236e+001  8.78153e+000  6.68500e+002
           703  6.79696e+002  7.03000e+002 -6.41566e+001  8.78161e+000  6.68583e+002
           704  6.79781e+002  7.04000e+002 -6.41228e+001  8.78166e+000  6.68667e+002
           705  6.79864e+002  7.05000e+002 -6.40642e+001  8.78170e+000  6.68750e+002
           706  6.79955e+002  7.06000e+002 -6.40020e+001  8.78173e+000  6.68833e+002
           707  6.80038e+002  7.07000e+002 -6.39413e+001  8.78175e+000  6.68917e+002
           708  6.80118e+002  7.08000e+002 -6.39461e+001  8.78172e+000  6.69000e+002
           709  6.80204e+002  7.09000e+002 -6.39189e+001  8.78170e+000  6.69083e+002
           710  6.80287e+002  7.10000e+002 -6.38853e+001  8.78167e+000  6.69167e+002
           711  6.80368e+002  7.11000e+002 -6.38511e+001  8.78164e+000  6.69250e+002
           712  6.80450e+002  7.12000e+002 -6.38367e+001  8.78157e+000  6.69333e+002
           713  6.80535e+002  7.13000e+002 -6.38137e+001  8.78151e+000  6.69417e+002
           714  6.80619e+002  7.14000e+002 -6.37901e+001  8.78145e+000  6.69500e+002
           715  6.80697e+002  7.15000e+002 -6.37673e+001  8.78140e+000  6.69583e+002
           716  6.80786e+002  7.16000e+002 -6.37561e+001  8.78133e+000  6.69667e+002
           717  6.80877e+002  7.17000e+002 -6.37400e+001  8.78125e+000  6.69750e+002
           718  6.80955e+002  7.18000e+002 -6.37219e+001  8.78118e+000  6.69833e+002
           719  6.81043e+002  7.19000e+002 -6.37036e+001  8.78111e+000  6.69917e+002
           720  6.81126e+002  7.20000e+002 -6.36944e+001  8.78105e+000  6.70000e+002
           721  6.81211e+002  7.21000e+002 -6.36808e+001  8.78099e+000  6.70083e+002
           722  6.81289e+002  7.22000e+002 -6.36670e+001  8.78093e+000  6.70167e+002
           723  6.81375e+002  7.23000e+002 -6.36536e+001  8.78088e+000  6.70250e+002
           724  6.81465e+002  7.24000e+002 -6.36461e+001  8.78085e+000  6.70333e+002
           725  6.81545e+002  7.25000e+002 -6.36347e+001  8.78082e+000  6.70417e+002
           726  6.81626e+002  7.26000e+002 -6.36213e+001  8.78079e+000  6.70500e+002
           727  6.81709e+002  7.27000e+002 -6.36077e+001  8.78078e+000  6.70583e+002
           728  6.81790e+002  7.28000e+002 -6.35949e+001  8.78078e+000  6.70667e+002
           729  6.81878e+002  7.29000e+002 -6.35851e+001  8.78082e+000  6.70750e+002
           730  6.81968e+002  7.30000e+002 -6.35735e+001  8.78085e+000  6.70833e+002
           731  6.82045e+002  7.31000e+002 -6.35615e+001  8.78089e+000  6.70917e+002
           732  6.82129e+002  7.32000e+002 -6.35495e+001  8.78093e+000  6.71000e+002
           733  6.82209e+002  7.33000e+002 -6.35385e+001  8.78100e+000  6.71083e+002
           734  6.82292e+002  7.34000e+002 -6.35277e+001  8.78105e+000  6.71167e+002
           735  6.82378e+002  7.35000e+002 -6.35171e+001  8.78109e+000  6.71250e+002
           736  6.82457e+002  7.36000e+002 -6.35063e+001  8.78114e+000  6.71333e+002
           737  6.82541e+002  7.37000e+002 -6.34963e+001  8.78118e+000  6.71417e+002
           738  6.82619e+002  7.38000e+002 -6.34873e+001  8.78122e+000  6.71500e+002
           739  6.82703e+002  7.39000e+002 -6.34791e+001  8.78125e+000  6.71583e+002
           740  6.82795e+002  7.40000e+002 -6.34718e+001  8.78128e+000  6.71667e+002
           741  6.82875e+002  7.41000e+002 -6.34656e+001  8.78130e+000  6.71750e+002
           742  6.82961e+002  7.42000e+002 -6.34590e+001  8.78132e+000  6.71833e+002
           743  6.83041e+002  7.43000e+002 -6.34526e+001  8.78133e+000  6.71917e+002
           744  6.83126e+002  7.44000e+002 -6.34463e+001  8.78134e+000  6.72000e+002
           745  6.83207e+002  7.45000e+002 -6.34444e+001  8.78132e+000  6.72083e+002
           746  6.83285e+002  7.46000e+002 -6.34415e+001  8.78131e+000  6.72167e+002
           747  6.83367e+002  7.47000e+002 -6.34392e+001  8.78129e+000  6.72250e+002
           748  6.83455e+002  7.48000e+002 -6.34368e+001  8.78126e+000  6.72333e+002
           749  6.83539e+002  7.49000e+002 -6.34387e+001  8.78122e+000  6.72417e+002
           750  6.83617e+002  7.50000e+002 -6.34384e+001  8.78118e+000  6.72500e+002
           751  6.83703e+002  7.51000e+002 -6.34380e+001  8.78114e+000  6.72583e+002
           752  6.83787e+002  7.52000e+002 -6.34385e+001  8.78109e+000  6.72667e+002
           753  6.83869e+002  7.53000e+002 -6.34431e+001  8.78104e+000  6.72750e+002
           754  6.83949e+002  7.54000e+002 -6.34460e+001  8.78100e+000  6.72833e+002
           755  6.84033e+002  7.55000e+002 -6.34483e+001  8.78096e+000  6.72917e+002
           756  6.84117e+002  7.56000e+002 -6.34503e+001  8.78092e+000  6.73000e+002
           757  6.84192e+002  7.57000e+002 -6.34529e+001  8.78090e+000  6.73083e+002
           758  6.84278e+002  7.58000e+002 -6.34533e+001  8.78087e+000  6.73167e+002
           759  6.84365e+002  7.59000e+002 -6.34533e+001  8.78085e+000  6.73250e+002
           760  6.84445e+002  7.60000e+002 -6.34539e+001  8.78083e+000  6.73333e+002
           761  6.84530e+002  7.61000e+002 -6.34551e+001  8.78082e+000  6.73417e+002
           762  6.84608e+002  7.62000e+002 -6.34559e+001  8.78081e+000  6.73500e+002
           763  6.84695e+002  7.63000e+002 -6.34564e+001  8.78079e+000  6.73583e+002
           764  6.84779e+002  7.64000e+002 -6.34573e+001  8.78078e+000  6.73667e+002
           765  6.84862e+002  7.65000e+002 -6.34523e+001  8.78077e+000  6.73750e+002
           766  6.84943e+002  7.66000e+002 -6.34491e+001  8.78076e+000  6.73833e+002
           767  6.85026e+002  7.67000e+002 -6.34469e+001  8.78074e+000  6.73917e+002
           768  6.85108e+002  7.68000e+002 -6.34454e+001  8.78074e+000  6.74000e+002
           769  6.85189e+002  7.69000e+002 -6.34447e+001  8.78074e+000  6.74083e+002
           770  6.85266e+002  7.70000e+002 -6.34424e+001  8.78074e+000  6.74167e+002
           771  6.85355e+002  7.71000e+002 -6.34404e+001  8.78076e+000  6.74250e+002
           772  6.85434e+002  7.72000e+002 -6.34384e+001  8.78079e+000  6.74333e+002
           773  6.85519e+002  7.73000e+002 -6.34352e+001  8.78086e+000  6.74417e+002
           774  6.85606e+002  7.74000e+002 -6.34347e+001  8.78091e+000  6.74500e+002
           775  6.85694e+002  7.75000e+002 -6.34348e+001  8.78096e+000  6.74583e+002
           776  6.85770e+002  7.76000e+002 -6.34347e+001  8.78101e+000  6.74667e+002
           777  6.85850e+002  7.77000e+002 -6.34346e+001  8.78106e+000  6.74750e+002
           778  6.85930e+002  7.78000e+002 -6.34333e+001  8.78110e+000  6.74833e+002
           779  6.86011e+002  7.79000e+002 -6.34313e+001  8.78112e+000  6.74917e+002
           780  6.86093e+002  7.80000e+002 -6.34293e+001  8.78113e+000  6.75000e+002
           781  6.86184e+002  7.81000e+002 -6.34299e+001  8.78109e+000  6.75083e+002
           782  6.86263e+002  7.82000e+002 -6.34294e+001  8.78105e+000  6.75167e+002
           783  6.86343e+002  7.83000e+002 -6.34291e+001  8.78100e+000  6.75250e+002
           784  6.86425e+002  7.84000e+002 -6.34288e+001  8.78094e+000  6.75333e+002
           785  6.86509e+002  7.85000e+002 -6.34269e+001  8.78085e+000  6.75417e+002
           786  6.86593e+002  7.86000e+002 -6.34263e+001  8.78078e+000  6.75500e+002
           787  6.86674e+002  7.87000e+002 -6.34264e+001  8.78071e+000  6.75583e+002
           788  6.86760e+002  7.88000e+002 -6.34266e+001  8.78064e+000  6.75667e+002
           789  6.86841e+002  7.89000e+002 -6.34263e+001  8.78058e+000  6.75750e+002
           790  6.86922e+002  7.90000e+002 -6.34252e+001  8.78052e+000  6.75833e+002
           791  6.87010e+002  7.91000e+002 -6.34241e+001  8.78047e+000  6.75917e+002
           792  6.87091e+002  7.92000e+002 -6.34231e+001  8.78041e+000  6.76000e+002
           793  6.87170e+002  7.93000e+002 -6.34243e+001  8.78037e+000  6.76083e+002
           794  6.87253e+002  7.94000e+002 -6.34241e+001  8.78033e+000  6.76167e+002
           795  6.87332e+002  7.95000e+002 -6.34232e+001  8.78029e+000  6.76250e+002
           796  6.87412e+002  7.96000e+002 -6.34209e+001  8.78026e+000  6.76333e+002
           797  6.87496e+002  7.97000e+002 -6.34181e+001  8.78023e+000  6.76417e+002
           798  6.87578e+002  7.98000e+002 -6.34136e+001  8.78022e+000  6.76500e+002
           799  6.87665e+002  7.99000e+002 -6.34112e+001  8.78021e+000  6.76583e+002
           800  6.87747e+002  8.00000e+002 -6.34086e+001  8.78021e+000  6.76667e+002
           801  6.87826e+002  8.01000e+002 -6.34058e+001  8.78021e+000  6.76750e+002
           802  6.87906e+002  8.02000e+002 -6.34019e+001  8.78023e+000  6.76833e+002
           803  6.87986e+002  8.03000e+002 -6.33983e+001  8.78024e+000  6.76917e+002
           804  6.88065e+002  8.04000e+002 -6.33944e+001  8.78025e+000  6.77000e+002
           805  6.88150e+002  8.05000e+002 -6.33896e+001  8.78026e+000  6.77083e+002
           806  6.88234e+002  8.06000e+002 -6.33830e+001  8.78028e+000  6.77167e+002
           807  6.88316e+002  8.07000e+002 -6.33777e+001  8.78031e+000  6.77250e+002
           808  6.88402e+002  8.08000e+002 -6.33730e+001  8.78035e+000  6.77333e+002
           809  6.88480e+002  8.09000e+002 -6.33687e+001  8.78040e+000  6.77417e+002
           810  6.88569e+002  8.10000e+002 -6.33621e+001  8.78047e+000  6.77500e+002
           811  6.88647e+002  8.11000e+002 -6.33562e+001  8.78054e+000  6.77583e+002
           812  6.88727e+002  8.12000e+002 -6.33505e+001  8.78061e+000  6.77667e+002
           813  6.88806e+002  8.13000e+002 -6.33449e+001  8.78067e+000  6.77750e+002
           814  6.88895e+002  8.14000e+002 -6.33375e+001  8.78073e+000  6.77833e+002
           815  6.88971e+002  8.15000e+002 -6.33324e+001  8.78077e+000  6.77917e+002
           816  6.89052e+002  8.16000e+002 -6.33282e+001  8.78081e+000  6.78000e+002
           817  6.89136e+002  8.17000e+002 -6.33236e+001  8.78084e+000  6.78083e+002
           818  6.89222e+002  8.18000e+002 -6.33194e+001  8.78082e+000  6.78167e+002
           819  6.89301e+002  8.19000e+002 -6.33155e+001  8.78082e+000  6.78250e+002
           820  6.89388e+002  8.20000e+002 -6.33111e+001  8.78082e+000  6.78333e+002
           821  6.89469e+002  8.21000e+002 -6.33073e+001  8.78080e+000  6.78417e+002
           822  6.89554e+002  8.22000e+002 -6.33045e+001  8.78076e+000  6.78500e+002
           823  6.89633e+002  8.23000e+002 -6.33003e+001  8.78072e+000  6.78583e+002
           824  6.89717e+002  8.24000e+002 -6.32962e+001  8.78068e+000  6.78667e+002
           825  6.89795e+002  8.25000e+002 -6.32921e+001  8.78064e+000  6.78750e+002
           826  6.89877e+002  8.26000e+002 -6.32896e+001  8.78059e+000  6.78833e+002
           827  6.89963e+002  8.27000e+002 -6.32873e+001  8.78055e+000  6.78917e+002
           828  6.90048e+002  8.28000e+002 -6.32851e+001  8.78051e+000  6.79000e+002
           829  6.90125e+002  8.29000e+002 -6.32829e+001  8.78048e+000  6.79083e+002
           830  6.90208e+002  8.30000e+002 -6.32822e+001  8.78047e+000  6.79167e+002
           831  6.90297e+002  8.31000e+002 -6.32815e+001  8.78046e+000  6.79250e+002
           832  6.90378e+002  8.32000e+002 -6.32812e+001  8.78045e+000  6.79333e+002
           833  6.90457e+002  8.33000e+002 -6.32812e+001  8.78045e+000  6.79417e+002
           834  6.90539e+002  8.34000e+002 -6.32812e+001  8.78047e+000  6.79500e+002
           835  6.90616e+002  8.35000e+002 -6.32800e+001  8.78048e+000  6.79583e+002
           836  6.90701e+002  8.36000e+002 -6.32789e+001  8.78049e+000  6.79667e+002
           837  6.90783e+002  8.37000e+002 -6.32775e+001  8.78050e+000  6.79750e+002
           838  6.90862e+002  8.38000e+002 -6.32788e+001  8.78051e+000  6.79833e+002
           839  6.90948e+002  8.39000e+002 -6.32792e+001  8.78050e+000  6.79917e+002
           840  6.91028e+002  8.40000e+002 -6.32787e+001  8.78049e+000  6.80000e+002
           841  6.91114e+002  8.41000e+002 -6.32772e+001  8.78047e+000  6.80083e+002
           842  6.91194e+002  8.42000e+002 -6.32749e+001  8.78043e+000  6.80167e+002
           843  6.91279e+002  8.43000e+002 -6.32725e+001  8.78040e+000  6.80250e+002
           844  6.91359e+002  8.44000e+002 -6.32704e+001  8.78036e+000  6.80333e+002
           845  6.91440e+002  8.45000e+002 -6.32691e+001  8.78033e+000  6.80417e+002
           846  6.91527e+002  8.46000e+002 -6.32671e+001  8.78029e+000  6.80500e+002
           847  6.91604e+002  8.47000e+002 -6.32639e+001  8.78026e+000  6.80583e+002
           848  6.91687e+002  8.48000e+002 -6.32606e+001  8.78024e+000  6.80667e+002
           849  6.91767e+002  8.49000e+002 -6.32588e+001  8.78021e+000  6.80750e+002
           850  6.91852e+002  8.50000e+002 -6.32511e+001  8.78021e+000  6.80833e+002
           851  6.91936e+002  8.51000e+002 -6.32444e+001  8.78020e+000  6.80917e+002
           852  6.92016e+002  8.52000e+002 -6.32389e+001  8.78020e+000  6.81000e+002
           853  6.92100e+002  8.53000e+002 -6.32346e+001  8.78021e+000  6.81083e+002
           854  6.92177e+002  8.54000e+002 -6.32295e+001  8.78024e+000  6.81167e+002
           855  6.92265e+002  8.55000e+002 -6.32243e+001  8.78026e+000  6.81250e+002
           856  6.92346e+002  8.56000e+002 -6.32204e+001  8.78029e+000  6.81333e+002
           857  6.92427e+002  8.57000e+002 -6.32179e+001  8.78031e+000  6.81417e+002
           858  6.92511e+002  8.58000e+002 -6.32138e+001  8.78033e+000  6.81500e+002
           859  6.92593e+002  8.59000e+002 -6.32103e+001  8.78035e+000  6.81583e+002
           860  6.92674e+002  8.60000e+002 -6.32072e+001  8.78037e+000  6.81667e+002
           861  6.92758e+002  8.61000e+002 -6.32044e+001  8.78038e+000  6.81750e+002
           862  6.92841e+002  8.62000e+002 -6.32041e+001  8.78039e+000  6.81833e+002
           863  6.92917e+002  8.63000e+002 -6.32019e+001  8.78039e+000  6.81917e+002
           864  6.93004e+002  8.64000e+002 -6.31988e+001  8.78040e+000  6.82000e+002
           865  6.93080e+002  8.65000e+002 -6.31958e+001  8.78040e+000  6.82083e+002
           866  6.93158e+002  8.66000e+002 -6.31954e+001  8.78040e+000  6.82167e+002
           867  6.93245e+002  8.67000e+002 -6.31937e+001  8.78040e+000  6.82250e+002
           868  6.93331e+002  8.68000e+002 -6.31918e+001  8.78040e+000  6.82333e+002
           869  6.93413e+002  8.69000e+002 -6.31902e+001  8.78039e+000  6.82417e+002
           870  6.93497e+002  8.70000e+002 -6.31856e+001  8.78037e+000  6.82500e+002
           871  6.93581e+002  8.71000e+002 -6.31836e+001  8.78036e+000  6.82583e+002
           872  6.93656e+002  8.72000e+002 -6.31825e+001  8.78034e+000  6.82667e+002
           873  6.93737e+002  8.73000e+002 -6.31806e+001  8.78032e+000  6.82750e+002
           874  6.93819e+002  8.74000e+002 -6.31806e+001  8.78030e+000  6.82833e+002
           875  6.93904e+002  8.75000e+002 -6.31791e+001  8.78028e+000  6.82917e+002
           876  6.93985e+002  8.76000e+002 -6.31770e+001  8.78026e+000  6.83000e+002
           877  6.94069e+002  8.77000e+002 -6.31745e+001  8.78025e+000  6.83083e+002
           878  6.94151e+002  8.78000e+002 -6.31733e+001  8.78023e+000  6.83167e+002
           879  6.94236e+002  8.79000e+002 -6.31704e+001  8.78022e+000  6.83250e+002
           880  6.94310e+002  8.80000e+002 -6.31678e+001  8.78021e+000  6.83333e+002
           881  6.94390e+002  8.81000e+002 -6.31668e+001  8.78020e+000  6.83417e+002
           882  6.94480e+002  8.82000e+002 -6.31626e+001  8.78019e+000  6.83500e+002
           883  6.94561e+002  8.83000e+002 -6.31591e+001  8.78019e+000  6.83583e+002
           884  6.94645e+002  8.84000e+002 -6.31554e+001  8.78018e+000  6.83667e+002
           885  6.94720e+002  8.85000e+002 -6.31523e+001  8.78018e+000  6.83750e+002
           886  6.94801e+002  8.86000e+002 -6.31482e+001  8.78019e+000  6.83833e+002
           887  6.94886e+002  8.87000e+002 -6.31446e+001  8.78019e+000  6.83917e+002
           888  6.94971e+002  8.88000e+002 -6.31408e+001  8.78020e+000  6.84000e+002
           889  6.95048e+002  8.89000e+002 -6.31371e+001  8.78021e+000  6.84083e+002
           890  6.95132e+002  8.90000e+002 -6.31342e+001  8.78022e+000  6.84167e+002
           891  6.95209e+002  8.91000e+002 -6.31297e+001  8.78023e+000  6.84250e+002
           892  6.95290e+002  8.92000e+002 -6.31264e+001  8.78023e+000  6.84333e+002
           893  6.95372e+002  8.93000e+002 -6.31228e+001  8.78023e+000  6.84417e+002
           894  6.95453e+002  8.94000e+002 -6.31177e+001  8.78022e+000  6.84500e+002
           895  6.95536e+002  8.95000e+002 -6.31145e+001  8.78019e+000  6.84583e+002
           896  6.95613e+002  8.96000e+002 -6.31111e+001  8.78017e+000  6.84667e+002
           897  6.95703e+002  8.97000e+002 -6.31073e+001  8.78015e+000  6.84750e+002
           898  6.95785e+002  8.98000e+002 -6.31036e+001  8.78013e+000  6.84833e+002
           899  6.95866e+002  8.99000e+002 -6.31012e+001  8.78012e+000  6.84917e+002
           900  6.95947e+002  9.00000e+002 -6.30977e+001  8.78011e+000  6.85000e+002
           901  6.96029e+002  9.01000e+002 -6.30934e+001  8.78010e+000  6.85083e+002
           902  6.96111e+002  9.02000e+002 -6.30887e+001  8.78010e+000  6.85167e+002
           903  6.96191e+002  9.03000e+002 -6.30835e+001  8.78011e+000  6.85250e+002
           904  6.96272e+002  9.04000e+002 -6.30795e+001  8.78012e+000  6.85333e+002
           905  6.96356e+002  9.05000e+002 -6.30758e+001  8.78013e+000  6.85417e+002
           906  6.96436e+002  9.06000e+002 -6.30714e+001  8.78014e+000  6.85500e+002
           907  6.96521e+002  9.07000e+002 -6.30694e+001  8.78016e+000  6.85583e+002
           908  6.96601e+002  9.08000e+002 -6.30660e+001  8.78017e+000  6.85667e+002
           909  6.96685e+002  9.09000e+002 -6.30623e+001  8.78019e+000  6.85750e+002
           910  6.96767e+002  9.10000e+002 -6.30584e+001  8.78020e+000  6.85833e+002
           911  6.96852e+002  9.11000e+002 -6.30555e+001  8.78022e+000  6.85917e+002
           912  6.96934e+002  9.12000e+002 -6.30527e+001  8.78023e+000  6.86000e+002
           913  6.97016e+002  9.13000e+002 -6.30505e+001  8.78024e+000  6.86083e+002
           914  6.97098e+002  9.14000e+002 -6.30476e+001  8.78024e+000  6.86167e+002
           915  6.97184e+002  9.15000e+002 -6.30472e+001  8.78024e+000  6.86250e+002
           916  6.97255e+002  9.16000e+002 -6.30458e+001  8.78024e+000  6.86333e+002
           917  6.97338e+002  9.17000e+002 -6.30435e+001  8.78024e+000  6.86417e+002
           918  6.97424e+002  9.18000e+002 -6.30400e+001  8.78025e+000  6.86500e+002
           919  6.97506e+002  9.19000e+002 -6.30400e+001  8.78025e+000  6.86583e+002
           920  6.97586e+002  9.20000e+002 -6.30389e+001  8.78025e+000  6.86667e+002
           921  6.97669e+002  9.21000e+002 -6.30378e+001  8.78024e+000  6.86750e+002
           922  6.97752e+002  9.22000e+002 -6.30365e+001  8.78024e+000  6.86833e+002
           923  6.97828e+002  9.23000e+002 -6.30352e+001  8.78021e+000  6.86917e+002
           924  6.97912e+002  9.24000e+002 -6.30334e+001  8.78018e+000  6.87000e+002
           925  6.97997e+002  9.25000e+002 -6.30313e+001  8.78015e+000  6.87083e+002
           926  6.98072e+002  9.26000e+002 -6.30290e+001  8.78012e+000  6.87167e+002
           927  6.98160e+002  9.27000e+002 -6.30269e+001  8.78008e+000  6.87250e+002
           928  6.98239e+002  9.28000e+002 -6.30244e+001  8.78005e+000  6.87333e+002
           929  6.98319e+002  9.29000e+002 -6.30228e+001  8.78002e+000  6.87417e+002
           930  6.98401e+002  9.30000e+002 -6.30221e+001  8.77999e+000  6.87500e+002
           931  6.98488e+002  9.31000e+002 -6.30205e+001  8.77999e+000  6.87583e+002
           932  6.98567e+002  9.32000e+002 -6.30183e+001  8.77999e+000  6.87667e+002
           933  6.98647e+002  9.33000e+002 -6.30164e+001  8.77999e+000  6.87750e+002
           934  6.98708e+002  9.34000e+002 -6.30150e+001  8.77999e+000  6.87833e+002
           935  6.98793e+002  9.35000e+002 -6.30131e+001  8.78001e+000  6.87917e+002
           936  6.98886e+002  9.36000e+002 -6.30122e+001  8.78002e+000  6.88000e+002
           937  6.98968e+002  9.37000e+002 -6.30127e+001  8.78002e+000  6.88083e+002
           938  6.99055e+002  9.38000e+002 -6.30124e+001  8.78002e+000  6.88167e+002
           939  6.99136e+002  9.39000e+002 -6.30132e+001  8.78002e+000  6.88250e+002
           940  6.99220e+002  9.40000e+002 -6.30128e+001  8.78002e+000  6.88333e+002
           941  6.99303e+002  9.41000e+002 -6.30119e+001  8.78002e+000  6.88417e+002
           942  6.99373e+002  9.42000e+002 -6.30108e+001  8.78002e+000  6.88500e+002
           943  6.99451e+002  9.43000e+002 -6.30120e+001  8.78002e+000  6.88583e+002
           944  6.99539e+002  9.44000e+002 -6.30114e+001  8.78001e+000  6.88667e+002
           945  6.99614e+002  9.45000e+002 -6.30096e+001  8.78000e+000  6.88750e+002
           946  6.99707e+002  9.46000e+002 -6.30075e+001  8.77998e+000  6.88833e+002
           947  6.99774e+002  9.47000e+002 -6.30028e+001  8.77995e+000  6.88917e+002
           948  6.99869e+002  9.48000e+002 -6.29992e+001  8.77993e+000  6.89000e+002
           949  6.99948e+002  9.49000e+002 -6.29958e+001  8.77991e+000  6.89083e+002
           950  7.00023e+002  9.50000e+002 -6.29927e+001  8.77989e+000  6.89167e+002
           951  7.00099e+002  9.51000e+002 -6.29863e+001  8.77989e+000  6.89250e+002
           952  7.00195e+002  9.52000e+002 -6.29798e+001  8.77989e+000  6.89333e+002
           953  7.00277e+002  9.53000e+002 -6.29725e+001  8.77989e+000  6.89417e+002
           954  7.00365e+002  9.54000e+002 -6.29654e+001  8.77990e+000  6.89500e+002
           955  7.00449e+002  9.55000e+002 -6.29568e+001  8.77992e+000  6.89583e+002
           956  7.00534e+002  9.56000e+002 -6.29500e+001  8.77994e+000  6.89667e+002
           957  7.00610e+002  9.57000e+002 -6.29432e+001  8.77997e+000  6.89750e+002
           958  7.00692e+002  9.58000e+002 -6.29372e+001  8.78000e+000  6.89833e+002
           959  7.00774e+002  9.59000e+002 -6.29315e+001  8.78004e+000  6.89917e+002
           960  7.00850e+002  9.60000e+002 -6.29248e+001  8.78011e+000  6.90000e+002
           961  7.00939e+002  9.61000e+002 -6.29196e+001  8.78016e+000  6.90083e+002
           962  7.01023e+002  9.62000e+002 -6.29160e+001  8.78022e+000  6.90167e+002
           963  7.01098e+002  9.63000e+002 -6.29131e+001  8.78028e+000  6.90250e+002
           964  7.01183e+002  9.64000e+002 -6.29153e+001  8.78035e+000  6.90333e+002
           965  7.01264e+002  9.65000e+002 -6.29150e+001  8.78041e+000  6.90417e+002
           966  7.01355e+002  9.66000e+002 -6.29138e+001  8.78046e+000  6.90500e+002
           967  7.01430e+002  9.67000e+002 -6.29122e+001  8.78050e+000  6.90583e+002
           968  7.01514e+002  9.68000e+002 -6.29145e+001  8.78051e+000  6.90667e+002
           969  7.01597e+002  9.69000e+002 -6.29145e+001  8.78049e+000  6.90750e+002
           970  7.01676e+002  9.70000e+002 -6.29142e+001  8.78047e+000  6.90833e+002
           971  7.01756e+002  9.71000e+002 -6.29144e+001  8.78042e+000  6.90917e+002
           972  7.01834e+002  9.72000e+002 -6.29152e+001  8.78030e+000  6.91000e+002
           973  7.01912e+002  9.73000e+002 -6.29149e+001  8.78021e+000  6.91083e+002
           974  7.01998e+002  9.74000e+002 -6.29137e+001  8.78012e+000  6.91167e+002
           975  7.02082e+002  9.75000e+002 -6.29127e+001  8.78003e+000  6.91250e+002
           976  7.02166e+002  9.76000e+002 -6.29100e+001  8.77992e+000  6.91333e+002
           977  7.02245e+002  9.77000e+002 -6.29091e+001  8.77984e+000  6.91417e+002
           978  7.02324e+002  9.78000e+002 -6.29084e+001  8.77977e+000  6.91500e+002
           979  7.02411e+002  9.79000e+002 -6.29084e+001  8.77971e+000  6.91583e+002
           980  7.02494e+002  9.80000e+002 -6.29058e+001  8.77970e+000  6.91667e+002
           981  7.02570e+002  9.81000e+002 -6.29026e+001  8.77969e+000  6.91750e+002
           982  7.02649e+002  9.82000e+002 -6.28989e+001  8.77969e+000  6.91833e+002
           983  7.02739e+002  9.83000e+002 -6.28944e+001  8.77970e+000  6.91917e+002
           984  7.02818e+002  9.84000e+002 -6.28912e+001  8.77975e+000  6.92000e+002
           985  7.02897e+002  9.85000e+002 -6.28868e+001  8.77979e+000  6.92083e+002
           986  7.02980e+002  9.86000e+002 -6.28810e+001  8.77983e+000  6.92167e+002
           987  7.03069e+002  9.87000e+002 -6.28744e+001  8.77987e+000  6.92250e+002
           988  7.03141e+002  9.88000e+002 -6.28648e+001  8.77992e+000  6.92333e+002
           989  7.03226e+002  9.89000e+002 -6.28568e+001  8.77995e+000  6.92417e+002
           990  7.03307e+002  9.90000e+002 -6.28484e+001  8.77999e+000  6.92500e+002
           991  7.03395e+002  9.91000e+002 -6.28401e+001  8.78002e+000  6.92583e+002
           992  7.03478e+002  9.92000e+002 -6.28300e+001  8.78004e+000  6.92667e+002
           993  7.03554e+002  9.93000e+002 -6.28217e+001  8.78006e+000  6.92750e+002
           994  7.03639e+002  9.94000e+002 -6.28151e+001  8.78009e+000  6.92833e+002
           995  7.03721e+002  9.95000e+002 -6.28089e+001  8.78012e+000  6.92917e+002
           996  7.03806e+002  9.96000e+002 -6.28018e+001  8.78016e+000  6.93000e+002
           997  7.03884e+002  9.97000e+002 -6.27972e+001  8.78020e+000  6.93083e+002
           998  7.03965e+002  9.98000e+002 -6.27925e+001  8.78024e+000  6.93167e+002
           999  7.04047e+002  9.99000e+002 -6.27875e+001  8.78028e+000  6.93250e+002
          1000  7.04128e+002  1.00000e+003 -6.27894e+001  8.78032e+000  6.93333e+002
          1001  7.04212e+002  1.00100e+003 -6.27884e+001  8.78035e+000  6.93417e+002
          1002  7.04295e+002  1.00200e+003 -6.27870e+001  8.78036e+000  6.93500e+002
          1003  7.04375e+002  1.00300e+003 -6.27857e+001  8.78036e+000  6.93583e+002
          1004  7.04460e+002  1.00400e+003 -6.27895e+001  8.78032e+000  6.93667e+002
          1005  7.04536e+002  1.00500e+003 -6.27904e+001  8.78028e+000  6.93750e+002
          1006  7.04614e+002  1.00600e+003 -6.27918e+001  8.78024e+000  6.93833e+002
          1007  7.04697e+002  1.00700e+003 -6.27930e+001  8.78019e+000  6.93917e+002
          1008  7.04778e+002  1.00800e+003 -6.27955e+001  8.78010e+000  6.94000e+002
          1009  7.04864e+002  1.00900e+003 -6.27966e+001  8.78004e+000  6.94083e+002
          1010  7.04946e+002  1.01000e+003 -6.27970e+001  8.77998e+000  6.94167e+002
          1011  7.05032e+002  1.01100e+003 -6.27982e+001  8.77993e+000  6.94250e+002
          1012  7.05115e+002  1.01200e+003 -6.27995e+001  8.77989e+000  6.94333e+002
          1013  7.05187e+002  1.01300e+003 -6.27999e+001  8.77985e+000  6.94417e+002
          1014  7.05273e+002  1.01400e+003 -6.27998e+001  8.77982e+000  6.94500e+002
          1015  7.05358e+002  1.01500e+003 -6.27999e+001  8.77979e+000  6.94583e+002
          1016  7.05437e+002  1.01600e+003 -6.27976e+001  8.77978e+000  6.94667e+002
          1017  7.05520e+002  1.01700e+003 -6.27961e+001  8.77977e+000  6.94750e+002
          1018  7.05596e+002  1.01800e+003 -6.27935e+001  8.77975e+000  6.94833e+002
          1019  7.05683e+002  1.01900e+003 -6.27897e+001  8.77975e+000  6.94917e+002
          1020  7.05756e+002  1.02000e+003 -6.27845e+001  8.77975e+000  6.95000e+002
          1021  7.05841e+002  1.02100e+003 -6.27801e+001  8.77975e+000  6.95083e+002
          1022  7.05921e+002  1.02200e+003 -6.27743e+001  8.77976e+000  6.95167e+002
          1023  7.05998e+002  1.02300e+003 -6.27662e+001  8.77977e+000  6.95250e+002
          1024  7.06084e+002  1.02400e+003 -6.27544e+001  8.77980e+000  6.95333e+002
          1025  7.06163e+002  1.02500e+003 -6.27446e+001  8.77982e+000  6.95417e+002
          1026  7.06245e+002  1.02600e+003 -6.27339e+001  8.77985e+000  6.95500e+002
          1027  7.06329e+002  1.02700e+003 -6.27225e+001  8.77989e+000  6.95583e+002
          1028  7.06409e+002  1.02800e+003 -6.27066e+001  8.77995e+000  6.95667e+002
          1029  7.06492e+002  1.02900e+003 -6.26973e+001  8.78001e+000  6.95750e+002
          1030  7.06576e+002  1.03000e+003 -6.26912e+001  8.78007e+000  6.95833e+002
          1031  7.06654e+002  1.03100e+003 -6.26863e+001  8.78015e+000  6.95917e+002
          1032  7.06734e+002  1.03200e+003 -6.26787e+001  8.78026e+000  6.96000e+002
          1033  7.06822e+002  1.03300e+003 -6.26739e+001  8.78038e+000  6.96083e+002
          1034  7.06908e+002  1.03400e+003 -6.26701e+001  8.78050e+000  6.96167e+002
          1035  7.06989e+002  1.03500e+003 -6.26677e+001  8.78061e+000  6.96250e+002
          1036  7.07068e+002  1.03600e+003 -6.26758e+001  8.78072e+000  6.96333e+002
          1037  7.07155e+002  1.03700e+003 -6.26779e+001  8.78077e+000  6.96417e+002
          1038  7.07236e+002  1.03800e+003 -6.26792e+001  8.78076e+000  6.96500e+002
          1039  7.07316e+002  1.03900e+003 -6.26812e+001  8.78072e+000  6.96583e+002
          1040  7.07402e+002  1.04000e+003 -6.26932e+001  8.78052e+000  6.96667e+002
          1041  7.07479e+002  1.04100e+003 -6.26989e+001  8.78036e+000  6.96750e+002
          1042  7.07552e+002  1.04200e+003 -6.27020e+001  8.78020e+000  6.96833e+002
          1043  7.07632e+002  1.04300e+003 -6.27037e+001  8.78004e+000  6.96917e+002
          1044  7.07718e+002  1.04400e+003 -6.27068e+001  8.77984e+000  6.97000e+002
          1045  7.07802e+002  1.04500e+003 -6.27072e+001  8.77972e+000  6.97083e+002
          1046  7.07887e+002  1.04600e+003 -6.27062e+001  8.77963e+000  6.97167e+002
          1047  7.07970e+002  1.04700e+003 -6.27035e+001  8.77957e+000  6.97250e+002
          1048  7.08050e+002  1.04800e+003 -6.26972e+001  8.77963e+000  6.97333e+002
          1049  7.08132e+002  1.04900e+003 -6.26928e+001  8.77965e+000  6.97417e+002
          1050  7.08218e+002  1.05000e+003 -6.26883e+001  8.77967e+000  6.97500e+002
          1051  7.08292e+002  1.05100e+003 -6.26836e+001  8.77970e+000  6.97583e+002
          1052  7.08374e+002  1.05200e+003 -6.26792e+001  8.77974e+000  6.97667e+002
          1053  7.08455e+002  1.05300e+003 -6.26639e+001  8.77981e+000  6.97750e+002
          1054  7.08541e+002  1.05400e+003 -6.26546e+001  8.77987e+000  6.97833e+002
          1055  7.08625e+002  1.05500e+003 -6.26468e+001  8.77994e+000  6.97917e+002
          1056  7.08711e+002  1.05600e+003 -6.26397e+001  8.78001e+000  6.98000e+002
          1057  7.08789e+002  1.05700e+003 -6.26322e+001  8.78008e+000  6.98083e+002
          1058  7.08871e+002  1.05800e+003 -6.26258e+001  8.78014e+000  6.98167e+002
          1059  7.08953e+002  1.05900e+003 -6.26191e+001  8.78018e+000  6.98250e+002
          1060  7.09039e+002  1.06000e+003 -6.26119e+001  8.78022e+000  6.98333e+002
          1061  7.09112e+002  1.06100e+003 -6.26066e+001  8.78021e+000  6.98417e+002
          1062  7.09198e+002  1.06200e+003 -6.25999e+001  8.78021e+000  6.98500e+002
          1063  7.09286e+002  1.06300e+003 -6.25936e+001  8.78021e+000  6.98583e+002
          1064  7.09370e+002  1.06400e+003 -6.25881e+001  8.78021e+000  6.98667e+002
          1065  7.09445e+002  1.06500e+003 -6.25853e+001  8.78018e+000  6.98750e+002
          1066  7.09526e+002  1.06600e+003 -6.25808e+001  8.78016e+000  6.98833e+002
          1067  7.09599e+002  1.06700e+003 -6.25765e+001  8.78015e+000  6.98917e+002
          1068  7.09687e+002  1.06800e+003 -6.25718e+001  8.78014e+000  6.99000e+002
          1069  7.09773e+002  1.06900e+003 -6.25676e+001  8.78015e+000  6.99083e+002
          1070  7.09857e+002  1.07000e+003 -6.25632e+001  8.78016e+000  6.99167e+002
          1071  7.09932e+002  1.07100e+003 -6.25571e+001  8.78016e+000  6.99250e+002
          1072  7.10014e+002  1.07200e+003 -6.25470e+001  8.78017e+000  6.99333e+002
          1073  7.10095e+002  1.07300e+003 -6.25406e+001  8.78018e+000  6.99417e+002
          1074  7.10178e+002  1.07400e+003 -6.25312e+001  8.78018e+000  6.99500e+002
          1075  7.10266e+002  1.07500e+003 -6.25240e+001  8.78017e+000  6.99583e+002
          1076  7.10349e+002  1.07600e+003 -6.25171e+001  8.78017e+000  6.99667e+002
          1077  7.10432e+002  1.07700e+003 -6.25038e+001  8.78015e+000  6.99750e+002
          1078  7.10517e+002  1.07800e+003 -6.24935e+001  8.78013e+000  6.99833e+002
          1079  7.10596e+002  1.07900e+003 -6.24836e+001  8.78011e+000  6.99917e+002
]4[Al RR Ar 50ml/min tot method calib
