         Index            Ts             t            HF        Weight            Tr
           [#]          [°C]           [s]          [mW]          [mg]          [°C]
             0  8.41465e+001  0.00000e+000 -1.89531e+001  1.30959e+001  5.00000e+001
             1  8.39814e+001  1.00000e+000 -1.95243e+001  1.30963e+001  5.08333e+001
             2  8.39387e+001  2.00000e+000 -1.96027e+001  1.30967e+001  5.16667e+001
             3  8.39231e+001  3.00000e+000 -1.95535e+001  1.30972e+001  5.25000e+001
             4  8.39226e+001  4.00000e+000 -1.94083e+001  1.30982e+001  5.33333e+001
             5  8.39484e+001  5.00000e+000 -1.92581e+001  1.30994e+001  5.41667e+001
             6  8.39956e+001  6.00000e+000 -1.90674e+001  1.31010e+001  5.50000e+001
             7  8.40781e+001  7.00000e+000 -1.88112e+001  1.31029e+001  5.58333e+001
             8  8.41871e+001  8.00000e+000 -1.84056e+001  1.31059e+001  5.66667e+001
             9  8.43273e+001  9.00000e+000 -1.80562e+001  1.31089e+001  5.75000e+001
            10  8.45023e+001  1.00000e+001 -1.77293e+001  1.31122e+001  5.83333e+001
            11  8.47004e+001  1.10000e+001 -1.74168e+001  1.31157e+001  5.91667e+001
            12  8.49322e+001  1.20000e+001 -1.70876e+001  1.31205e+001  6.00000e+001
            13  8.51973e+001  1.30000e+001 -1.67708e+001  1.31248e+001  6.08333e+001
            14  8.54979e+001  1.40000e+001 -1.64738e+001  1.31291e+001  6.16667e+001
            15  8.58400e+001  1.50000e+001 -1.61732e+001  1.31334e+001  6.25000e+001
            16  8.62147e+001  1.60000e+001 -1.59863e+001  1.31377e+001  6.33333e+001
            17  8.66173e+001  1.70000e+001 -1.58196e+001  1.31416e+001  6.41667e+001
            18  8.70643e+001  1.80000e+001 -1.57095e+001  1.31451e+001  6.50000e+001
            19  8.75400e+001  1.90000e+001 -1.56550e+001  1.31486e+001  6.58333e+001
            20  8.80506e+001  2.00000e+001 -1.56449e+001  1.31509e+001  6.66667e+001
            21  8.85923e+001  2.10000e+001 -1.56285e+001  1.31534e+001  6.75000e+001
            22  8.91925e+001  2.20000e+001 -1.56676e+001  1.31556e+001  6.83333e+001
            23  8.98309e+001  2.30000e+001 -1.57538e+001  1.31577e+001  6.91667e+001
            24  9.04960e+001  2.40000e+001 -1.58566e+001  1.31590e+001  7.00000e+001
            25  9.11828e+001  2.50000e+001 -1.59976e+001  1.31606e+001  7.08333e+001
            26  9.19003e+001  2.60000e+001 -1.62309e+001  1.31620e+001  7.16667e+001
            27  9.26669e+001  2.70000e+001 -1.64839e+001  1.31633e+001  7.25000e+001
            28  9.34214e+001  2.80000e+001 -1.67484e+001  1.31642e+001  7.33333e+001
            29  9.42007e+001  2.90000e+001 -1.69751e+001  1.31652e+001  7.41667e+001
            30  9.49771e+001  3.00000e+001 -1.71878e+001  1.31661e+001  7.50000e+001
            31  9.57688e+001  3.10000e+001 -1.74005e+001  1.31669e+001  7.58333e+001
            32  9.65734e+001  3.20000e+001 -1.75902e+001  1.31673e+001  7.66667e+001
            33  9.73733e+001  3.30000e+001 -1.78001e+001  1.31678e+001  7.75000e+001
            34  9.81710e+001  3.40000e+001 -1.80002e+001  1.31684e+001  7.83333e+001
            35  9.89754e+001  3.50000e+001 -1.81948e+001  1.31688e+001  7.91667e+001
            36  9.97782e+001  3.60000e+001 -1.83477e+001  1.31693e+001  8.00000e+001
            37  1.00565e+002  3.70000e+001 -1.85248e+001  1.31698e+001  8.08333e+001
            38  1.01360e+002  3.80000e+001 -1.86924e+001  1.31703e+001  8.16667e+001
            39  1.02152e+002  3.90000e+001 -1.88506e+001  1.31707e+001  8.25000e+001
            40  1.02948e+002  4.00000e+001 -1.89789e+001  1.31712e+001  8.33333e+001
            41  1.03739e+002  4.10000e+001 -1.91290e+001  1.31717e+001  8.41667e+001
            42  1.04520e+002  4.20000e+001 -1.92829e+001  1.31721e+001  8.50000e+001
            43  1.05303e+002  4.30000e+001 -1.94268e+001  1.31726e+001  8.58333e+001
            44  1.06086e+002  4.40000e+001 -1.95428e+001  1.31730e+001  8.66667e+001
            45  1.06859e+002  4.50000e+001 -1.96687e+001  1.31736e+001  8.75000e+001
            46  1.07622e+002  4.60000e+001 -1.98028e+001  1.31741e+001  8.83333e+001
            47  1.08400e+002  4.70000e+001 -1.99383e+001  1.31747e+001  8.91667e+001
            48  1.09154e+002  4.80000e+001 -1.99945e+001  1.31755e+001  9.00000e+001
            49  1.09915e+002  4.90000e+001 -2.00915e+001  1.31763e+001  9.08333e+001
            50  1.10676e+002  5.00000e+001 -2.01975e+001  1.31770e+001  9.16667e+001
            51  1.11440e+002  5.10000e+001 -2.02947e+001  1.31778e+001  9.25000e+001
            52  1.12192e+002  5.20000e+001 -2.03520e+001  1.31788e+001  9.33333e+001
            53  1.12952e+002  5.30000e+001 -2.04282e+001  1.31796e+001  9.41667e+001
            54  1.13704e+002  5.40000e+001 -2.05141e+001  1.31805e+001  9.50000e+001
            55  1.14456e+002  5.50000e+001 -2.05990e+001  1.31813e+001  9.58333e+001
            56  1.15205e+002  5.60000e+001 -2.06356e+001  1.31821e+001  9.66667e+001
            57  1.15958e+002  5.70000e+001 -2.06914e+001  1.31829e+001  9.75000e+001
            58  1.16716e+002  5.80000e+001 -2.07510e+001  1.31837e+001  9.83333e+001
            59  1.17448e+002  5.90000e+001 -2.08021e+001  1.31845e+001  9.91667e+001
            60  1.18204e+002  6.00000e+001 -2.07982e+001  1.31852e+001  1.00000e+002
            61  1.18952e+002  6.10000e+001 -2.08202e+001  1.31860e+001  1.00833e+002
            62  1.19690e+002  6.20000e+001 -2.08527e+001  1.31867e+001  1.01667e+002
            63  1.20439e+002  6.30000e+001 -2.08848e+001  1.31874e+001  1.02500e+002
            64  1.21184e+002  6.40000e+001 -2.08973e+001  1.31881e+001  1.03333e+002
            65  1.21932e+002  6.50000e+001 -2.09171e+001  1.31888e+001  1.04167e+002
            66  1.22671e+002  6.60000e+001 -2.09362e+001  1.31895e+001  1.05000e+002
            67  1.23411e+002  6.70000e+001 -2.09530e+001  1.31902e+001  1.05833e+002
            68  1.24155e+002  6.80000e+001 -2.09572e+001  1.31909e+001  1.06667e+002
            69  1.24897e+002  6.90000e+001 -2.09651e+001  1.31916e+001  1.07500e+002
            70  1.25640e+002  7.00000e+001 -2.09743e+001  1.31923e+001  1.08333e+002
            71  1.26392e+002  7.10000e+001 -2.09842e+001  1.31930e+001  1.09167e+002
            72  1.27138e+002  7.20000e+001 -2.09792e+001  1.31937e+001  1.10000e+002
            73  1.27887e+002  7.30000e+001 -2.09804e+001  1.31944e+001  1.10833e+002
            74  1.28626e+002  7.40000e+001 -2.09802e+001  1.31951e+001  1.11667e+002
            75  1.29372e+002  7.50000e+001 -2.09789e+001  1.31957e+001  1.12500e+002
            76  1.30128e+002  7.60000e+001 -2.09716e+001  1.31964e+001  1.13333e+002
            77  1.30876e+002  7.70000e+001 -2.09685e+001  1.31971e+001  1.14167e+002
            78  1.31628e+002  7.80000e+001 -2.09665e+001  1.31977e+001  1.15000e+002
            79  1.32375e+002  7.90000e+001 -2.09641e+001  1.31984e+001  1.15833e+002
            80  1.33124e+002  8.00000e+001 -2.09566e+001  1.31991e+001  1.16667e+002
            81  1.33872e+002  8.10000e+001 -2.09510e+001  1.31998e+001  1.17500e+002
            82  1.34626e+002  8.20000e+001 -2.09457e+001  1.32005e+001  1.18333e+002
            83  1.35381e+002  8.30000e+001 -2.09408e+001  1.32012e+001  1.19167e+002
            84  1.36135e+002  8.40000e+001 -2.09322e+001  1.32019e+001  1.20000e+002
            85  1.36889e+002  8.50000e+001 -2.09245e+001  1.32026e+001  1.20833e+002
            86  1.37646e+002  8.60000e+001 -2.09168e+001  1.32033e+001  1.21667e+002
            87  1.38411e+002  8.70000e+001 -2.09087e+001  1.32040e+001  1.22500e+002
            88  1.39170e+002  8.80000e+001 -2.09000e+001  1.32047e+001  1.23333e+002
            89  1.39918e+002  8.90000e+001 -2.08904e+001  1.32054e+001  1.24167e+002
            90  1.40677e+002  9.00000e+001 -2.08814e+001  1.32061e+001  1.25000e+002
            91  1.41434e+002  9.10000e+001 -2.08724e+001  1.32068e+001  1.25833e+002
            92  1.42195e+002  9.20000e+001 -2.08630e+001  1.32074e+001  1.26667e+002
            93  1.42964e+002  9.30000e+001 -2.08499e+001  1.32080e+001  1.27500e+002
            94  1.43731e+002  9.40000e+001 -2.08364e+001  1.32086e+001  1.28333e+002
            95  1.44495e+002  9.50000e+001 -2.08212e+001  1.32092e+001  1.29167e+002
            96  1.45256e+002  9.60000e+001 -2.08065e+001  1.32098e+001  1.30000e+002
            97  1.46019e+002  9.70000e+001 -2.07913e+001  1.32103e+001  1.30833e+002
            98  1.46788e+002  9.80000e+001 -2.07759e+001  1.32108e+001  1.31667e+002
            99  1.47548e+002  9.90000e+001 -2.07585e+001  1.32114e+001  1.32500e+002
           100  1.48320e+002  1.00000e+002 -2.07395e+001  1.32119e+001  1.33333e+002
           101  1.49087e+002  1.01000e+002 -2.07176e+001  1.32123e+001  1.34167e+002
           102  1.49860e+002  1.02000e+002 -2.06979e+001  1.32128e+001  1.35000e+002
           103  1.50630e+002  1.03000e+002 -2.06782e+001  1.32133e+001  1.35833e+002
           104  1.51406e+002  1.04000e+002 -2.06582e+001  1.32137e+001  1.36667e+002
           105  1.52184e+002  1.05000e+002 -2.06346e+001  1.32141e+001  1.37500e+002
           106  1.52960e+002  1.06000e+002 -2.06155e+001  1.32145e+001  1.38333e+002
           107  1.53733e+002  1.07000e+002 -2.06037e+001  1.32150e+001  1.39167e+002
           108  1.54504e+002  1.08000e+002 -2.05992e+001  1.32154e+001  1.40000e+002
           109  1.55278e+002  1.09000e+002 -2.05794e+001  1.32158e+001  1.40833e+002
           110  1.56055e+002  1.10000e+002 -2.05548e+001  1.32162e+001  1.41667e+002
           111  1.56840e+002  1.11000e+002 -2.05215e+001  1.32166e+001  1.42500e+002
           112  1.57619e+002  1.12000e+002 -2.04967e+001  1.32171e+001  1.43333e+002
           113  1.58403e+002  1.13000e+002 -2.04845e+001  1.32176e+001  1.44167e+002
           114  1.59177e+002  1.14000e+002 -2.04699e+001  1.32181e+001  1.45000e+002
           115  1.59952e+002  1.15000e+002 -2.04921e+001  1.32186e+001  1.45833e+002
           116  1.60732e+002  1.16000e+002 -2.05756e+001  1.32191e+001  1.46667e+002
           117  1.61516e+002  1.17000e+002 -2.08775e+001  1.32196e+001  1.47500e+002
           118  1.62287e+002  1.18000e+002 -2.13167e+001  1.32200e+001  1.48333e+002
           119  1.63071e+002  1.19000e+002 -2.19567e+001  1.32205e+001  1.49167e+002
           120  1.63838e+002  1.20000e+002 -2.27371e+001  1.32210e+001  1.50000e+002
           121  1.64610e+002  1.21000e+002 -2.38590e+001  1.32215e+001  1.50833e+002
           122  1.65378e+002  1.22000e+002 -2.51238e+001  1.32219e+001  1.51667e+002
           123  1.66137e+002  1.23000e+002 -2.65477e+001  1.32224e+001  1.52500e+002
           124  1.66898e+002  1.24000e+002 -2.80577e+001  1.32230e+001  1.53333e+002
           125  1.67666e+002  1.25000e+002 -2.91303e+001  1.32235e+001  1.54167e+002
           126  1.68445e+002  1.26000e+002 -2.98450e+001  1.32241e+001  1.55000e+002
           127  1.69234e+002  1.27000e+002 -3.02446e+001  1.32247e+001  1.55833e+002
           128  1.70012e+002  1.28000e+002 -3.05337e+001  1.32253e+001  1.56667e+002
           129  1.70798e+002  1.29000e+002 -3.06042e+001  1.32259e+001  1.57500e+002
           130  1.71590e+002  1.30000e+002 -3.05851e+001  1.32264e+001  1.58333e+002
           131  1.72387e+002  1.31000e+002 -3.04659e+001  1.32270e+001  1.59167e+002
           132  1.73180e+002  1.32000e+002 -3.03195e+001  1.32275e+001  1.60000e+002
           133  1.73977e+002  1.33000e+002 -3.00664e+001  1.32279e+001  1.60833e+002
           134  1.74775e+002  1.34000e+002 -2.98001e+001  1.32284e+001  1.61667e+002
           135  1.75575e+002  1.35000e+002 -2.94962e+001  1.32288e+001  1.62500e+002
           136  1.76383e+002  1.36000e+002 -2.91789e+001  1.32292e+001  1.63333e+002
           137  1.77191e+002  1.37000e+002 -2.88241e+001  1.32296e+001  1.64167e+002
           138  1.77993e+002  1.38000e+002 -2.84777e+001  1.32299e+001  1.65000e+002
           139  1.78796e+002  1.39000e+002 -2.81357e+001  1.32302e+001  1.65833e+002
           140  1.79607e+002  1.40000e+002 -2.77949e+001  1.32306e+001  1.66667e+002
           141  1.80413e+002  1.41000e+002 -2.74525e+001  1.32308e+001  1.67500e+002
           142  1.81227e+002  1.42000e+002 -2.71250e+001  1.32311e+001  1.68333e+002
           143  1.82045e+002  1.43000e+002 -2.68018e+001  1.32313e+001  1.69167e+002
           144  1.82858e+002  1.44000e+002 -2.64796e+001  1.32316e+001  1.70000e+002
           145  1.83666e+002  1.45000e+002 -2.61469e+001  1.32318e+001  1.70833e+002
           146  1.84489e+002  1.46000e+002 -2.58140e+001  1.32321e+001  1.71667e+002
           147  1.85295e+002  1.47000e+002 -2.54832e+001  1.32324e+001  1.72500e+002
           148  1.86103e+002  1.48000e+002 -2.51539e+001  1.32327e+001  1.73333e+002
           149  1.86920e+002  1.49000e+002 -2.48643e+001  1.32330e+001  1.74167e+002
           150  1.87736e+002  1.50000e+002 -2.45605e+001  1.32334e+001  1.75000e+002
           151  1.88546e+002  1.51000e+002 -2.42720e+001  1.32338e+001  1.75833e+002
           152  1.89364e+002  1.52000e+002 -2.39906e+001  1.32341e+001  1.76667e+002
           153  1.90174e+002  1.53000e+002 -2.37693e+001  1.32345e+001  1.77500e+002
           154  1.91004e+002  1.54000e+002 -2.35274e+001  1.32349e+001  1.78333e+002
           155  1.91818e+002  1.55000e+002 -2.32876e+001  1.32353e+001  1.79167e+002
           156  1.92639e+002  1.56000e+002 -2.30621e+001  1.32356e+001  1.80000e+002
           157  1.93471e+002  1.57000e+002 -2.28555e+001  1.32360e+001  1.80833e+002
           158  1.94286e+002  1.58000e+002 -2.26766e+001  1.32363e+001  1.81667e+002
           159  1.95101e+002  1.59000e+002 -2.24727e+001  1.32367e+001  1.82500e+002
           160  1.95927e+002  1.60000e+002 -2.22782e+001  1.32370e+001  1.83333e+002
           161  1.96758e+002  1.61000e+002 -2.20884e+001  1.32373e+001  1.84167e+002
           162  1.97573e+002  1.62000e+002 -2.19428e+001  1.32377e+001  1.85000e+002
           163  1.98393e+002  1.63000e+002 -2.17674e+001  1.32380e+001  1.85833e+002
           164  1.99220e+002  1.64000e+002 -2.15946e+001  1.32383e+001  1.86667e+002
           165  2.00046e+002  1.65000e+002 -2.14350e+001  1.32387e+001  1.87500e+002
           166  2.00870e+002  1.66000e+002 -2.13297e+001  1.32390e+001  1.88333e+002
           167  2.01692e+002  1.67000e+002 -2.11985e+001  1.32393e+001  1.89167e+002
           168  2.02518e+002  1.68000e+002 -2.10675e+001  1.32397e+001  1.90000e+002
           169  2.03344e+002  1.69000e+002 -2.09590e+001  1.32400e+001  1.90833e+002
           170  2.04177e+002  1.70000e+002 -2.08799e+001  1.32403e+001  1.91667e+002
           171  2.05000e+002  1.71000e+002 -2.07829e+001  1.32406e+001  1.92500e+002
           172  2.05824e+002  1.72000e+002 -2.06878e+001  1.32409e+001  1.93333e+002
           173  2.06660e+002  1.73000e+002 -2.05956e+001  1.32411e+001  1.94167e+002
           174  2.07489e+002  1.74000e+002 -2.05367e+001  1.32413e+001  1.95000e+002
           175  2.08318e+002  1.75000e+002 -2.04576e+001  1.32415e+001  1.95833e+002
           176  2.09148e+002  1.76000e+002 -2.03838e+001  1.32417e+001  1.96667e+002
           177  2.09979e+002  1.77000e+002 -2.03046e+001  1.32419e+001  1.97500e+002
           178  2.10805e+002  1.78000e+002 -2.02646e+001  1.32421e+001  1.98333e+002
           179  2.11642e+002  1.79000e+002 -2.02051e+001  1.32422e+001  1.99167e+002
           180  2.12478e+002  1.80000e+002 -2.01514e+001  1.32424e+001  2.00000e+002
           181  2.13309e+002  1.81000e+002 -2.01160e+001  1.32426e+001  2.00833e+002
           182  2.14142e+002  1.82000e+002 -2.01135e+001  1.32429e+001  2.01667e+002
           183  2.14976e+002  1.83000e+002 -2.01264e+001  1.32431e+001  2.02500e+002
           184  2.15814e+002  1.84000e+002 -2.01606e+001  1.32433e+001  2.03333e+002
           185  2.16651e+002  1.85000e+002 -2.01940e+001  1.32435e+001  2.04167e+002
           186  2.17485e+002  1.86000e+002 -2.02044e+001  1.32438e+001  2.05000e+002
           187  2.18320e+002  1.87000e+002 -2.02035e+001  1.32440e+001  2.05833e+002
           188  2.19157e+002  1.88000e+002 -2.02083e+001  1.32442e+001  2.06667e+002
           189  2.19994e+002  1.89000e+002 -2.02192e+001  1.32444e+001  2.07500e+002
           190  2.20830e+002  1.90000e+002 -2.02055e+001  1.32446e+001  2.08333e+002
           191  2.21672e+002  1.91000e+002 -2.02040e+001  1.32448e+001  2.09167e+002
           192  2.22519e+002  1.92000e+002 -2.01971e+001  1.32451e+001  2.10000e+002
           193  2.23352e+002  1.93000e+002 -2.01772e+001  1.32453e+001  2.10833e+002
           194  2.24194e+002  1.94000e+002 -2.00777e+001  1.32456e+001  2.11667e+002
           195  2.25038e+002  1.95000e+002 -2.00232e+001  1.32460e+001  2.12500e+002
           196  2.25866e+002  1.96000e+002 -1.99691e+001  1.32463e+001  2.13333e+002
           197  2.26712e+002  1.97000e+002 -1.99028e+001  1.32466e+001  2.14167e+002
           198  2.27555e+002  1.98000e+002 -1.98268e+001  1.32469e+001  2.15000e+002
           199  2.28396e+002  1.99000e+002 -1.97666e+001  1.32472e+001  2.15833e+002
           200  2.29245e+002  2.00000e+002 -1.97094e+001  1.32475e+001  2.16667e+002
           201  2.30088e+002  2.01000e+002 -1.96516e+001  1.32478e+001  2.17500e+002
           202  2.30931e+002  2.02000e+002 -1.95855e+001  1.32481e+001  2.18333e+002
           203  2.31775e+002  2.03000e+002 -1.95263e+001  1.32483e+001  2.19167e+002
           204  2.32624e+002  2.04000e+002 -1.94703e+001  1.32486e+001  2.20000e+002
           205  2.33472e+002  2.05000e+002 -1.94158e+001  1.32488e+001  2.20833e+002
           206  2.34325e+002  2.06000e+002 -1.93693e+001  1.32490e+001  2.21667e+002
           207  2.35178e+002  2.07000e+002 -1.93227e+001  1.32493e+001  2.22500e+002
           208  2.36016e+002  2.08000e+002 -1.92784e+001  1.32495e+001  2.23333e+002
           209  2.36871e+002  2.09000e+002 -1.92363e+001  1.32497e+001  2.24167e+002
           210  2.37720e+002  2.10000e+002 -1.92127e+001  1.32500e+001  2.25000e+002
           211  2.38559e+002  2.11000e+002 -1.91808e+001  1.32502e+001  2.25833e+002
           212  2.39415e+002  2.12000e+002 -1.91483e+001  1.32504e+001  2.26667e+002
           213  2.40279e+002  2.13000e+002 -1.91171e+001  1.32506e+001  2.27500e+002
           214  2.41126e+002  2.14000e+002 -1.91031e+001  1.32508e+001  2.28333e+002
           215  2.41985e+002  2.15000e+002 -1.90798e+001  1.32509e+001  2.29167e+002
           216  2.42830e+002  2.16000e+002 -1.90555e+001  1.32511e+001  2.30000e+002
           217  2.43672e+002  2.17000e+002 -1.90318e+001  1.32512e+001  2.30833e+002
           218  2.44535e+002  2.18000e+002 -1.90236e+001  1.32513e+001  2.31667e+002
           219  2.45389e+002  2.19000e+002 -1.90076e+001  1.32515e+001  2.32500e+002
           220  2.46243e+002  2.20000e+002 -1.89912e+001  1.32516e+001  2.33333e+002
           221  2.47097e+002  2.21000e+002 -1.89749e+001  1.32517e+001  2.34167e+002
           222  2.47952e+002  2.22000e+002 -1.89648e+001  1.32518e+001  2.35000e+002
           223  2.48809e+002  2.23000e+002 -1.89529e+001  1.32519e+001  2.35833e+002
           224  2.49665e+002  2.24000e+002 -1.89411e+001  1.32521e+001  2.36667e+002
           225  2.50527e+002  2.25000e+002 -1.89300e+001  1.32522e+001  2.37500e+002
           226  2.51381e+002  2.26000e+002 -1.89266e+001  1.32523e+001  2.38333e+002
           227  2.52244e+002  2.27000e+002 -1.89198e+001  1.32525e+001  2.39167e+002
           228  2.53101e+002  2.28000e+002 -1.89119e+001  1.32527e+001  2.40000e+002
           229  2.53950e+002  2.29000e+002 -1.89053e+001  1.32528e+001  2.40833e+002
           230  2.54814e+002  2.30000e+002 -1.89036e+001  1.32531e+001  2.41667e+002
           231  2.55680e+002  2.31000e+002 -1.88976e+001  1.32533e+001  2.42500e+002
           232  2.56534e+002  2.32000e+002 -1.88908e+001  1.32535e+001  2.43333e+002
           233  2.57395e+002  2.33000e+002 -1.88841e+001  1.32537e+001  2.44167e+002
           234  2.58252e+002  2.34000e+002 -1.88819e+001  1.32539e+001  2.45000e+002
           235  2.59112e+002  2.35000e+002 -1.88766e+001  1.32541e+001  2.45833e+002
           236  2.59981e+002  2.36000e+002 -1.88710e+001  1.32543e+001  2.46667e+002
           237  2.60837e+002  2.37000e+002 -1.88664e+001  1.32545e+001  2.47500e+002
           238  2.61702e+002  2.38000e+002 -1.88629e+001  1.32547e+001  2.48333e+002
           239  2.62559e+002  2.39000e+002 -1.88596e+001  1.32549e+001  2.49167e+002
           240  2.63427e+002  2.40000e+002 -1.88567e+001  1.32550e+001  2.50000e+002
           241  2.64288e+002  2.41000e+002 -1.88542e+001  1.32552e+001  2.50833e+002
           242  2.65151e+002  2.42000e+002 -1.88527e+001  1.32553e+001  2.51667e+002
           243  2.66001e+002  2.43000e+002 -1.88512e+001  1.32554e+001  2.52500e+002
           244  2.66868e+002  2.44000e+002 -1.88490e+001  1.32556e+001  2.53333e+002
           245  2.67738e+002  2.45000e+002 -1.88473e+001  1.32557e+001  2.54167e+002
           246  2.68594e+002  2.46000e+002 -1.88513e+001  1.32559e+001  2.55000e+002
           247  2.69467e+002  2.47000e+002 -1.88525e+001  1.32560e+001  2.55833e+002
           248  2.70324e+002  2.48000e+002 -1.88520e+001  1.32562e+001  2.56667e+002
           249  2.71187e+002  2.49000e+002 -1.88525e+001  1.32563e+001  2.57500e+002
           250  2.72053e+002  2.50000e+002 -1.88529e+001  1.32564e+001  2.58333e+002
           251  2.72919e+002  2.51000e+002 -1.88536e+001  1.32566e+001  2.59167e+002
           252  2.73785e+002  2.52000e+002 -1.88530e+001  1.32567e+001  2.60000e+002
           253  2.74653e+002  2.53000e+002 -1.88528e+001  1.32568e+001  2.60833e+002
           254  2.75520e+002  2.54000e+002 -1.88537e+001  1.32570e+001  2.61667e+002
           255  2.76382e+002  2.55000e+002 -1.88540e+001  1.32571e+001  2.62500e+002
           256  2.77254e+002  2.56000e+002 -1.88532e+001  1.32572e+001  2.63333e+002
           257  2.78109e+002  2.57000e+002 -1.88521e+001  1.32573e+001  2.64167e+002
           258  2.78973e+002  2.58000e+002 -1.88503e+001  1.32574e+001  2.65000e+002
           259  2.79850e+002  2.59000e+002 -1.88474e+001  1.32575e+001  2.65833e+002
           260  2.80721e+002  2.60000e+002 -1.88458e+001  1.32576e+001  2.66667e+002
           261  2.81584e+002  2.61000e+002 -1.88446e+001  1.32577e+001  2.67500e+002
           262  2.82450e+002  2.62000e+002 -1.88435e+001  1.32578e+001  2.68333e+002
           263  2.83317e+002  2.63000e+002 -1.88406e+001  1.32578e+001  2.69167e+002
           264  2.84184e+002  2.64000e+002 -1.88384e+001  1.32579e+001  2.70000e+002
           265  2.85056e+002  2.65000e+002 -1.88364e+001  1.32580e+001  2.70833e+002
           266  2.85929e+002  2.66000e+002 -1.88343e+001  1.32581e+001  2.71667e+002
           267  2.86795e+002  2.67000e+002 -1.88256e+001  1.32582e+001  2.72500e+002
           268  2.87668e+002  2.68000e+002 -1.88227e+001  1.32583e+001  2.73333e+002
           269  2.88540e+002  2.69000e+002 -1.95264e+001  1.32584e+001  2.74167e+002
]1[In RR Ar 60ml/min total calib
