         Index            Ts             t            HF        Weight            Tr
           [#]          [°C]           [s]          [mW]          [mg]          [°C]
             0  1.59295e+002  0.00000e+000 -1.64079e+001  1.32544e+001  1.25000e+002
             1  1.59158e+002  1.00000e+000 -1.64156e+001  1.32542e+001  1.25083e+002
             2  1.59045e+002  2.00000e+000 -1.64187e+001  1.32539e+001  1.25167e+002
             3  1.58950e+002  3.00000e+000 -1.63879e+001  1.32535e+001  1.25250e+002
             4  1.58866e+002  4.00000e+000 -1.63747e+001  1.32531e+001  1.25333e+002
             5  1.58788e+002  5.00000e+000 -1.63748e+001  1.32527e+001  1.25417e+002
             6  1.58705e+002  6.00000e+000 -1.63946e+001  1.32524e+001  1.25500e+002
             7  1.58644e+002  7.00000e+000 -1.63668e+001  1.32523e+001  1.25583e+002
             8  1.58582e+002  8.00000e+000 -1.62729e+001  1.32522e+001  1.25667e+002
             9  1.58534e+002  9.00000e+000 -1.60821e+001  1.32523e+001  1.25750e+002
            10  1.58486e+002  1.00000e+001 -1.58061e+001  1.32525e+001  1.25833e+002
            11  1.58442e+002  1.10000e+001 -1.54463e+001  1.32531e+001  1.25917e+002
            12  1.58406e+002  1.20000e+001 -1.50703e+001  1.32535e+001  1.26000e+002
            13  1.58370e+002  1.30000e+001 -1.46907e+001  1.32538e+001  1.26083e+002
            14  1.58333e+002  1.40000e+001 -1.43221e+001  1.32541e+001  1.26167e+002
            15  1.58301e+002  1.50000e+001 -1.39557e+001  1.32543e+001  1.26250e+002
            16  1.58278e+002  1.60000e+001 -1.36045e+001  1.32545e+001  1.26333e+002
            17  1.58253e+002  1.70000e+001 -1.32642e+001  1.32546e+001  1.26417e+002
            18  1.58231e+002  1.80000e+001 -1.29297e+001  1.32547e+001  1.26500e+002
            19  1.58209e+002  1.90000e+001 -1.25773e+001  1.32545e+001  1.26583e+002
            20  1.58189e+002  2.00000e+001 -1.22227e+001  1.32544e+001  1.26667e+002
            21  1.58169e+002  2.10000e+001 -1.18715e+001  1.32543e+001  1.26750e+002
            22  1.58149e+002  2.20000e+001 -1.15230e+001  1.32542e+001  1.26833e+002
            23  1.58126e+002  2.30000e+001 -1.12236e+001  1.32540e+001  1.26917e+002
            24  1.58114e+002  2.40000e+001 -1.09092e+001  1.32538e+001  1.27000e+002
            25  1.58094e+002  2.50000e+001 -1.05929e+001  1.32537e+001  1.27083e+002
            26  1.58077e+002  2.60000e+001 -1.02939e+001  1.32535e+001  1.27167e+002
            27  1.58057e+002  2.70000e+001 -1.00567e+001  1.32534e+001  1.27250e+002
            28  1.58053e+002  2.80000e+001 -9.79092e+000  1.32533e+001  1.27333e+002
            29  1.58034e+002  2.90000e+001 -9.54204e+000  1.32532e+001  1.27417e+002
            30  1.58019e+002  3.00000e+001 -9.30412e+000  1.32531e+001  1.27500e+002
            31  1.58007e+002  3.10000e+001 -9.11076e+000  1.32531e+001  1.27583e+002
            32  1.58000e+002  3.20000e+001 -8.90341e+000  1.32530e+001  1.27667e+002
            33  1.57983e+002  3.30000e+001 -8.72742e+000  1.32530e+001  1.27750e+002
            34  1.57970e+002  3.40000e+001 -8.57523e+000  1.32529e+001  1.27833e+002
            35  1.57959e+002  3.50000e+001 -8.45608e+000  1.32528e+001  1.27917e+002
            36  1.57940e+002  3.60000e+001 -8.36910e+000  1.32527e+001  1.28000e+002
            37  1.57926e+002  3.70000e+001 -8.39935e+000  1.32526e+001  1.28083e+002
            38  1.57918e+002  3.80000e+001 -8.51134e+000  1.32526e+001  1.28167e+002
            39  1.57893e+002  3.90000e+001 -8.70853e+000  1.32524e+001  1.28250e+002
            40  1.57890e+002  4.00000e+001 -8.92359e+000  1.32524e+001  1.28333e+002
            41  1.57874e+002  4.10000e+001 -9.15396e+000  1.32523e+001  1.28417e+002
            42  1.57851e+002  4.20000e+001 -9.41212e+000  1.32523e+001  1.28500e+002
            43  1.57834e+002  4.30000e+001 -9.70977e+000  1.32523e+001  1.28583e+002
            44  1.57820e+002  4.40000e+001 -9.98917e+000  1.32523e+001  1.28667e+002
            45  1.57802e+002  4.50000e+001 -1.02617e+001  1.32523e+001  1.28750e+002
            46  1.57790e+002  4.60000e+001 -1.05342e+001  1.32523e+001  1.28833e+002
            47  1.57763e+002  4.70000e+001 -1.07989e+001  1.32524e+001  1.28917e+002
            48  1.57759e+002  4.80000e+001 -1.10555e+001  1.32524e+001  1.29000e+002
            49  1.57743e+002  4.90000e+001 -1.13100e+001  1.32524e+001  1.29083e+002
            50  1.57725e+002  5.00000e+001 -1.15637e+001  1.32524e+001  1.29167e+002
            51  1.57717e+002  5.10000e+001 -1.18107e+001  1.32524e+001  1.29250e+002
            52  1.57702e+002  5.20000e+001 -1.20692e+001  1.32524e+001  1.29333e+002
            53  1.57691e+002  5.30000e+001 -1.23318e+001  1.32524e+001  1.29417e+002
            54  1.57680e+002  5.40000e+001 -1.26017e+001  1.32524e+001  1.29500e+002
            55  1.57668e+002  5.50000e+001 -1.27926e+001  1.32524e+001  1.29583e+002
            56  1.57654e+002  5.60000e+001 -1.30180e+001  1.32524e+001  1.29667e+002
            57  1.57654e+002  5.70000e+001 -1.32438e+001  1.32525e+001  1.29750e+002
            58  1.57637e+002  5.80000e+001 -1.34767e+001  1.32525e+001  1.29833e+002
            59  1.57619e+002  5.90000e+001 -1.36438e+001  1.32526e+001  1.29917e+002
            60  1.57617e+002  6.00000e+001 -1.38432e+001  1.32526e+001  1.30000e+002
            61  1.57611e+002  6.10000e+001 -1.40366e+001  1.32526e+001  1.30083e+002
            62  1.57602e+002  6.20000e+001 -1.42068e+001  1.32527e+001  1.30167e+002
            63  1.57602e+002  6.30000e+001 -1.43285e+001  1.32527e+001  1.30250e+002
            64  1.57596e+002  6.40000e+001 -1.44871e+001  1.32527e+001  1.30333e+002
            65  1.57589e+002  6.50000e+001 -1.46339e+001  1.32526e+001  1.30417e+002
            66  1.57587e+002  6.60000e+001 -1.47681e+001  1.32526e+001  1.30500e+002
            67  1.57583e+002  6.70000e+001 -1.48792e+001  1.32526e+001  1.30583e+002
            68  1.57584e+002  6.80000e+001 -1.50162e+001  1.32526e+001  1.30667e+002
            69  1.57571e+002  6.90000e+001 -1.51482e+001  1.32526e+001  1.30750e+002
            70  1.57566e+002  7.00000e+001 -1.52696e+001  1.32526e+001  1.30833e+002
            71  1.57564e+002  7.10000e+001 -1.53379e+001  1.32525e+001  1.30917e+002
            72  1.57569e+002  7.20000e+001 -1.54337e+001  1.32525e+001  1.31000e+002
            73  1.57567e+002  7.30000e+001 -1.55358e+001  1.32525e+001  1.31083e+002
            74  1.57569e+002  7.40000e+001 -1.56394e+001  1.32525e+001  1.31167e+002
            75  1.57567e+002  7.50000e+001 -1.57343e+001  1.32525e+001  1.31250e+002
            76  1.57560e+002  7.60000e+001 -1.57750e+001  1.32524e+001  1.31333e+002
            77  1.57566e+002  7.70000e+001 -1.58452e+001  1.32524e+001  1.31417e+002
            78  1.57565e+002  7.80000e+001 -1.59219e+001  1.32524e+001  1.31500e+002
            79  1.57574e+002  7.90000e+001 -1.60032e+001  1.32523e+001  1.31583e+002
            80  1.57577e+002  8.00000e+001 -1.60447e+001  1.32523e+001  1.31667e+002
            81  1.57577e+002  8.10000e+001 -1.61030e+001  1.32523e+001  1.31750e+002
            82  1.57573e+002  8.20000e+001 -1.61643e+001  1.32522e+001  1.31833e+002
            83  1.57584e+002  8.30000e+001 -1.62253e+001  1.32522e+001  1.31917e+002
            84  1.57587e+002  8.40000e+001 -1.62655e+001  1.32522e+001  1.32000e+002
            85  1.57592e+002  8.50000e+001 -1.63132e+001  1.32522e+001  1.32083e+002
            86  1.57602e+002  8.60000e+001 -1.63605e+001  1.32521e+001  1.32167e+002
            87  1.57610e+002  8.70000e+001 -1.64074e+001  1.32521e+001  1.32250e+002
            88  1.57613e+002  8.80000e+001 -1.64372e+001  1.32521e+001  1.32333e+002
            89  1.57627e+002  8.90000e+001 -1.64729e+001  1.32521e+001  1.32417e+002
            90  1.57626e+002  9.00000e+001 -1.65095e+001  1.32521e+001  1.32500e+002
            91  1.57633e+002  9.10000e+001 -1.65461e+001  1.32521e+001  1.32583e+002
            92  1.57648e+002  9.20000e+001 -1.65710e+001  1.32521e+001  1.32667e+002
            93  1.57660e+002  9.30000e+001 -1.65998e+001  1.32521e+001  1.32750e+002
            94  1.57665e+002  9.40000e+001 -1.66280e+001  1.32521e+001  1.32833e+002
            95  1.57672e+002  9.50000e+001 -1.66541e+001  1.32521e+001  1.32917e+002
            96  1.57693e+002  9.60000e+001 -1.66669e+001  1.32521e+001  1.33000e+002
            97  1.57706e+002  9.70000e+001 -1.66865e+001  1.32521e+001  1.33083e+002
            98  1.57715e+002  9.80000e+001 -1.67072e+001  1.32521e+001  1.33167e+002
            99  1.57719e+002  9.90000e+001 -1.67278e+001  1.32520e+001  1.33250e+002
           100  1.57737e+002  1.00000e+002 -1.67429e+001  1.32520e+001  1.33333e+002
           101  1.57753e+002  1.01000e+002 -1.67604e+001  1.32520e+001  1.33417e+002
           102  1.57763e+002  1.02000e+002 -1.67771e+001  1.32519e+001  1.33500e+002
           103  1.57776e+002  1.03000e+002 -1.67937e+001  1.32519e+001  1.33583e+002
           104  1.57788e+002  1.04000e+002 -1.68004e+001  1.32518e+001  1.33667e+002
           105  1.57802e+002  1.05000e+002 -1.68099e+001  1.32517e+001  1.33750e+002
           106  1.57823e+002  1.06000e+002 -1.68218e+001  1.32517e+001  1.33833e+002
           107  1.57844e+002  1.07000e+002 -1.68340e+001  1.32516e+001  1.33917e+002
           108  1.57859e+002  1.08000e+002 -1.68433e+001  1.32516e+001  1.34000e+002
           109  1.57870e+002  1.09000e+002 -1.68529e+001  1.32516e+001  1.34083e+002
           110  1.57891e+002  1.10000e+002 -1.68626e+001  1.32516e+001  1.34167e+002
           111  1.57909e+002  1.11000e+002 -1.68732e+001  1.32516e+001  1.34250e+002
           112  1.57933e+002  1.12000e+002 -1.68791e+001  1.32517e+001  1.34333e+002
           113  1.57941e+002  1.13000e+002 -1.68879e+001  1.32517e+001  1.34417e+002
           114  1.57964e+002  1.14000e+002 -1.68965e+001  1.32518e+001  1.34500e+002
           115  1.57987e+002  1.15000e+002 -1.69045e+001  1.32519e+001  1.34583e+002
           116  1.58013e+002  1.16000e+002 -1.69130e+001  1.32519e+001  1.34667e+002
           117  1.58028e+002  1.17000e+002 -1.69217e+001  1.32519e+001  1.34750e+002
           118  1.58054e+002  1.18000e+002 -1.69305e+001  1.32519e+001  1.34833e+002
           119  1.58067e+002  1.19000e+002 -1.69395e+001  1.32518e+001  1.34917e+002
           120  1.58100e+002  1.20000e+002 -1.69476e+001  1.32516e+001  1.35000e+002
           121  1.58123e+002  1.21000e+002 -1.69553e+001  1.32515e+001  1.35083e+002
           122  1.58140e+002  1.22000e+002 -1.69614e+001  1.32514e+001  1.35167e+002
           123  1.58168e+002  1.23000e+002 -1.69663e+001  1.32513e+001  1.35250e+002
           124  1.58190e+002  1.24000e+002 -1.69695e+001  1.32512e+001  1.35333e+002
           125  1.58215e+002  1.25000e+002 -1.69743e+001  1.32512e+001  1.35417e+002
           126  1.58228e+002  1.26000e+002 -1.69775e+001  1.32511e+001  1.35500e+002
           127  1.58253e+002  1.27000e+002 -1.69789e+001  1.32511e+001  1.35583e+002
           128  1.58280e+002  1.28000e+002 -1.69806e+001  1.32511e+001  1.35667e+002
           129  1.58306e+002  1.29000e+002 -1.69829e+001  1.32511e+001  1.35750e+002
           130  1.58329e+002  1.30000e+002 -1.69846e+001  1.32511e+001  1.35833e+002
           131  1.58353e+002  1.31000e+002 -1.69853e+001  1.32511e+001  1.35917e+002
           132  1.58387e+002  1.32000e+002 -1.69808e+001  1.32512e+001  1.36000e+002
           133  1.58412e+002  1.33000e+002 -1.69795e+001  1.32513e+001  1.36083e+002
           134  1.58437e+002  1.34000e+002 -1.69794e+001  1.32513e+001  1.36167e+002
           135  1.58463e+002  1.35000e+002 -1.69796e+001  1.32514e+001  1.36250e+002
           136  1.58498e+002  1.36000e+002 -1.69756e+001  1.32515e+001  1.36333e+002
           137  1.58524e+002  1.37000e+002 -1.69737e+001  1.32516e+001  1.36417e+002
           138  1.58550e+002  1.38000e+002 -1.69727e+001  1.32516e+001  1.36500e+002
           139  1.58582e+002  1.39000e+002 -1.69720e+001  1.32517e+001  1.36583e+002
           140  1.58611e+002  1.40000e+002 -1.69697e+001  1.32517e+001  1.36667e+002
           141  1.58639e+002  1.41000e+002 -1.69689e+001  1.32517e+001  1.36750e+002
           142  1.58669e+002  1.42000e+002 -1.69677e+001  1.32516e+001  1.36833e+002
           143  1.58703e+002  1.43000e+002 -1.69660e+001  1.32516e+001  1.36917e+002
           144  1.58732e+002  1.44000e+002 -1.69641e+001  1.32516e+001  1.37000e+002
           145  1.58763e+002  1.45000e+002 -1.69640e+001  1.32515e+001  1.37083e+002
           146  1.58801e+002  1.46000e+002 -1.69642e+001  1.32514e+001  1.37167e+002
           147  1.58828e+002  1.47000e+002 -1.69631e+001  1.32513e+001  1.37250e+002
           148  1.58862e+002  1.48000e+002 -1.69618e+001  1.32513e+001  1.37333e+002
           149  1.58893e+002  1.49000e+002 -1.69607e+001  1.32512e+001  1.37417e+002
           150  1.58929e+002  1.50000e+002 -1.69602e+001  1.32512e+001  1.37500e+002
           151  1.58963e+002  1.51000e+002 -1.69590e+001  1.32511e+001  1.37583e+002
           152  1.58997e+002  1.52000e+002 -1.69588e+001  1.32511e+001  1.37667e+002
           153  1.59032e+002  1.53000e+002 -1.69588e+001  1.32511e+001  1.37750e+002
           154  1.59066e+002  1.54000e+002 -1.69595e+001  1.32511e+001  1.37833e+002
           155  1.59099e+002  1.55000e+002 -1.69609e+001  1.32511e+001  1.37917e+002
           156  1.59138e+002  1.56000e+002 -1.69633e+001  1.32511e+001  1.38000e+002
           157  1.59171e+002  1.57000e+002 -1.69625e+001  1.32511e+001  1.38083e+002
           158  1.59207e+002  1.58000e+002 -1.69619e+001  1.32510e+001  1.38167e+002
           159  1.59240e+002  1.59000e+002 -1.69622e+001  1.32510e+001  1.38250e+002
           160  1.59276e+002  1.60000e+002 -1.69624e+001  1.32510e+001  1.38333e+002
           161  1.59311e+002  1.61000e+002 -1.69630e+001  1.32510e+001  1.38417e+002
           162  1.59351e+002  1.62000e+002 -1.69627e+001  1.32509e+001  1.38500e+002
           163  1.59387e+002  1.63000e+002 -1.69636e+001  1.32509e+001  1.38583e+002
           164  1.59425e+002  1.64000e+002 -1.69643e+001  1.32509e+001  1.38667e+002
           165  1.59464e+002  1.65000e+002 -1.69634e+001  1.32509e+001  1.38750e+002
           166  1.59504e+002  1.66000e+002 -1.69635e+001  1.32508e+001  1.38833e+002
           167  1.59545e+002  1.67000e+002 -1.69647e+001  1.32508e+001  1.38917e+002
           168  1.59584e+002  1.68000e+002 -1.69664e+001  1.32508e+001  1.39000e+002
           169  1.59622e+002  1.69000e+002 -1.69665e+001  1.32509e+001  1.39083e+002
           170  1.59666e+002  1.70000e+002 -1.69678e+001  1.32509e+001  1.39167e+002
           171  1.59713e+002  1.71000e+002 -1.69716e+001  1.32509e+001  1.39250e+002
           172  1.59751e+002  1.72000e+002 -1.69763e+001  1.32509e+001  1.39333e+002
           173  1.59785e+002  1.73000e+002 -1.69857e+001  1.32510e+001  1.39417e+002
           174  1.59831e+002  1.74000e+002 -1.69934e+001  1.32510e+001  1.39500e+002
           175  1.59870e+002  1.75000e+002 -1.70020e+001  1.32510e+001  1.39583e+002
           176  1.59902e+002  1.76000e+002 -1.70117e+001  1.32511e+001  1.39667e+002
           177  1.59950e+002  1.77000e+002 -1.70292e+001  1.32511e+001  1.39750e+002
           178  1.59994e+002  1.78000e+002 -1.70443e+001  1.32511e+001  1.39833e+002
           179  1.60030e+002  1.79000e+002 -1.70599e+001  1.32511e+001  1.39917e+002
           180  1.60072e+002  1.80000e+002 -1.70772e+001  1.32511e+001  1.40000e+002
           181  1.60108e+002  1.81000e+002 -1.71069e+001  1.32510e+001  1.40083e+002
           182  1.60154e+002  1.82000e+002 -1.71356e+001  1.32510e+001  1.40167e+002
           183  1.60196e+002  1.83000e+002 -1.71632e+001  1.32510e+001  1.40250e+002
           184  1.60246e+002  1.84000e+002 -1.71856e+001  1.32509e+001  1.40333e+002
           185  1.60290e+002  1.85000e+002 -1.72436e+001  1.32509e+001  1.40417e+002
           186  1.60329e+002  1.86000e+002 -1.72751e+001  1.32508e+001  1.40500e+002
           187  1.60371e+002  1.87000e+002 -1.73024e+001  1.32508e+001  1.40583e+002
           188  1.60422e+002  1.88000e+002 -1.73457e+001  1.32508e+001  1.40667e+002
           189  1.60462e+002  1.89000e+002 -1.74181e+001  1.32508e+001  1.40750e+002
           190  1.60508e+002  1.90000e+002 -1.74764e+001  1.32508e+001  1.40833e+002
           191  1.60550e+002  1.91000e+002 -1.75480e+001  1.32508e+001  1.40917e+002
           192  1.60595e+002  1.92000e+002 -1.76317e+001  1.32508e+001  1.41000e+002
           193  1.60642e+002  1.93000e+002 -1.77536e+001  1.32508e+001  1.41083e+002
           194  1.60690e+002  1.94000e+002 -1.78423e+001  1.32507e+001  1.41167e+002
           195  1.60738e+002  1.95000e+002 -1.79389e+001  1.32507e+001  1.41250e+002
           196  1.60779e+002  1.96000e+002 -1.80407e+001  1.32506e+001  1.41333e+002
           197  1.60823e+002  1.97000e+002 -1.81727e+001  1.32504e+001  1.41417e+002
           198  1.60862e+002  1.98000e+002 -1.82852e+001  1.32503e+001  1.41500e+002
           199  1.60912e+002  1.99000e+002 -1.84013e+001  1.32502e+001  1.41583e+002
           200  1.60964e+002  2.00000e+002 -1.85129e+001  1.32501e+001  1.41667e+002
           201  1.61007e+002  2.01000e+002 -1.86870e+001  1.32500e+001  1.41750e+002
           202  1.61050e+002  2.02000e+002 -1.88265e+001  1.32499e+001  1.41833e+002
           203  1.61098e+002  2.03000e+002 -1.89692e+001  1.32498e+001  1.41917e+002
           204  1.61135e+002  2.04000e+002 -1.91152e+001  1.32498e+001  1.42000e+002
           205  1.61175e+002  2.05000e+002 -1.92995e+001  1.32498e+001  1.42083e+002
           206  1.61219e+002  2.06000e+002 -1.94645e+001  1.32498e+001  1.42167e+002
           207  1.61268e+002  2.07000e+002 -1.96279e+001  1.32498e+001  1.42250e+002
           208  1.61315e+002  2.08000e+002 -1.97923e+001  1.32499e+001  1.42333e+002
           209  1.61364e+002  2.09000e+002 -1.99782e+001  1.32500e+001  1.42417e+002
           210  1.61409e+002  2.10000e+002 -2.01559e+001  1.32501e+001  1.42500e+002
           211  1.61454e+002  2.11000e+002 -2.03322e+001  1.32502e+001  1.42583e+002
           212  1.61504e+002  2.12000e+002 -2.05104e+001  1.32503e+001  1.42667e+002
           213  1.61556e+002  2.13000e+002 -2.07062e+001  1.32505e+001  1.42750e+002
           214  1.61596e+002  2.14000e+002 -2.08951e+001  1.32506e+001  1.42833e+002
           215  1.61639e+002  2.15000e+002 -2.10839e+001  1.32507e+001  1.42917e+002
           216  1.61686e+002  2.16000e+002 -2.12742e+001  1.32508e+001  1.43000e+002
           217  1.61732e+002  2.17000e+002 -2.14827e+001  1.32508e+001  1.43083e+002
           218  1.61781e+002  2.18000e+002 -2.16836e+001  1.32509e+001  1.43167e+002
           219  1.61829e+002  2.19000e+002 -2.18846e+001  1.32509e+001  1.43250e+002
           220  1.61877e+002  2.20000e+002 -2.20862e+001  1.32510e+001  1.43333e+002
           221  1.61925e+002  2.21000e+002 -2.22993e+001  1.32510e+001  1.43417e+002
           222  1.61977e+002  2.22000e+002 -2.25059e+001  1.32510e+001  1.43500e+002
           223  1.62020e+002  2.23000e+002 -2.27055e+001  1.32510e+001  1.43583e+002
           224  1.62069e+002  2.24000e+002 -2.28979e+001  1.32510e+001  1.43667e+002
           225  1.62114e+002  2.25000e+002 -2.31100e+001  1.32510e+001  1.43750e+002
           226  1.62162e+002  2.26000e+002 -2.33162e+001  1.32510e+001  1.43833e+002
           227  1.62209e+002  2.27000e+002 -2.35283e+001  1.32510e+001  1.43917e+002
           228  1.62255e+002  2.28000e+002 -2.37540e+001  1.32510e+001  1.44000e+002
           229  1.62311e+002  2.29000e+002 -2.39645e+001  1.32509e+001  1.44083e+002
           230  1.62353e+002  2.30000e+002 -2.41759e+001  1.32509e+001  1.44167e+002
           231  1.62397e+002  2.31000e+002 -2.43549e+001  1.32508e+001  1.44250e+002
           232  1.62438e+002  2.32000e+002 -2.44802e+001  1.32508e+001  1.44333e+002
           233  1.62490e+002  2.33000e+002 -2.44226e+001  1.32508e+001  1.44417e+002
           234  1.62550e+002  2.34000e+002 -2.43082e+001  1.32508e+001  1.44500e+002
           235  1.62613e+002  2.35000e+002 -2.41590e+001  1.32507e+001  1.44583e+002
           236  1.62670e+002  2.36000e+002 -2.39888e+001  1.32507e+001  1.44667e+002
           237  1.62728e+002  2.37000e+002 -2.37886e+001  1.32507e+001  1.44750e+002
           238  1.62782e+002  2.38000e+002 -2.35423e+001  1.32508e+001  1.44833e+002
           239  1.62841e+002  2.39000e+002 -2.33178e+001  1.32508e+001  1.44917e+002
           240  1.62900e+002  2.40000e+002 -2.30831e+001  1.32507e+001  1.45000e+002
           241  1.62957e+002  2.41000e+002 -2.28439e+001  1.32507e+001  1.45083e+002
           242  1.63016e+002  2.42000e+002 -2.25908e+001  1.32506e+001  1.45167e+002
           243  1.63074e+002  2.43000e+002 -2.23653e+001  1.32505e+001  1.45250e+002
           244  1.63138e+002  2.44000e+002 -2.21435e+001  1.32505e+001  1.45333e+002
           245  1.63196e+002  2.45000e+002 -2.19216e+001  1.32504e+001  1.45417e+002
           246  1.63256e+002  2.46000e+002 -2.16960e+001  1.32503e+001  1.45500e+002
           247  1.63313e+002  2.47000e+002 -2.14759e+001  1.32502e+001  1.45583e+002
           248  1.63376e+002  2.48000e+002 -2.12561e+001  1.32501e+001  1.45667e+002
           249  1.63438e+002  2.49000e+002 -2.10306e+001  1.32501e+001  1.45750e+002
           250  1.63498e+002  2.50000e+002 -2.08322e+001  1.32501e+001  1.45833e+002
           251  1.63552e+002  2.51000e+002 -2.06191e+001  1.32501e+001  1.45917e+002
           252  1.63617e+002  2.52000e+002 -2.04034e+001  1.32501e+001  1.46000e+002
           253  1.63685e+002  2.53000e+002 -2.01881e+001  1.32501e+001  1.46083e+002
           254  1.63746e+002  2.54000e+002 -2.00415e+001  1.32501e+001  1.46167e+002
           255  1.63811e+002  2.55000e+002 -1.98612e+001  1.32502e+001  1.46250e+002
           256  1.63880e+002  2.56000e+002 -1.96824e+001  1.32502e+001  1.46333e+002
           257  1.63943e+002  2.57000e+002 -1.94968e+001  1.32503e+001  1.46417e+002
           258  1.64000e+002  2.58000e+002 -1.93852e+001  1.32503e+001  1.46500e+002
           259  1.64066e+002  2.59000e+002 -1.92409e+001  1.32504e+001  1.46583e+002
           260  1.64119e+002  2.60000e+002 -1.90894e+001  1.32504e+001  1.46667e+002
           261  1.64182e+002  2.61000e+002 -1.89467e+001  1.32504e+001  1.46750e+002
           262  1.64245e+002  2.62000e+002 -1.88475e+001  1.32504e+001  1.46833e+002
           263  1.64306e+002  2.63000e+002 -1.87312e+001  1.32504e+001  1.46917e+002
           264  1.64367e+002  2.64000e+002 -1.86155e+001  1.32504e+001  1.47000e+002
           265  1.64437e+002  2.65000e+002 -1.85033e+001  1.32504e+001  1.47083e+002
           266  1.64498e+002  2.66000e+002 -1.84352e+001  1.32503e+001  1.47167e+002
           267  1.64564e+002  2.67000e+002 -1.83393e+001  1.32502e+001  1.47250e+002
           268  1.64631e+002  2.68000e+002 -1.82362e+001  1.32501e+001  1.47333e+002
           269  1.64685e+002  2.69000e+002 -1.81425e+001  1.32500e+001  1.47417e+002
           270  1.64751e+002  2.70000e+002 -1.80843e+001  1.32499e+001  1.47500e+002
           271  1.64812e+002  2.71000e+002 -1.80096e+001  1.32498e+001  1.47583e+002
           272  1.64869e+002  2.72000e+002 -1.79305e+001  1.32498e+001  1.47667e+002
           273  1.64945e+002  2.73000e+002 -1.78460e+001  1.32497e+001  1.47750e+002
           274  1.65005e+002  2.74000e+002 -1.78056e+001  1.32497e+001  1.47833e+002
           275  1.65068e+002  2.75000e+002 -1.77481e+001  1.32498e+001  1.47917e+002
           276  1.65136e+002  2.76000e+002 -1.76881e+001  1.32498e+001  1.48000e+002
           277  1.65200e+002  2.77000e+002 -1.76284e+001  1.32498e+001  1.48083e+002
           278  1.65256e+002  2.78000e+002 -1.75884e+001  1.32499e+001  1.48167e+002
           279  1.65325e+002  2.79000e+002 -1.75413e+001  1.32500e+001  1.48250e+002
           280  1.65391e+002  2.80000e+002 -1.74943e+001  1.32500e+001  1.48333e+002
           281  1.65459e+002  2.81000e+002 -1.74485e+001  1.32501e+001  1.48417e+002
           282  1.65524e+002  2.82000e+002 -1.74222e+001  1.32501e+001  1.48500e+002
           283  1.65591e+002  2.83000e+002 -1.73864e+001  1.32501e+001  1.48583e+002
           284  1.65661e+002  2.84000e+002 -1.73497e+001  1.32501e+001  1.48667e+002
           285  1.65720e+002  2.85000e+002 -1.73133e+001  1.32501e+001  1.48750e+002
           286  1.65795e+002  2.86000e+002 -1.72897e+001  1.32500e+001  1.48833e+002
           287  1.65852e+002  2.87000e+002 -1.72603e+001  1.32500e+001  1.48917e+002
           288  1.65917e+002  2.88000e+002 -1.72286e+001  1.32499e+001  1.49000e+002
           289  1.65979e+002  2.89000e+002 -1.71975e+001  1.32499e+001  1.49083e+002
           290  1.66054e+002  2.90000e+002 -1.71797e+001  1.32498e+001  1.49167e+002
           291  1.66115e+002  2.91000e+002 -1.71569e+001  1.32498e+001  1.49250e+002
           292  1.66188e+002  2.92000e+002 -1.71334e+001  1.32498e+001  1.49333e+002
           293  1.66252e+002  2.93000e+002 -1.71097e+001  1.32498e+001  1.49417e+002
           294  1.66320e+002  2.94000e+002 -1.70925e+001  1.32498e+001  1.49500e+002
           295  1.66387e+002  2.95000e+002 -1.70741e+001  1.32498e+001  1.49583e+002
           296  1.66454e+002  2.96000e+002 -1.70553e+001  1.32497e+001  1.49667e+002
           297  1.66518e+002  2.97000e+002 -1.70370e+001  1.32497e+001  1.49750e+002
           298  1.66591e+002  2.98000e+002 -1.70262e+001  1.32497e+001  1.49833e+002
           299  1.66649e+002  2.99000e+002 -1.70135e+001  1.32497e+001  1.49917e+002
           300  1.66715e+002  3.00000e+002 -1.70014e+001  1.32497e+001  1.50000e+002
           301  1.66789e+002  3.01000e+002 -1.69895e+001  1.32497e+001  1.50083e+002
           302  1.66850e+002  3.02000e+002 -1.69853e+001  1.32496e+001  1.50167e+002
           303  1.66922e+002  3.03000e+002 -1.69780e+001  1.32496e+001  1.50250e+002
           304  1.66993e+002  3.04000e+002 -1.69692e+001  1.32496e+001  1.50333e+002
           305  1.67062e+002  3.05000e+002 -1.69591e+001  1.32496e+001  1.50417e+002
           306  1.67126e+002  3.06000e+002 -1.69557e+001  1.32495e+001  1.50500e+002
           307  1.67183e+002  3.07000e+002 -1.69498e+001  1.32495e+001  1.50583e+002
           308  1.67262e+002  3.08000e+002 -1.69435e+001  1.32495e+001  1.50667e+002
           309  1.67325e+002  3.09000e+002 -1.69370e+001  1.32495e+001  1.50750e+002
           310  1.67395e+002  3.10000e+002 -1.69340e+001  1.32495e+001  1.50833e+002
           311  1.67464e+002  3.11000e+002 -1.69303e+001  1.32494e+001  1.50917e+002
           312  1.67536e+002  3.12000e+002 -1.69262e+001  1.32494e+001  1.51000e+002
           313  1.67610e+002  3.13000e+002 -1.69217e+001  1.32494e+001  1.51083e+002
           314  1.67668e+002  3.14000e+002 -1.69137e+001  1.32494e+001  1.51167e+002
           315  1.67743e+002  3.15000e+002 -1.69078e+001  1.32494e+001  1.51250e+002
           316  1.67813e+002  3.16000e+002 -1.69035e+001  1.32494e+001  1.51333e+002
           317  1.67878e+002  3.17000e+002 -1.68993e+001  1.32493e+001  1.51417e+002
           318  1.67958e+002  3.18000e+002 -1.68987e+001  1.32493e+001  1.51500e+002
           319  1.68016e+002  3.19000e+002 -1.68973e+001  1.32493e+001  1.51583e+002
           320  1.68086e+002  3.20000e+002 -1.68942e+001  1.32493e+001  1.51667e+002
           321  1.68165e+002  3.21000e+002 -1.68902e+001  1.32493e+001  1.51750e+002
           322  1.68228e+002  3.22000e+002 -1.68871e+001  1.32493e+001  1.51833e+002
           323  1.68299e+002  3.23000e+002 -1.68852e+001  1.32494e+001  1.51917e+002
           324  1.68369e+002  3.24000e+002 -1.68828e+001  1.32495e+001  1.52000e+002
           325  1.68437e+002  3.25000e+002 -1.68809e+001  1.32495e+001  1.52083e+002
           326  1.68501e+002  3.26000e+002 -1.68827e+001  1.32496e+001  1.52167e+002
           327  1.68581e+002  3.27000e+002 -1.68830e+001  1.32497e+001  1.52250e+002
           328  1.68655e+002  3.28000e+002 -1.68836e+001  1.32497e+001  1.52333e+002
           329  1.68718e+002  3.29000e+002 -1.68835e+001  1.32497e+001  1.52417e+002
           330  1.68783e+002  3.30000e+002 -1.68835e+001  1.32497e+001  1.52500e+002
           331  1.68857e+002  3.31000e+002 -1.68853e+001  1.32495e+001  1.52583e+002
           332  1.68923e+002  3.32000e+002 -1.68855e+001  1.32495e+001  1.52667e+002
           333  1.68989e+002  3.33000e+002 -1.68854e+001  1.32494e+001  1.52750e+002
           334  1.69066e+002  3.34000e+002 -1.68853e+001  1.32494e+001  1.52833e+002
           335  1.69141e+002  3.35000e+002 -1.68889e+001  1.32494e+001  1.52917e+002
           336  1.69203e+002  3.36000e+002 -1.68900e+001  1.32494e+001  1.53000e+002
           337  1.69274e+002  3.37000e+002 -1.68903e+001  1.32494e+001  1.53083e+002
           338  1.69344e+002  3.38000e+002 -1.68910e+001  1.32494e+001  1.53167e+002
           339  1.69417e+002  3.39000e+002 -1.68912e+001  1.32494e+001  1.53250e+002
           340  1.69490e+002  3.40000e+002 -1.68918e+001  1.32494e+001  1.53333e+002
           341  1.69574e+002  3.41000e+002 -1.68934e+001  1.32494e+001  1.53417e+002
           342  1.69647e+002  3.42000e+002 -1.68955e+001  1.32493e+001  1.53500e+002
           343  1.69711e+002  3.43000e+002 -1.68969e+001  1.32493e+001  1.53583e+002
           344  1.69773e+002  3.44000e+002 -1.68983e+001  1.32492e+001  1.53667e+002
           345  1.69854e+002  3.45000e+002 -1.68991e+001  1.32492e+001  1.53750e+002
           346  1.69918e+002  3.46000e+002 -1.68993e+001  1.32491e+001  1.53833e+002
           347  1.69997e+002  3.47000e+002 -1.69032e+001  1.32491e+001  1.53917e+002
           348  1.70067e+002  3.48000e+002 -1.69073e+001  1.32491e+001  1.54000e+002
           349  1.70142e+002  3.49000e+002 -1.69098e+001  1.32491e+001  1.54083e+002
           350  1.70204e+002  3.50000e+002 -1.69114e+001  1.32491e+001  1.54167e+002
           351  1.70280e+002  3.51000e+002 -1.69150e+001  1.32491e+001  1.54250e+002
           352  1.70353e+002  3.52000e+002 -1.69187e+001  1.32491e+001  1.54333e+002
           353  1.70432e+002  3.53000e+002 -1.69219e+001  1.32491e+001  1.54417e+002
           354  1.70500e+002  3.54000e+002 -1.69247e+001  1.32490e+001  1.54500e+002
           355  1.70573e+002  3.55000e+002 -1.69279e+001  1.32490e+001  1.54583e+002
           356  1.70644e+002  3.56000e+002 -1.69295e+001  1.32489e+001  1.54667e+002
           357  1.70714e+002  3.57000e+002 -1.69304e+001  1.32489e+001  1.54750e+002
           358  1.70783e+002  3.58000e+002 -1.69310e+001  1.32489e+001  1.54833e+002
           359  1.70857e+002  3.59000e+002 -1.69310e+001  1.32488e+001  1.54917e+002
           360  1.70930e+002  3.60000e+002 -1.69329e+001  1.32488e+001  1.55000e+002
           361  1.71000e+002  3.61000e+002 -1.69353e+001  1.32488e+001  1.55083e+002
           362  1.71073e+002  3.62000e+002 -1.69380e+001  1.32488e+001  1.55167e+002
           363  1.71152e+002  3.63000e+002 -1.69364e+001  1.32488e+001  1.55250e+002
           364  1.71223e+002  3.64000e+002 -1.69356e+001  1.32489e+001  1.55333e+002
           365  1.71310e+002  3.65000e+002 -1.69377e+001  1.32489e+001  1.55417e+002
           366  1.71371e+002  3.66000e+002 -1.69416e+001  1.32489e+001  1.55500e+002
           367  1.71447e+002  3.67000e+002 -1.69444e+001  1.32490e+001  1.55583e+002
           368  1.71528e+002  3.68000e+002 -1.69448e+001  1.32490e+001  1.55667e+002
           369  1.71598e+002  3.69000e+002 -1.69446e+001  1.32490e+001  1.55750e+002
           370  1.71666e+002  3.70000e+002 -1.69440e+001  1.32491e+001  1.55833e+002
           371  1.71743e+002  3.71000e+002 -1.69456e+001  1.32491e+001  1.55917e+002
           372  1.71812e+002  3.72000e+002 -1.69470e+001  1.32490e+001  1.56000e+002
           373  1.71888e+002  3.73000e+002 -1.69485e+001  1.32490e+001  1.56083e+002
           374  1.71970e+002  3.74000e+002 -1.69502e+001  1.32490e+001  1.56167e+002
           375  1.72036e+002  3.75000e+002 -1.69515e+001  1.32489e+001  1.56250e+002
           376  1.72105e+002  3.76000e+002 -1.69516e+001  1.32489e+001  1.56333e+002
           377  1.72180e+002  3.77000e+002 -1.69514e+001  1.32489e+001  1.56417e+002
           378  1.72255e+002  3.78000e+002 -1.69504e+001  1.32488e+001  1.56500e+002
           379  1.72336e+002  3.79000e+002 -1.69479e+001  1.32488e+001  1.56583e+002
           380  1.72411e+002  3.80000e+002 -1.69469e+001  1.32488e+001  1.56667e+002
           381  1.72482e+002  3.81000e+002 -1.69462e+001  1.32488e+001  1.56750e+002
           382  1.72562e+002  3.82000e+002 -1.69462e+001  1.32488e+001  1.56833e+002
           383  1.72641e+002  3.83000e+002 -1.69475e+001  1.32488e+001  1.56917e+002
           384  1.72709e+002  3.84000e+002 -1.69485e+001  1.32488e+001  1.57000e+002
           385  1.72790e+002  3.85000e+002 -1.69484e+001  1.32488e+001  1.57083e+002
           386  1.72861e+002  3.86000e+002 -1.69478e+001  1.32488e+001  1.57167e+002
           387  1.72933e+002  3.87000e+002 -1.69497e+001  1.32488e+001  1.57250e+002
           388  1.73012e+002  3.88000e+002 -1.69508e+001  1.32488e+001  1.57333e+002
           389  1.73093e+002  3.89000e+002 -1.69521e+001  1.32487e+001  1.57417e+002
           390  1.73161e+002  3.90000e+002 -1.69534e+001  1.32487e+001  1.57500e+002
           391  1.73237e+002  3.91000e+002 -1.69567e+001  1.32487e+001  1.57583e+002
           392  1.73312e+002  3.92000e+002 -1.69560e+001  1.32487e+001  1.57667e+002
           393  1.73389e+002  3.93000e+002 -1.69547e+001  1.32487e+001  1.57750e+002
           394  1.73463e+002  3.94000e+002 -1.69542e+001  1.32487e+001  1.57833e+002
           395  1.73539e+002  3.95000e+002 -1.69527e+001  1.32487e+001  1.57917e+002
           396  1.73610e+002  3.96000e+002 -1.69518e+001  1.32488e+001  1.58000e+002
           397  1.73690e+002  3.97000e+002 -1.69508e+001  1.32488e+001  1.58083e+002
           398  1.73769e+002  3.98000e+002 -1.69500e+001  1.32488e+001  1.58167e+002
           399  1.73843e+002  3.99000e+002 -1.69491e+001  1.32489e+001  1.58250e+002
           400  1.73913e+002  4.00000e+002 -1.69421e+001  1.32490e+001  1.58333e+002
           401  1.73991e+002  4.01000e+002 -1.69377e+001  1.32490e+001  1.58417e+002
           402  1.74066e+002  4.02000e+002 -1.69351e+001  1.32491e+001  1.58500e+002
           403  1.74146e+002  4.03000e+002 -1.69330e+001  1.32492e+001  1.58583e+002
           404  1.74215e+002  4.04000e+002 -1.69317e+001  1.32492e+001  1.58667e+002
           405  1.74293e+002  4.05000e+002 -1.69304e+001  1.32492e+001  1.58750e+002
           406  1.74384e+002  4.06000e+002 -1.69271e+001  1.32492e+001  1.58833e+002
           407  1.74449e+002  4.07000e+002 -1.69228e+001  1.32492e+001  1.58917e+002
           408  1.74520e+002  4.08000e+002 -1.69184e+001  1.32491e+001  1.59000e+002
           409  1.74601e+002  4.09000e+002 -1.69163e+001  1.32490e+001  1.59083e+002
           410  1.74672e+002  4.10000e+002 -1.69143e+001  1.32490e+001  1.59167e+002
           411  1.74751e+002  4.11000e+002 -1.69128e+001  1.32489e+001  1.59250e+002
           412  1.74832e+002  4.12000e+002 -1.69133e+001  1.32488e+001  1.59333e+002
           413  1.74912e+002  4.13000e+002 -1.69127e+001  1.32488e+001  1.59417e+002
           414  1.74989e+002  4.14000e+002 -1.69126e+001  1.32487e+001  1.59500e+002
           415  1.75059e+002  4.15000e+002 -1.69127e+001  1.32487e+001  1.59583e+002
           416  1.75139e+002  4.16000e+002 -1.69124e+001  1.32487e+001  1.59667e+002
           417  1.75212e+002  4.17000e+002 -1.69124e+001  1.32486e+001  1.59750e+002
           418  1.75286e+002  4.18000e+002 -1.69110e+001  1.32486e+001  1.59833e+002
           419  1.75370e+002  4.19000e+002 -1.69095e+001  1.32486e+001  1.59917e+002
           420  1.75444e+002  4.20000e+002 -1.69116e+001  1.32486e+001  1.60000e+002
           421  1.75518e+002  4.21000e+002 -1.69118e+001  1.32486e+001  1.60083e+002
           422  1.75601e+002  4.22000e+002 -1.69108e+001  1.32486e+001  1.60167e+002
           423  1.75676e+002  4.23000e+002 -1.69086e+001  1.32486e+001  1.60250e+002
           424  1.75742e+002  4.24000e+002 -1.69081e+001  1.32486e+001  1.60333e+002
           425  1.75829e+002  4.25000e+002 -1.69081e+001  1.32486e+001  1.60417e+002
           426  1.75908e+002  4.26000e+002 -1.69081e+001  1.32486e+001  1.60500e+002
           427  1.75988e+002  4.27000e+002 -1.69078e+001  1.32487e+001  1.60583e+002
           428  1.76074e+002  4.28000e+002 -1.69070e+001  1.32487e+001  1.60667e+002
           429  1.76148e+002  4.29000e+002 -1.69082e+001  1.32487e+001  1.60750e+002
           430  1.76213e+002  4.30000e+002 -1.69094e+001  1.32488e+001  1.60833e+002
           431  1.76302e+002  4.31000e+002 -1.69098e+001  1.32488e+001  1.60917e+002
           432  1.76375e+002  4.32000e+002 -1.69104e+001  1.32489e+001  1.61000e+002
           433  1.76460e+002  4.33000e+002 -1.69099e+001  1.32489e+001  1.61083e+002
           434  1.76538e+002  4.34000e+002 -1.69118e+001  1.32490e+001  1.61167e+002
           435  1.76609e+002  4.35000e+002 -1.69149e+001  1.32491e+001  1.61250e+002
           436  1.76694e+002  4.36000e+002 -1.69183e+001  1.32491e+001  1.61333e+002
           437  1.76774e+002  4.37000e+002 -1.69198e+001  1.32491e+001  1.61417e+002
           438  1.76840e+002  4.38000e+002 -1.69198e+001  1.32492e+001  1.61500e+002
           439  1.76913e+002  4.39000e+002 -1.69188e+001  1.32492e+001  1.61583e+002
           440  1.76994e+002  4.40000e+002 -1.69166e+001  1.32491e+001  1.61667e+002
           441  1.77077e+002  4.41000e+002 -1.69171e+001  1.32491e+001  1.61750e+002
           442  1.77153e+002  4.42000e+002 -1.69195e+001  1.32490e+001  1.61833e+002
           443  1.77230e+002  4.43000e+002 -1.69222e+001  1.32490e+001  1.61917e+002
           444  1.77314e+002  4.44000e+002 -1.69266e+001  1.32489e+001  1.62000e+002
           445  1.77391e+002  4.45000e+002 -1.69286e+001  1.32488e+001  1.62083e+002
           446  1.77472e+002  4.46000e+002 -1.69306e+001  1.32487e+001  1.62167e+002
           447  1.77544e+002  4.47000e+002 -1.69328e+001  1.32486e+001  1.62250e+002
           448  1.77624e+002  4.48000e+002 -1.69313e+001  1.32485e+001  1.62333e+002
           449  1.77706e+002  4.49000e+002 -1.69296e+001  1.32484e+001  1.62417e+002
           450  1.77780e+002  4.50000e+002 -1.69296e+001  1.32484e+001  1.62500e+002
           451  1.77855e+002  4.51000e+002 -1.69308e+001  1.32483e+001  1.62583e+002
           452  1.77934e+002  4.52000e+002 -1.69358e+001  1.32483e+001  1.62667e+002
           453  1.78016e+002  4.53000e+002 -1.69375e+001  1.32483e+001  1.62750e+002
           454  1.78095e+002  4.54000e+002 -1.69380e+001  1.32482e+001  1.62833e+002
           455  1.78178e+002  4.55000e+002 -1.69396e+001  1.32482e+001  1.62917e+002
           456  1.78261e+002  4.56000e+002 -1.69388e+001  1.32482e+001  1.63000e+002
           457  1.78331e+002  4.57000e+002 -1.69399e+001  1.32482e+001  1.63083e+002
           458  1.78408e+002  4.58000e+002 -1.69407e+001  1.32481e+001  1.63167e+002
           459  1.78495e+002  4.59000e+002 -1.69416e+001  1.32481e+001  1.63250e+002
           460  1.78566e+002  4.60000e+002 -1.69461e+001  1.32480e+001  1.63333e+002
           461  1.78650e+002  4.61000e+002 -1.69480e+001  1.32480e+001  1.63417e+002
           462  1.78730e+002  4.62000e+002 -1.69485e+001  1.32480e+001  1.63500e+002
           463  1.78804e+002  4.63000e+002 -1.69490e+001  1.32480e+001  1.63583e+002
           464  1.78883e+002  4.64000e+002 -1.69501e+001  1.32480e+001  1.63667e+002
           465  1.78962e+002  4.65000e+002 -1.69508e+001  1.32481e+001  1.63750e+002
           466  1.79044e+002  4.66000e+002 -1.69507e+001  1.32481e+001  1.63833e+002
           467  1.79122e+002  4.67000e+002 -1.69503e+001  1.32482e+001  1.63917e+002
           468  1.79204e+002  4.68000e+002 -1.69460e+001  1.32483e+001  1.64000e+002
           469  1.79281e+002  4.69000e+002 -1.69442e+001  1.32483e+001  1.64083e+002
           470  1.79367e+002  4.70000e+002 -1.69422e+001  1.32484e+001  1.64167e+002
           471  1.79452e+002  4.71000e+002 -1.69385e+001  1.32485e+001  1.64250e+002
           472  1.79531e+002  4.72000e+002 -1.69361e+001  1.32486e+001  1.64333e+002
           473  1.79606e+002  4.73000e+002 -1.69345e+001  1.32487e+001  1.64417e+002
           474  1.79679e+002  4.74000e+002 -1.69327e+001  1.32487e+001  1.64500e+002
           475  1.79760e+002  4.75000e+002 -1.69306e+001  1.32488e+001  1.64583e+002
           476  1.79860e+002  4.76000e+002 -1.69272e+001  1.32488e+001  1.64667e+002
           477  1.79928e+002  4.77000e+002 -1.69254e+001  1.32488e+001  1.64750e+002
           478  1.80002e+002  4.78000e+002 -1.69236e+001  1.32489e+001  1.64833e+002
           479  1.80074e+002  4.79000e+002 -1.69205e+001  1.32489e+001  1.64917e+002
           480  1.80160e+002  4.80000e+002 -1.69204e+001  1.32488e+001  1.65000e+002
           481  1.80238e+002  4.81000e+002 -1.69205e+001  1.32488e+001  1.65083e+002
           482  1.80319e+002  4.82000e+002 -1.69205e+001  1.32487e+001  1.65167e+002
           483  1.80403e+002  4.83000e+002 -1.69200e+001  1.32487e+001  1.65250e+002
           484  1.80486e+002  4.84000e+002 -1.69211e+001  1.32486e+001  1.65333e+002
           485  1.80557e+002  4.85000e+002 -1.69212e+001  1.32485e+001  1.65417e+002
           486  1.80641e+002  4.86000e+002 -1.69212e+001  1.32484e+001  1.65500e+002
           487  1.80716e+002  4.87000e+002 -1.69202e+001  1.32484e+001  1.65583e+002
           488  1.80798e+002  4.88000e+002 -1.69203e+001  1.32483e+001  1.65667e+002
           489  1.80871e+002  4.89000e+002 -1.69200e+001  1.32482e+001  1.65750e+002
           490  1.80963e+002  4.90000e+002 -1.69202e+001  1.32481e+001  1.65833e+002
           491  1.81050e+002  4.91000e+002 -1.69205e+001  1.32481e+001  1.65917e+002
           492  1.81121e+002  4.92000e+002 -1.69207e+001  1.32480e+001  1.66000e+002
           493  1.81197e+002  4.93000e+002 -1.69209e+001  1.32479e+001  1.66083e+002
           494  1.81283e+002  4.94000e+002 -1.69215e+001  1.32478e+001  1.66167e+002
           495  1.81366e+002  4.95000e+002 -1.69218e+001  1.32477e+001  1.66250e+002
           496  1.81441e+002  4.96000e+002 -1.69222e+001  1.32477e+001  1.66333e+002
           497  1.81528e+002  4.97000e+002 -1.69237e+001  1.32476e+001  1.66417e+002
           498  1.81609e+002  4.98000e+002 -1.69244e+001  1.32475e+001  1.66500e+002
           499  1.81681e+002  4.99000e+002 -1.69251e+001  1.32475e+001  1.66583e+002
           500  1.81769e+002  5.00000e+002 -1.69259e+001  1.32474e+001  1.66667e+002
           501  1.81847e+002  5.01000e+002 -1.69253e+001  1.32475e+001  1.66750e+002
           502  1.81928e+002  5.02000e+002 -1.69259e+001  1.32475e+001  1.66833e+002
           503  1.82008e+002  5.03000e+002 -1.69257e+001  1.32475e+001  1.66917e+002
           504  1.82090e+002  5.04000e+002 -1.69247e+001  1.32475e+001  1.67000e+002
           505  1.82165e+002  5.05000e+002 -1.69232e+001  1.32476e+001  1.67083e+002
           506  1.82241e+002  5.06000e+002 -1.69228e+001  1.32477e+001  1.67167e+002
           507  1.82323e+002  5.07000e+002 -1.69228e+001  1.32478e+001  1.67250e+002
           508  1.82409e+002  5.08000e+002 -1.69220e+001  1.32478e+001  1.67333e+002
           509  1.82492e+002  5.09000e+002 -1.69203e+001  1.32479e+001  1.67417e+002
           510  1.82575e+002  5.10000e+002 -1.69196e+001  1.32479e+001  1.67500e+002
           511  1.82650e+002  5.11000e+002 -1.69183e+001  1.32479e+001  1.67583e+002
           512  1.82734e+002  5.12000e+002 -1.69175e+001  1.32479e+001  1.67667e+002
           513  1.82816e+002  5.13000e+002 -1.69172e+001  1.32480e+001  1.67750e+002
           514  1.82896e+002  5.14000e+002 -1.69170e+001  1.32480e+001  1.67833e+002
           515  1.82973e+002  5.15000e+002 -1.69177e+001  1.32480e+001  1.67917e+002
           516  1.83053e+002  5.16000e+002 -1.69187e+001  1.32481e+001  1.68000e+002
           517  1.83139e+002  5.17000e+002 -1.69204e+001  1.32481e+001  1.68083e+002
           518  1.83214e+002  5.18000e+002 -1.69214e+001  1.32482e+001  1.68167e+002
           519  1.83293e+002  5.19000e+002 -1.69219e+001  1.32482e+001  1.68250e+002
           520  1.83376e+002  5.20000e+002 -1.69234e+001  1.32482e+001  1.68333e+002
           521  1.83465e+002  5.21000e+002 -1.69265e+001  1.32482e+001  1.68417e+002
           522  1.83537e+002  5.22000e+002 -1.69282e+001  1.32481e+001  1.68500e+002
           523  1.83617e+002  5.23000e+002 -1.69295e+001  1.32480e+001  1.68583e+002
           524  1.83702e+002  5.24000e+002 -1.69304e+001  1.32480e+001  1.68667e+002
           525  1.83778e+002  5.25000e+002 -1.69319e+001  1.32479e+001  1.68750e+002
           526  1.83864e+002  5.26000e+002 -1.69320e+001  1.32478e+001  1.68833e+002
           527  1.83954e+002  5.27000e+002 -1.69306e+001  1.32477e+001  1.68917e+002
           528  1.84028e+002  5.28000e+002 -1.69290e+001  1.32476e+001  1.69000e+002
           529  1.84106e+002  5.29000e+002 -1.69288e+001  1.32476e+001  1.69083e+002
           530  1.84190e+002  5.30000e+002 -1.69286e+001  1.32476e+001  1.69167e+002
           531  1.84272e+002  5.31000e+002 -1.69275e+001  1.32475e+001  1.69250e+002
           532  1.84354e+002  5.32000e+002 -1.69265e+001  1.32475e+001  1.69333e+002
           533  1.84438e+002  5.33000e+002 -1.69220e+001  1.32476e+001  1.69417e+002
           534  1.84517e+002  5.34000e+002 -1.69196e+001  1.32476e+001  1.69500e+002
           535  1.84601e+002  5.35000e+002 -1.69177e+001  1.32476e+001  1.69583e+002
           536  1.84684e+002  5.36000e+002 -1.69167e+001  1.32476e+001  1.69667e+002
           537  1.84767e+002  5.37000e+002 -1.69160e+001  1.32477e+001  1.69750e+002
           538  1.84842e+002  5.38000e+002 -1.69165e+001  1.32478e+001  1.69833e+002
           539  1.84925e+002  5.39000e+002 -1.69160e+001  1.32478e+001  1.69917e+002
           540  1.85006e+002  5.40000e+002 -1.69150e+001  1.32479e+001  1.70000e+002
           541  1.85084e+002  5.41000e+002 -1.69146e+001  1.32479e+001  1.70083e+002
           542  1.85173e+002  5.42000e+002 -1.69139e+001  1.32480e+001  1.70167e+002
           543  1.85254e+002  5.43000e+002 -1.69139e+001  1.32481e+001  1.70250e+002
           544  1.85330e+002  5.44000e+002 -1.69143e+001  1.32481e+001  1.70333e+002
           545  1.85414e+002  5.45000e+002 -1.69155e+001  1.32482e+001  1.70417e+002
           546  1.85489e+002  5.46000e+002 -1.69159e+001  1.32482e+001  1.70500e+002
           547  1.85576e+002  5.47000e+002 -1.69150e+001  1.32483e+001  1.70583e+002
           548  1.85663e+002  5.48000e+002 -1.69135e+001  1.32483e+001  1.70667e+002
           549  1.85741e+002  5.49000e+002 -1.69096e+001  1.32484e+001  1.70750e+002
           550  1.85821e+002  5.50000e+002 -1.69071e+001  1.32484e+001  1.70833e+002
           551  1.85892e+002  5.51000e+002 -1.69055e+001  1.32485e+001  1.70917e+002
           552  1.85984e+002  5.52000e+002 -1.69042e+001  1.32485e+001  1.71000e+002
           553  1.86061e+002  5.53000e+002 -1.69010e+001  1.32486e+001  1.71083e+002
           554  1.86143e+002  5.54000e+002 -1.68993e+001  1.32486e+001  1.71167e+002
           555  1.86221e+002  5.55000e+002 -1.68979e+001  1.32485e+001  1.71250e+002
           556  1.86305e+002  5.56000e+002 -1.68959e+001  1.32485e+001  1.71333e+002
           557  1.86392e+002  5.57000e+002 -1.68913e+001  1.32483e+001  1.71417e+002
           558  1.86469e+002  5.58000e+002 -1.68894e+001  1.32482e+001  1.71500e+002
           559  1.86553e+002  5.59000e+002 -1.68883e+001  1.32481e+001  1.71583e+002
           560  1.86634e+002  5.60000e+002 -1.68865e+001  1.32479e+001  1.71667e+002
           561  1.86720e+002  5.61000e+002 -1.68882e+001  1.32478e+001  1.71750e+002
           562  1.86799e+002  5.62000e+002 -1.68888e+001  1.32477e+001  1.71833e+002
           563  1.86881e+002  5.63000e+002 -1.68895e+001  1.32476e+001  1.71917e+002
           564  1.86966e+002  5.64000e+002 -1.68898e+001  1.32475e+001  1.72000e+002
           565  1.87052e+002  5.65000e+002 -1.68917e+001  1.32475e+001  1.72083e+002
           566  1.87130e+002  5.66000e+002 -1.68931e+001  1.32475e+001  1.72167e+002
           567  1.87210e+002  5.67000e+002 -1.68945e+001  1.32475e+001  1.72250e+002
           568  1.87290e+002  5.68000e+002 -1.68952e+001  1.32474e+001  1.72333e+002
           569  1.87376e+002  5.69000e+002 -1.68987e+001  1.32475e+001  1.72417e+002
           570  1.87456e+002  5.70000e+002 -1.69003e+001  1.32475e+001  1.72500e+002
           571  1.87537e+002  5.71000e+002 -1.69014e+001  1.32475e+001  1.72583e+002
           572  1.87622e+002  5.72000e+002 -1.69028e+001  1.32476e+001  1.72667e+002
           573  1.87695e+002  5.73000e+002 -1.69051e+001  1.32476e+001  1.72750e+002
           574  1.87775e+002  5.74000e+002 -1.69078e+001  1.32476e+001  1.72833e+002
           575  1.87867e+002  5.75000e+002 -1.69097e+001  1.32477e+001  1.72917e+002
           576  1.87950e+002  5.76000e+002 -1.69110e+001  1.32477e+001  1.73000e+002
           577  1.88037e+002  5.77000e+002 -1.69133e+001  1.32478e+001  1.73083e+002
           578  1.88112e+002  5.78000e+002 -1.69145e+001  1.32479e+001  1.73167e+002
           579  1.88202e+002  5.79000e+002 -1.69148e+001  1.32479e+001  1.73250e+002
           580  1.88280e+002  5.80000e+002 -1.69148e+001  1.32479e+001  1.73333e+002
           581  1.88360e+002  5.81000e+002 -1.69168e+001  1.32480e+001  1.73417e+002
           582  1.88440e+002  5.82000e+002 -1.69184e+001  1.32480e+001  1.73500e+002
           583  1.88519e+002  5.83000e+002 -1.69201e+001  1.32480e+001  1.73583e+002
           584  1.88603e+002  5.84000e+002 -1.69224e+001  1.32481e+001  1.73667e+002
           585  1.88686e+002  5.85000e+002 -1.69239e+001  1.32481e+001  1.73750e+002
           586  1.88765e+002  5.86000e+002 -1.69252e+001  1.32481e+001  1.73833e+002
           587  1.88849e+002  5.87000e+002 -1.69267e+001  1.32482e+001  1.73917e+002
           588  1.88933e+002  5.88000e+002 -1.69284e+001  1.32482e+001  1.74000e+002
           589  1.89024e+002  5.89000e+002 -1.69302e+001  1.32482e+001  1.74083e+002
           590  1.89104e+002  5.90000e+002 -1.69329e+001  1.32482e+001  1.74167e+002
           591  1.89190e+002  5.91000e+002 -1.69339e+001  1.32481e+001  1.74250e+002
           592  1.89274e+002  5.92000e+002 -1.69353e+001  1.32481e+001  1.74333e+002
           593  1.89354e+002  5.93000e+002 -1.69365e+001  1.32480e+001  1.74417e+002
           594  1.89432e+002  5.94000e+002 -1.69367e+001  1.32479e+001  1.74500e+002
           595  1.89522e+002  5.95000e+002 -1.69368e+001  1.32478e+001  1.74583e+002
           596  1.89599e+002  5.96000e+002 -1.69371e+001  1.32477e+001  1.74667e+002
           597  1.89677e+002  5.97000e+002 -1.69386e+001  1.32476e+001  1.74750e+002
           598  1.89768e+002  5.98000e+002 -1.69356e+001  1.32475e+001  1.74833e+002
           599  1.89849e+002  5.99000e+002 -1.69333e+001  1.32475e+001  1.74917e+002
           600  1.89931e+002  6.00000e+002 -1.69318e+001  1.32474e+001  1.75000e+002
           601  1.90013e+002  6.01000e+002 -1.69312e+001  1.32474e+001  1.75083e+002
           602  1.90098e+002  6.02000e+002 -1.69307e+001  1.32474e+001  1.75167e+002
           603  1.90178e+002  6.03000e+002 -1.69313e+001  1.32474e+001  1.75250e+002
           604  1.90264e+002  6.04000e+002 -1.69310e+001  1.32474e+001  1.75333e+002
           605  1.90349e+002  6.05000e+002 -1.69303e+001  1.32474e+001  1.75417e+002
           606  1.90428e+002  6.06000e+002 -1.69277e+001  1.32474e+001  1.75500e+002
           607  1.90509e+002  6.07000e+002 -1.69256e+001  1.32474e+001  1.75583e+002
           608  1.90594e+002  6.08000e+002 -1.69247e+001  1.32474e+001  1.75667e+002
           609  1.90681e+002  6.09000e+002 -1.69256e+001  1.32475e+001  1.75750e+002
           610  1.90758e+002  6.10000e+002 -1.69272e+001  1.32476e+001  1.75833e+002
           611  1.90846e+002  6.11000e+002 -1.69284e+001  1.32476e+001  1.75917e+002
           612  1.90929e+002  6.12000e+002 -1.69295e+001  1.32477e+001  1.76000e+002
           613  1.91010e+002  6.13000e+002 -1.69301e+001  1.32478e+001  1.76083e+002
           614  1.91091e+002  6.14000e+002 -1.69283e+001  1.32478e+001  1.76167e+002
           615  1.91182e+002  6.15000e+002 -1.69283e+001  1.32479e+001  1.76250e+002
           616  1.91262e+002  6.16000e+002 -1.69288e+001  1.32479e+001  1.76333e+002
           617  1.91340e+002  6.17000e+002 -1.69297e+001  1.32479e+001  1.76417e+002
           618  1.91426e+002  6.18000e+002 -1.69355e+001  1.32479e+001  1.76500e+002
           619  1.91511e+002  6.19000e+002 -1.69375e+001  1.32480e+001  1.76583e+002
           620  1.91584e+002  6.20000e+002 -1.69383e+001  1.32480e+001  1.76667e+002
           621  1.91671e+002  6.21000e+002 -1.69393e+001  1.32480e+001  1.76750e+002
           622  1.91752e+002  6.22000e+002 -1.69392e+001  1.32480e+001  1.76833e+002
           623  1.91842e+002  6.23000e+002 -1.69407e+001  1.32481e+001  1.76917e+002
           624  1.91921e+002  6.24000e+002 -1.69424e+001  1.32481e+001  1.77000e+002
           625  1.92008e+002  6.25000e+002 -1.69438e+001  1.32481e+001  1.77083e+002
           626  1.92086e+002  6.26000e+002 -1.69435e+001  1.32480e+001  1.77167e+002
           627  1.92164e+002  6.27000e+002 -1.69434e+001  1.32480e+001  1.77250e+002
           628  1.92256e+002  6.28000e+002 -1.69432e+001  1.32480e+001  1.77333e+002
           629  1.92336e+002  6.29000e+002 -1.69436e+001  1.32479e+001  1.77417e+002
           630  1.92416e+002  6.30000e+002 -1.69432e+001  1.32478e+001  1.77500e+002
           631  1.92499e+002  6.31000e+002 -1.69428e+001  1.32478e+001  1.77583e+002
           632  1.92584e+002  6.32000e+002 -1.69436e+001  1.32477e+001  1.77667e+002
           633  1.92670e+002  6.33000e+002 -1.69454e+001  1.32476e+001  1.77750e+002
           634  1.92743e+002  6.34000e+002 -1.69442e+001  1.32476e+001  1.77833e+002
           635  1.92834e+002  6.35000e+002 -1.69445e+001  1.32476e+001  1.77917e+002
           636  1.92913e+002  6.36000e+002 -1.69439e+001  1.32475e+001  1.78000e+002
           637  1.92995e+002  6.37000e+002 -1.69432e+001  1.32475e+001  1.78083e+002
           638  1.93080e+002  6.38000e+002 -1.69455e+001  1.32476e+001  1.78167e+002
           639  1.93167e+002  6.39000e+002 -1.69467e+001  1.32476e+001  1.78250e+002
           640  1.93249e+002  6.40000e+002 -1.69468e+001  1.32476e+001  1.78333e+002
           641  1.93339e+002  6.41000e+002 -1.69465e+001  1.32476e+001  1.78417e+002
           642  1.93420e+002  6.42000e+002 -1.69475e+001  1.32476e+001  1.78500e+002
           643  1.93506e+002  6.43000e+002 -1.69475e+001  1.32476e+001  1.78583e+002
           644  1.93586e+002  6.44000e+002 -1.69483e+001  1.32476e+001  1.78667e+002
           645  1.93677e+002  6.45000e+002 -1.69494e+001  1.32476e+001  1.78750e+002
           646  1.93760e+002  6.46000e+002 -1.69485e+001  1.32476e+001  1.78833e+002
           647  1.93843e+002  6.47000e+002 -1.69485e+001  1.32476e+001  1.78917e+002
           648  1.93918e+002  6.48000e+002 -1.69479e+001  1.32476e+001  1.79000e+002
           649  1.94000e+002  6.49000e+002 -1.69469e+001  1.32476e+001  1.79083e+002
           650  1.94080e+002  6.50000e+002 -1.69472e+001  1.32476e+001  1.79167e+002
           651  1.94160e+002  6.51000e+002 -1.69492e+001  1.32477e+001  1.79250e+002
           652  1.94248e+002  6.52000e+002 -1.69511e+001  1.32477e+001  1.79333e+002
           653  1.94326e+002  6.53000e+002 -1.69520e+001  1.32478e+001  1.79417e+002
           654  1.94405e+002  6.54000e+002 -1.69520e+001  1.32478e+001  1.79500e+002
           655  1.94494e+002  6.55000e+002 -1.69521e+001  1.32479e+001  1.79583e+002
           656  1.94588e+002  6.56000e+002 -1.69513e+001  1.32479e+001  1.79667e+002
           657  1.94667e+002  6.57000e+002 -1.69505e+001  1.32480e+001  1.79750e+002
           658  1.94749e+002  6.58000e+002 -1.69491e+001  1.32480e+001  1.79833e+002
           659  1.94831e+002  6.59000e+002 -1.69477e+001  1.32480e+001  1.79917e+002
           660  1.94917e+002  6.60000e+002 -1.69455e+001  1.32479e+001  1.80000e+002
           661  1.95000e+002  6.61000e+002 -1.69420e+001  1.32479e+001  1.80083e+002
           662  1.95081e+002  6.62000e+002 -1.69378e+001  1.32478e+001  1.80167e+002
           663  1.95161e+002  6.63000e+002 -1.69315e+001  1.32477e+001  1.80250e+002
           664  1.95246e+002  6.64000e+002 -1.69286e+001  1.32477e+001  1.80333e+002
           665  1.95328e+002  6.65000e+002 -1.69266e+001  1.32476e+001  1.80417e+002
           666  1.95419e+002  6.66000e+002 -1.69248e+001  1.32476e+001  1.80500e+002
           667  1.95498e+002  6.67000e+002 -1.69214e+001  1.32475e+001  1.80583e+002
           668  1.95582e+002  6.68000e+002 -1.69201e+001  1.32475e+001  1.80667e+002
           669  1.95667e+002  6.69000e+002 -1.69187e+001  1.32474e+001  1.80750e+002
           670  1.95752e+002  6.70000e+002 -1.69173e+001  1.32474e+001  1.80833e+002
           671  1.95832e+002  6.71000e+002 -1.69187e+001  1.32474e+001  1.80917e+002
           672  1.95916e+002  6.72000e+002 -1.69175e+001  1.32474e+001  1.81000e+002
           673  1.95998e+002  6.73000e+002 -1.69149e+001  1.32474e+001  1.81083e+002
           674  1.96079e+002  6.74000e+002 -1.69120e+001  1.32474e+001  1.81167e+002
           675  1.96161e+002  6.75000e+002 -1.69130e+001  1.32475e+001  1.81250e+002
           676  1.96245e+002  6.76000e+002 -1.69127e+001  1.32475e+001  1.81333e+002
           677  1.96322e+002  6.77000e+002 -1.69113e+001  1.32476e+001  1.81417e+002
           678  1.96412e+002  6.78000e+002 -1.69090e+001  1.32476e+001  1.81500e+002
           679  1.96492e+002  6.79000e+002 -1.69050e+001  1.32477e+001  1.81583e+002
           680  1.96585e+002  6.80000e+002 -1.69023e+001  1.32478e+001  1.81667e+002
           681  1.96671e+002  6.81000e+002 -1.69002e+001  1.32478e+001  1.81750e+002
           682  1.96753e+002  6.82000e+002 -1.68994e+001  1.32478e+001  1.81833e+002
           683  1.96838e+002  6.83000e+002 -1.68959e+001  1.32478e+001  1.81917e+002
           684  1.96922e+002  6.84000e+002 -1.68930e+001  1.32478e+001  1.82000e+002
           685  1.96993e+002  6.85000e+002 -1.68892e+001  1.32479e+001  1.82083e+002
           686  1.97085e+002  6.86000e+002 -1.68853e+001  1.32479e+001  1.82167e+002
           687  1.97172e+002  6.87000e+002 -1.68799e+001  1.32478e+001  1.82250e+002
           688  1.97250e+002  6.88000e+002 -1.68763e+001  1.32478e+001  1.82333e+002
           689  1.97335e+002  6.89000e+002 -1.68745e+001  1.32478e+001  1.82417e+002
           690  1.97419e+002  6.90000e+002 -1.68724e+001  1.32478e+001  1.82500e+002
           691  1.97497e+002  6.91000e+002 -1.68714e+001  1.32478e+001  1.82583e+002
           692  1.97583e+002  6.92000e+002 -1.68698e+001  1.32478e+001  1.82667e+002
           693  1.97670e+002  6.93000e+002 -1.68693e+001  1.32477e+001  1.82750e+002
           694  1.97752e+002  6.94000e+002 -1.68687e+001  1.32477e+001  1.82833e+002
           695  1.97839e+002  6.95000e+002 -1.68680e+001  1.32476e+001  1.82917e+002
           696  1.97917e+002  6.96000e+002 -1.68677e+001  1.32476e+001  1.83000e+002
           697  1.98006e+002  6.97000e+002 -1.68673e+001  1.32476e+001  1.83083e+002
           698  1.98084e+002  6.98000e+002 -1.68670e+001  1.32475e+001  1.83167e+002
           699  1.98163e+002  6.99000e+002 -1.68704e+001  1.32475e+001  1.83250e+002
           700  1.98248e+002  7.00000e+002 -1.68733e+001  1.32475e+001  1.83333e+002
           701  1.98332e+002  7.01000e+002 -1.68762e+001  1.32475e+001  1.83417e+002
           702  1.98418e+002  7.02000e+002 -1.68780e+001  1.32475e+001  1.83500e+002
           703  1.98500e+002  7.03000e+002 -1.68798e+001  1.32475e+001  1.83583e+002
           704  1.98582e+002  7.04000e+002 -1.68798e+001  1.32475e+001  1.83667e+002
           705  1.98672e+002  7.05000e+002 -1.68799e+001  1.32475e+001  1.83750e+002
           706  1.98759e+002  7.06000e+002 -1.68795e+001  1.32475e+001  1.83833e+002
           707  1.98841e+002  7.07000e+002 -1.68787e+001  1.32476e+001  1.83917e+002
           708  1.98917e+002  7.08000e+002 -1.68800e+001  1.32476e+001  1.84000e+002
           709  1.99003e+002  7.09000e+002 -1.68814e+001  1.32476e+001  1.84083e+002
           710  1.99092e+002  7.10000e+002 -1.68821e+001  1.32476e+001  1.84167e+002
           711  1.99176e+002  7.11000e+002 -1.68830e+001  1.32476e+001  1.84250e+002
           712  1.99255e+002  7.12000e+002 -1.68840e+001  1.32477e+001  1.84333e+002
           713  1.99344e+002  7.13000e+002 -1.68837e+001  1.32477e+001  1.84417e+002
           714  1.99429e+002  7.14000e+002 -1.68832e+001  1.32477e+001  1.84500e+002
           715  1.99516e+002  7.15000e+002 -1.68840e+001  1.32477e+001  1.84583e+002
           716  1.99589e+002  7.16000e+002 -1.68854e+001  1.32477e+001  1.84667e+002
           717  1.99675e+002  7.17000e+002 -1.68865e+001  1.32477e+001  1.84750e+002
           718  1.99760e+002  7.18000e+002 -1.68874e+001  1.32477e+001  1.84833e+002
           719  1.99844e+002  7.19000e+002 -1.68883e+001  1.32477e+001  1.84917e+002
           720  1.99933e+002  7.20000e+002 -1.68883e+001  1.32477e+001  1.85000e+002
           721  2.00016e+002  7.21000e+002 -1.68879e+001  1.32477e+001  1.85083e+002
           722  2.00099e+002  7.22000e+002 -1.68875e+001  1.32476e+001  1.85167e+002
           723  2.00181e+002  7.23000e+002 -1.68867e+001  1.32476e+001  1.85250e+002
           724  2.00267e+002  7.24000e+002 -1.68872e+001  1.32476e+001  1.85333e+002
           725  2.00352e+002  7.25000e+002 -1.68879e+001  1.32475e+001  1.85417e+002
           726  2.00437e+002  7.26000e+002 -1.68880e+001  1.32475e+001  1.85500e+002
           727  2.00524e+002  7.27000e+002 -1.68863e+001  1.32475e+001  1.85583e+002
           728  2.00607e+002  7.28000e+002 -1.68856e+001  1.32475e+001  1.85667e+002
           729  2.00691e+002  7.29000e+002 -1.68835e+001  1.32475e+001  1.85750e+002
           730  2.00766e+002  7.30000e+002 -1.68813e+001  1.32475e+001  1.85833e+002
           731  2.00843e+002  7.31000e+002 -1.68790e+001  1.32475e+001  1.85917e+002
           732  2.00942e+002  7.32000e+002 -1.68758e+001  1.32475e+001  1.86000e+002
           733  2.01017e+002  7.33000e+002 -1.68734e+001  1.32475e+001  1.86083e+002
           734  2.01102e+002  7.34000e+002 -1.68707e+001  1.32475e+001  1.86167e+002
           735  2.01182e+002  7.35000e+002 -1.68651e+001  1.32476e+001  1.86250e+002
           736  2.01273e+002  7.36000e+002 -1.68612e+001  1.32476e+001  1.86333e+002
           737  2.01350e+002  7.37000e+002 -1.68571e+001  1.32476e+001  1.86417e+002
           738  2.01438e+002  7.38000e+002 -1.68532e+001  1.32476e+001  1.86500e+002
           739  2.01522e+002  7.39000e+002 -1.68500e+001  1.32477e+001  1.86583e+002
           740  2.01609e+002  7.40000e+002 -1.68472e+001  1.32477e+001  1.86667e+002
           741  2.01693e+002  7.41000e+002 -1.68434e+001  1.32478e+001  1.86750e+002
           742  2.01767e+002  7.42000e+002 -1.68392e+001  1.32478e+001  1.86833e+002
           743  2.01850e+002  7.43000e+002 -1.68397e+001  1.32479e+001  1.86917e+002
           744  2.01937e+002  7.44000e+002 -1.68389e+001  1.32480e+001  1.87000e+002
           745  2.02025e+002  7.45000e+002 -1.68384e+001  1.32480e+001  1.87083e+002
           746  2.02104e+002  7.46000e+002 -1.68379e+001  1.32481e+001  1.87167e+002
           747  2.02195e+002  7.47000e+002 -1.68365e+001  1.32481e+001  1.87250e+002
           748  2.02278e+002  7.48000e+002 -1.68390e+001  1.32482e+001  1.87333e+002
           749  2.02358e+002  7.49000e+002 -1.68402e+001  1.32482e+001  1.87417e+002
           750  2.02446e+002  7.50000e+002 -1.68396e+001  1.32482e+001  1.87500e+002
           751  2.02526e+002  7.51000e+002 -1.68389e+001  1.32482e+001  1.87583e+002
           752  2.02604e+002  7.52000e+002 -1.68422e+001  1.32481e+001  1.87667e+002
           753  2.02694e+002  7.53000e+002 -1.68430e+001  1.32480e+001  1.87750e+002
           754  2.02782e+002  7.54000e+002 -1.68435e+001  1.32480e+001  1.87833e+002
           755  2.02862e+002  7.55000e+002 -1.68452e+001  1.32479e+001  1.87917e+002
           756  2.02946e+002  7.56000e+002 -1.68436e+001  1.32477e+001  1.88000e+002
           757  2.03033e+002  7.57000e+002 -1.68442e+001  1.32476e+001  1.88083e+002
           758  2.03110e+002  7.58000e+002 -1.68457e+001  1.32475e+001  1.88167e+002
           759  2.03198e+002  7.59000e+002 -1.68479e+001  1.32475e+001  1.88250e+002
           760  2.03280e+002  7.60000e+002 -1.68509e+001  1.32474e+001  1.88333e+002
           761  2.03363e+002  7.61000e+002 -1.68530e+001  1.32474e+001  1.88417e+002
           762  2.03447e+002  7.62000e+002 -1.68543e+001  1.32473e+001  1.88500e+002
           763  2.03535e+002  7.63000e+002 -1.68551e+001  1.32473e+001  1.88583e+002
           764  2.03618e+002  7.64000e+002 -1.68591e+001  1.32473e+001  1.88667e+002
           765  2.03703e+002  7.65000e+002 -1.68607e+001  1.32473e+001  1.88750e+002
           766  2.03784e+002  7.66000e+002 -1.68618e+001  1.32473e+001  1.88833e+002
           767  2.03867e+002  7.67000e+002 -1.68640e+001  1.32472e+001  1.88917e+002
           768  2.03949e+002  7.68000e+002 -1.68667e+001  1.32472e+001  1.89000e+002
           769  2.04039e+002  7.69000e+002 -1.68692e+001  1.32472e+001  1.89083e+002
           770  2.04123e+002  7.70000e+002 -1.68712e+001  1.32472e+001  1.89167e+002
           771  2.04203e+002  7.71000e+002 -1.68724e+001  1.32473e+001  1.89250e+002
           772  2.04292e+002  7.72000e+002 -1.68594e+001  1.32473e+001  1.89333e+002
           773  2.04376e+002  7.73000e+002 -1.68529e+001  1.32474e+001  1.89417e+002
           774  2.04459e+002  7.74000e+002 -1.68498e+001  1.32474e+001  1.89500e+002
           775  2.04541e+002  7.75000e+002 -1.68479e+001  1.32475e+001  1.89583e+002
           776  2.04619e+002  7.76000e+002 -1.68468e+001  1.32476e+001  1.89667e+002
           777  2.04708e+002  7.77000e+002 -1.68476e+001  1.32476e+001  1.89750e+002
           778  2.04793e+002  7.78000e+002 -1.68490e+001  1.32477e+001  1.89833e+002
           779  2.04871e+002  7.79000e+002 -1.68508e+001  1.32477e+001  1.89917e+002
]3[In RR Ar 60ml/min total calib
