         Index            Ts             t            HF        Weight            Tr
           [#]          [°C]           [s]          [mW]          [mg]          [°C]
             0  1.11162e+002  0.00000e+000 -1.60348e+001  1.32449e+001  5.00000e+001
             1  1.10962e+002  1.00000e+000 -1.61638e+001  1.32446e+001  5.03333e+001
             2  1.10806e+002  2.00000e+000 -1.62466e+001  1.32443e+001  5.06667e+001
             3  1.10675e+002  3.00000e+000 -1.61958e+001  1.32440e+001  5.10000e+001
             4  1.10586e+002  4.00000e+000 -1.61194e+001  1.32437e+001  5.13333e+001
             5  1.10508e+002  5.00000e+000 -1.61063e+001  1.32434e+001  5.16667e+001
             6  1.10455e+002  6.00000e+000 -1.60842e+001  1.32431e+001  5.20000e+001
             7  1.10417e+002  7.00000e+000 -1.60662e+001  1.32430e+001  5.23333e+001
             8  1.10401e+002  8.00000e+000 -1.60625e+001  1.32430e+001  5.26667e+001
             9  1.10392e+002  9.00000e+000 -1.61047e+001  1.32437e+001  5.30000e+001
            10  1.10392e+002  1.00000e+001 -1.61220e+001  1.32445e+001  5.33333e+001
            11  1.10397e+002  1.10000e+001 -1.61309e+001  1.32455e+001  5.36667e+001
            12  1.10413e+002  1.20000e+001 -1.61369e+001  1.32465e+001  5.40000e+001
            13  1.10433e+002  1.30000e+001 -1.61596e+001  1.32481e+001  5.43333e+001
            14  1.10463e+002  1.40000e+001 -1.61779e+001  1.32491e+001  5.46667e+001
            15  1.10495e+002  1.50000e+001 -1.61957e+001  1.32500e+001  5.50000e+001
            16  1.10539e+002  1.60000e+001 -1.62150e+001  1.32508e+001  5.53333e+001
            17  1.10572e+002  1.70000e+001 -1.62455e+001  1.32511e+001  5.56667e+001
            18  1.10612e+002  1.80000e+001 -1.62689e+001  1.32516e+001  5.60000e+001
            19  1.10655e+002  1.90000e+001 -1.62895e+001  1.32521e+001  5.63333e+001
            20  1.10696e+002  2.00000e+001 -1.63098e+001  1.32524e+001  5.66667e+001
            21  1.10745e+002  2.10000e+001 -1.63403e+001  1.32525e+001  5.70000e+001
            22  1.10801e+002  2.20000e+001 -1.63652e+001  1.32525e+001  5.73333e+001
            23  1.10855e+002  2.30000e+001 -1.63877e+001  1.32526e+001  5.76667e+001
            24  1.10905e+002  2.40000e+001 -1.64110e+001  1.32526e+001  5.80000e+001
            25  1.10963e+002  2.50000e+001 -1.64304e+001  1.32523e+001  5.83333e+001
            26  1.11027e+002  2.60000e+001 -1.64525e+001  1.32521e+001  5.86667e+001
            27  1.11081e+002  2.70000e+001 -1.64747e+001  1.32519e+001  5.90000e+001
            28  1.11142e+002  2.80000e+001 -1.64962e+001  1.32518e+001  5.93333e+001
            29  1.11198e+002  2.90000e+001 -1.65165e+001  1.32516e+001  5.96667e+001
            30  1.11262e+002  3.00000e+001 -1.65371e+001  1.32514e+001  6.00000e+001
            31  1.11317e+002  3.10000e+001 -1.65564e+001  1.32513e+001  6.03333e+001
            32  1.11378e+002  3.20000e+001 -1.65749e+001  1.32511e+001  6.06667e+001
            33  1.11446e+002  3.30000e+001 -1.65918e+001  1.32509e+001  6.10000e+001
            34  1.11512e+002  3.40000e+001 -1.66085e+001  1.32508e+001  6.13333e+001
            35  1.11577e+002  3.50000e+001 -1.66256e+001  1.32506e+001  6.16667e+001
            36  1.11652e+002  3.60000e+001 -1.66424e+001  1.32505e+001  6.20000e+001
            37  1.11717e+002  3.70000e+001 -1.66529e+001  1.32503e+001  6.23333e+001
            38  1.11796e+002  3.80000e+001 -1.66654e+001  1.32502e+001  6.26667e+001
            39  1.11868e+002  3.90000e+001 -1.66791e+001  1.32501e+001  6.30000e+001
            40  1.11936e+002  4.00000e+001 -1.66932e+001  1.32500e+001  6.33333e+001
            41  1.12021e+002  4.10000e+001 -1.67023e+001  1.32500e+001  6.36667e+001
            42  1.12089e+002  4.20000e+001 -1.67136e+001  1.32500e+001  6.40000e+001
            43  1.12164e+002  4.30000e+001 -1.67246e+001  1.32500e+001  6.43333e+001
            44  1.12240e+002  4.40000e+001 -1.67340e+001  1.32500e+001  6.46667e+001
            45  1.12314e+002  4.50000e+001 -1.67422e+001  1.32501e+001  6.50000e+001
            46  1.12388e+002  4.60000e+001 -1.67506e+001  1.32502e+001  6.53333e+001
            47  1.12483e+002  4.70000e+001 -1.67594e+001  1.32502e+001  6.56667e+001
            48  1.12559e+002  4.80000e+001 -1.67693e+001  1.32503e+001  6.60000e+001
            49  1.12649e+002  4.90000e+001 -1.67765e+001  1.32503e+001  6.63333e+001
            50  1.12732e+002  5.00000e+001 -1.67850e+001  1.32504e+001  6.66667e+001
            51  1.12820e+002  5.10000e+001 -1.67942e+001  1.32504e+001  6.70000e+001
            52  1.12905e+002  5.20000e+001 -1.68027e+001  1.32504e+001  6.73333e+001
            53  1.13002e+002  5.30000e+001 -1.68085e+001  1.32504e+001  6.76667e+001
            54  1.13095e+002  5.40000e+001 -1.68163e+001  1.32504e+001  6.80000e+001
            55  1.13175e+002  5.50000e+001 -1.68237e+001  1.32505e+001  6.83333e+001
            56  1.13274e+002  5.60000e+001 -1.68310e+001  1.32505e+001  6.86667e+001
            57  1.13364e+002  5.70000e+001 -1.68435e+001  1.32504e+001  6.90000e+001
            58  1.13459e+002  5.80000e+001 -1.68526e+001  1.32504e+001  6.93333e+001
            59  1.13562e+002  5.90000e+001 -1.68593e+001  1.32504e+001  6.96667e+001
            60  1.13666e+002  6.00000e+001 -1.68657e+001  1.32504e+001  7.00000e+001
            61  1.13772e+002  6.10000e+001 -1.68708e+001  1.32504e+001  7.03333e+001
            62  1.13871e+002  6.20000e+001 -1.68774e+001  1.32504e+001  7.06667e+001
            63  1.13975e+002  6.30000e+001 -1.68841e+001  1.32504e+001  7.10000e+001
            64  1.14067e+002  6.40000e+001 -1.68906e+001  1.32504e+001  7.13333e+001
            65  1.14173e+002  6.50000e+001 -1.68956e+001  1.32504e+001  7.16667e+001
            66  1.14280e+002  6.60000e+001 -1.69004e+001  1.32504e+001  7.20000e+001
            67  1.14390e+002  6.70000e+001 -1.69046e+001  1.32504e+001  7.23333e+001
            68  1.14499e+002  6.80000e+001 -1.69085e+001  1.32504e+001  7.26667e+001
            69  1.14616e+002  6.90000e+001 -1.69126e+001  1.32504e+001  7.30000e+001
            70  1.14724e+002  7.00000e+001 -1.69178e+001  1.32504e+001  7.33333e+001
            71  1.14843e+002  7.10000e+001 -1.69232e+001  1.32504e+001  7.36667e+001
            72  1.14953e+002  7.20000e+001 -1.69292e+001  1.32504e+001  7.40000e+001
            73  1.15064e+002  7.30000e+001 -1.69357e+001  1.32504e+001  7.43333e+001
            74  1.15192e+002  7.40000e+001 -1.69419e+001  1.32504e+001  7.46667e+001
            75  1.15303e+002  7.50000e+001 -1.69488e+001  1.32504e+001  7.50000e+001
            76  1.15431e+002  7.60000e+001 -1.69556e+001  1.32504e+001  7.53333e+001
            77  1.15560e+002  7.70000e+001 -1.69625e+001  1.32503e+001  7.56667e+001
            78  1.15677e+002  7.80000e+001 -1.69687e+001  1.32503e+001  7.60000e+001
            79  1.15793e+002  7.90000e+001 -1.69742e+001  1.32503e+001  7.63333e+001
            80  1.15921e+002  8.00000e+001 -1.69799e+001  1.32503e+001  7.66667e+001
            81  1.16054e+002  8.10000e+001 -1.69866e+001  1.32503e+001  7.70000e+001
            82  1.16181e+002  8.20000e+001 -1.69961e+001  1.32503e+001  7.73333e+001
            83  1.16316e+002  8.30000e+001 -1.70036e+001  1.32503e+001  7.76667e+001
            84  1.16438e+002  8.40000e+001 -1.70115e+001  1.32503e+001  7.80000e+001
            85  1.16574e+002  8.50000e+001 -1.70193e+001  1.32504e+001  7.83333e+001
            86  1.16697e+002  8.60000e+001 -1.70244e+001  1.32504e+001  7.86667e+001
            87  1.16838e+002  8.70000e+001 -1.70304e+001  1.32504e+001  7.90000e+001
            88  1.16969e+002  8.80000e+001 -1.70356e+001  1.32504e+001  7.93333e+001
            89  1.17105e+002  8.90000e+001 -1.70409e+001  1.32504e+001  7.96667e+001
            90  1.17246e+002  9.00000e+001 -1.70509e+001  1.32503e+001  8.00000e+001
            91  1.17384e+002  9.10000e+001 -1.70578e+001  1.32503e+001  8.03333e+001
            92  1.17527e+002  9.20000e+001 -1.70625e+001  1.32502e+001  8.06667e+001
            93  1.17661e+002  9.30000e+001 -1.70659e+001  1.32502e+001  8.10000e+001
            94  1.17815e+002  9.40000e+001 -1.70660e+001  1.32501e+001  8.13333e+001
            95  1.17963e+002  9.50000e+001 -1.70674e+001  1.32501e+001  8.16667e+001
            96  1.18101e+002  9.60000e+001 -1.70704e+001  1.32501e+001  8.20000e+001
            97  1.18247e+002  9.70000e+001 -1.70745e+001  1.32501e+001  8.23333e+001
            98  1.18396e+002  9.80000e+001 -1.70756e+001  1.32502e+001  8.26667e+001
            99  1.18544e+002  9.90000e+001 -1.70761e+001  1.32502e+001  8.30000e+001
           100  1.18700e+002  1.00000e+002 -1.70771e+001  1.32503e+001  8.33333e+001
           101  1.18848e+002  1.01000e+002 -1.70783e+001  1.32503e+001  8.36667e+001
           102  1.19010e+002  1.02000e+002 -1.70788e+001  1.32504e+001  8.40000e+001
           103  1.19164e+002  1.03000e+002 -1.70824e+001  1.32505e+001  8.43333e+001
           104  1.19317e+002  1.04000e+002 -1.70859e+001  1.32506e+001  8.46667e+001
           105  1.19469e+002  1.05000e+002 -1.70891e+001  1.32506e+001  8.50000e+001
           106  1.19615e+002  1.06000e+002 -1.70975e+001  1.32507e+001  8.53333e+001
           107  1.19773e+002  1.07000e+002 -1.71022e+001  1.32508e+001  8.56667e+001
           108  1.19933e+002  1.08000e+002 -1.71067e+001  1.32508e+001  8.60000e+001
           109  1.20101e+002  1.09000e+002 -1.71119e+001  1.32509e+001  8.63333e+001
           110  1.20265e+002  1.10000e+002 -1.71194e+001  1.32509e+001  8.66667e+001
           111  1.20436e+002  1.11000e+002 -1.71249e+001  1.32509e+001  8.70000e+001
           112  1.20584e+002  1.12000e+002 -1.71301e+001  1.32509e+001  8.73333e+001
           113  1.20756e+002  1.13000e+002 -1.71354e+001  1.32509e+001  8.76667e+001
           114  1.20921e+002  1.14000e+002 -1.71393e+001  1.32509e+001  8.80000e+001
           115  1.21088e+002  1.15000e+002 -1.71439e+001  1.32509e+001  8.83333e+001
           116  1.21254e+002  1.16000e+002 -1.71474e+001  1.32509e+001  8.86667e+001
           117  1.21431e+002  1.17000e+002 -1.71506e+001  1.32509e+001  8.90000e+001
           118  1.21602e+002  1.18000e+002 -1.71531e+001  1.32509e+001  8.93333e+001
           119  1.21766e+002  1.19000e+002 -1.71560e+001  1.32508e+001  8.96667e+001
           120  1.21940e+002  1.20000e+002 -1.71603e+001  1.32508e+001  9.00000e+001
           121  1.22108e+002  1.21000e+002 -1.71653e+001  1.32507e+001  9.03333e+001
           122  1.22289e+002  1.22000e+002 -1.71654e+001  1.32507e+001  9.06667e+001
           123  1.22471e+002  1.23000e+002 -1.71677e+001  1.32506e+001  9.10000e+001
           124  1.22645e+002  1.24000e+002 -1.71703e+001  1.32506e+001  9.13333e+001
           125  1.22824e+002  1.25000e+002 -1.71724e+001  1.32505e+001  9.16667e+001
           126  1.23004e+002  1.26000e+002 -1.71754e+001  1.32505e+001  9.20000e+001
           127  1.23181e+002  1.27000e+002 -1.71791e+001  1.32504e+001  9.23333e+001
           128  1.23358e+002  1.28000e+002 -1.71831e+001  1.32504e+001  9.26667e+001
           129  1.23542e+002  1.29000e+002 -1.71875e+001  1.32504e+001  9.30000e+001
           130  1.23722e+002  1.30000e+002 -1.71930e+001  1.32504e+001  9.33333e+001
           131  1.23910e+002  1.31000e+002 -1.71983e+001  1.32504e+001  9.36667e+001
           132  1.24095e+002  1.32000e+002 -1.72036e+001  1.32504e+001  9.40000e+001
           133  1.24285e+002  1.33000e+002 -1.72076e+001  1.32505e+001  9.43333e+001
           134  1.24475e+002  1.34000e+002 -1.72116e+001  1.32505e+001  9.46667e+001
           135  1.24658e+002  1.35000e+002 -1.72152e+001  1.32506e+001  9.50000e+001
           136  1.24851e+002  1.36000e+002 -1.72186e+001  1.32507e+001  9.53333e+001
           137  1.25050e+002  1.37000e+002 -1.72227e+001  1.32507e+001  9.56667e+001
           138  1.25231e+002  1.38000e+002 -1.72289e+001  1.32508e+001  9.60000e+001
           139  1.25427e+002  1.39000e+002 -1.72340e+001  1.32509e+001  9.63333e+001
           140  1.25619e+002  1.40000e+002 -1.72380e+001  1.32509e+001  9.66667e+001
           141  1.25811e+002  1.41000e+002 -1.72417e+001  1.32509e+001  9.70000e+001
           142  1.26006e+002  1.42000e+002 -1.72433e+001  1.32509e+001  9.73333e+001
           143  1.26202e+002  1.43000e+002 -1.72466e+001  1.32509e+001  9.76667e+001
           144  1.26401e+002  1.44000e+002 -1.72498e+001  1.32509e+001  9.80000e+001
           145  1.26605e+002  1.45000e+002 -1.72530e+001  1.32509e+001  9.83333e+001
           146  1.26798e+002  1.46000e+002 -1.72581e+001  1.32508e+001  9.86667e+001
           147  1.26999e+002  1.47000e+002 -1.72626e+001  1.32508e+001  9.90000e+001
           148  1.27202e+002  1.48000e+002 -1.72669e+001  1.32507e+001  9.93333e+001
           149  1.27402e+002  1.49000e+002 -1.72718e+001  1.32507e+001  9.96667e+001
           150  1.27604e+002  1.50000e+002 -1.72769e+001  1.32507e+001  1.00000e+002
           151  1.27801e+002  1.51000e+002 -1.72802e+001  1.32507e+001  1.00333e+002
           152  1.28007e+002  1.52000e+002 -1.72848e+001  1.32507e+001  1.00667e+002
           153  1.28215e+002  1.53000e+002 -1.72887e+001  1.32506e+001  1.01000e+002
           154  1.28421e+002  1.54000e+002 -1.72921e+001  1.32506e+001  1.01333e+002
           155  1.28634e+002  1.55000e+002 -1.72980e+001  1.32506e+001  1.01667e+002
           156  1.28843e+002  1.56000e+002 -1.73022e+001  1.32506e+001  1.02000e+002
           157  1.29053e+002  1.57000e+002 -1.73046e+001  1.32505e+001  1.02333e+002
           158  1.29260e+002  1.58000e+002 -1.73069e+001  1.32505e+001  1.02667e+002
           159  1.29472e+002  1.59000e+002 -1.73106e+001  1.32504e+001  1.03000e+002
           160  1.29680e+002  1.60000e+002 -1.73140e+001  1.32504e+001  1.03333e+002
           161  1.29900e+002  1.61000e+002 -1.73173e+001  1.32504e+001  1.03667e+002
           162  1.30113e+002  1.62000e+002 -1.73215e+001  1.32503e+001  1.04000e+002
           163  1.30333e+002  1.63000e+002 -1.73246e+001  1.32503e+001  1.04333e+002
           164  1.30542e+002  1.64000e+002 -1.73286e+001  1.32503e+001  1.04667e+002
           165  1.30752e+002  1.65000e+002 -1.73314e+001  1.32503e+001  1.05000e+002
           166  1.30964e+002  1.66000e+002 -1.73341e+001  1.32503e+001  1.05333e+002
           167  1.31191e+002  1.67000e+002 -1.73377e+001  1.32503e+001  1.05667e+002
           168  1.31405e+002  1.68000e+002 -1.73411e+001  1.32503e+001  1.06000e+002
           169  1.31636e+002  1.69000e+002 -1.73444e+001  1.32503e+001  1.06333e+002
           170  1.31854e+002  1.70000e+002 -1.73482e+001  1.32504e+001  1.06667e+002
           171  1.32065e+002  1.71000e+002 -1.73541e+001  1.32505e+001  1.07000e+002
           172  1.32279e+002  1.72000e+002 -1.73586e+001  1.32505e+001  1.07333e+002
           173  1.32499e+002  1.73000e+002 -1.73613e+001  1.32506e+001  1.07667e+002
           174  1.32736e+002  1.74000e+002 -1.73639e+001  1.32507e+001  1.08000e+002
           175  1.32968e+002  1.75000e+002 -1.73663e+001  1.32507e+001  1.08333e+002
           176  1.33188e+002  1.76000e+002 -1.73700e+001  1.32508e+001  1.08667e+002
           177  1.33409e+002  1.77000e+002 -1.73732e+001  1.32509e+001  1.09000e+002
           178  1.33631e+002  1.78000e+002 -1.73777e+001  1.32509e+001  1.09333e+002
           179  1.33858e+002  1.79000e+002 -1.73857e+001  1.32510e+001  1.09667e+002
           180  1.34074e+002  1.80000e+002 -1.73917e+001  1.32510e+001  1.10000e+002
           181  1.34314e+002  1.81000e+002 -1.73968e+001  1.32511e+001  1.10333e+002
           182  1.34551e+002  1.82000e+002 -1.74014e+001  1.32511e+001  1.10667e+002
           183  1.34775e+002  1.83000e+002 -1.74042e+001  1.32511e+001  1.11000e+002
           184  1.35009e+002  1.84000e+002 -1.74077e+001  1.32510e+001  1.11333e+002
           185  1.35236e+002  1.85000e+002 -1.74103e+001  1.32510e+001  1.11667e+002
           186  1.35477e+002  1.86000e+002 -1.74121e+001  1.32510e+001  1.12000e+002
           187  1.35710e+002  1.87000e+002 -1.74159e+001  1.32510e+001  1.12333e+002
           188  1.35937e+002  1.88000e+002 -1.74185e+001  1.32509e+001  1.12667e+002
           189  1.36177e+002  1.89000e+002 -1.74209e+001  1.32509e+001  1.13000e+002
           190  1.36412e+002  1.90000e+002 -1.74219e+001  1.32509e+001  1.13333e+002
           191  1.36659e+002  1.91000e+002 -1.74195e+001  1.32509e+001  1.13667e+002
           192  1.36893e+002  1.92000e+002 -1.74198e+001  1.32509e+001  1.14000e+002
           193  1.37122e+002  1.93000e+002 -1.74199e+001  1.32508e+001  1.14333e+002
           194  1.37361e+002  1.94000e+002 -1.74200e+001  1.32508e+001  1.14667e+002
           195  1.37594e+002  1.95000e+002 -1.74207e+001  1.32509e+001  1.15000e+002
           196  1.37838e+002  1.96000e+002 -1.74206e+001  1.32509e+001  1.15333e+002
           197  1.38077e+002  1.97000e+002 -1.74198e+001  1.32509e+001  1.15667e+002
           198  1.38318e+002  1.98000e+002 -1.74188e+001  1.32509e+001  1.16000e+002
           199  1.38555e+002  1.99000e+002 -1.74183e+001  1.32509e+001  1.16333e+002
           200  1.38808e+002  2.00000e+002 -1.74193e+001  1.32509e+001  1.16667e+002
           201  1.39053e+002  2.01000e+002 -1.74204e+001  1.32509e+001  1.17000e+002
           202  1.39294e+002  2.02000e+002 -1.74213e+001  1.32509e+001  1.17333e+002
           203  1.39542e+002  2.03000e+002 -1.74194e+001  1.32509e+001  1.17667e+002
           204  1.39795e+002  2.04000e+002 -1.74192e+001  1.32509e+001  1.18000e+002
           205  1.40036e+002  2.05000e+002 -1.74200e+001  1.32509e+001  1.18333e+002
           206  1.40287e+002  2.06000e+002 -1.74218e+001  1.32510e+001  1.18667e+002
           207  1.40540e+002  2.07000e+002 -1.74238e+001  1.32510e+001  1.19000e+002
           208  1.40781e+002  2.08000e+002 -1.74261e+001  1.32511e+001  1.19333e+002
           209  1.41027e+002  2.09000e+002 -1.74292e+001  1.32511e+001  1.19667e+002
           210  1.41281e+002  2.10000e+002 -1.74326e+001  1.32512e+001  1.20000e+002
           211  1.41534e+002  2.11000e+002 -1.74349e+001  1.32513e+001  1.20333e+002
           212  1.41774e+002  2.12000e+002 -1.74370e+001  1.32513e+001  1.20667e+002
           213  1.42016e+002  2.13000e+002 -1.74395e+001  1.32513e+001  1.21000e+002
           214  1.42278e+002  2.14000e+002 -1.74420e+001  1.32514e+001  1.21333e+002
           215  1.42528e+002  2.15000e+002 -1.74502e+001  1.32513e+001  1.21667e+002
           216  1.42792e+002  2.16000e+002 -1.74552e+001  1.32513e+001  1.22000e+002
           217  1.43042e+002  2.17000e+002 -1.74592e+001  1.32513e+001  1.22333e+002
           218  1.43292e+002  2.18000e+002 -1.74630e+001  1.32513e+001  1.22667e+002
           219  1.43547e+002  2.19000e+002 -1.74669e+001  1.32513e+001  1.23000e+002
           220  1.43796e+002  2.20000e+002 -1.74722e+001  1.32513e+001  1.23333e+002
           221  1.44056e+002  2.21000e+002 -1.74779e+001  1.32513e+001  1.23667e+002
           222  1.44323e+002  2.22000e+002 -1.74836e+001  1.32512e+001  1.24000e+002
           223  1.44574e+002  2.23000e+002 -1.74886e+001  1.32512e+001  1.24333e+002
           224  1.44832e+002  2.24000e+002 -1.74936e+001  1.32512e+001  1.24667e+002
           225  1.45084e+002  2.25000e+002 -1.74989e+001  1.32512e+001  1.25000e+002
           226  1.45352e+002  2.26000e+002 -1.75038e+001  1.32512e+001  1.25333e+002
           227  1.45612e+002  2.27000e+002 -1.75082e+001  1.32512e+001  1.25667e+002
           228  1.45872e+002  2.28000e+002 -1.75104e+001  1.32512e+001  1.26000e+002
           229  1.46142e+002  2.29000e+002 -1.75125e+001  1.32512e+001  1.26333e+002
           230  1.46397e+002  2.30000e+002 -1.75148e+001  1.32511e+001  1.26667e+002
           231  1.46658e+002  2.31000e+002 -1.75165e+001  1.32511e+001  1.27000e+002
           232  1.46920e+002  2.32000e+002 -1.75196e+001  1.32511e+001  1.27333e+002
           233  1.47185e+002  2.33000e+002 -1.75214e+001  1.32511e+001  1.27667e+002
           234  1.47446e+002  2.34000e+002 -1.75234e+001  1.32511e+001  1.28000e+002
           235  1.47711e+002  2.35000e+002 -1.75224e+001  1.32511e+001  1.28333e+002
           236  1.47985e+002  2.36000e+002 -1.75234e+001  1.32511e+001  1.28667e+002
           237  1.48252e+002  2.37000e+002 -1.75247e+001  1.32511e+001  1.29000e+002
           238  1.48517e+002  2.38000e+002 -1.75267e+001  1.32510e+001  1.29333e+002
           239  1.48782e+002  2.39000e+002 -1.75300e+001  1.32510e+001  1.29667e+002
           240  1.49050e+002  2.40000e+002 -1.75333e+001  1.32510e+001  1.30000e+002
           241  1.49312e+002  2.41000e+002 -1.75361e+001  1.32510e+001  1.30333e+002
           242  1.49595e+002  2.42000e+002 -1.75383e+001  1.32510e+001  1.30667e+002
           243  1.49858e+002  2.43000e+002 -1.75398e+001  1.32509e+001  1.31000e+002
           244  1.50128e+002  2.44000e+002 -1.75421e+001  1.32509e+001  1.31333e+002
           245  1.50401e+002  2.45000e+002 -1.75438e+001  1.32509e+001  1.31667e+002
           246  1.50672e+002  2.46000e+002 -1.75455e+001  1.32509e+001  1.32000e+002
           247  1.50946e+002  2.47000e+002 -1.75466e+001  1.32509e+001  1.32333e+002
           248  1.51215e+002  2.48000e+002 -1.75500e+001  1.32509e+001  1.32667e+002
           249  1.51487e+002  2.49000e+002 -1.75518e+001  1.32510e+001  1.33000e+002
           250  1.51759e+002  2.50000e+002 -1.75538e+001  1.32510e+001  1.33333e+002
           251  1.52033e+002  2.51000e+002 -1.75563e+001  1.32510e+001  1.33667e+002
           252  1.52310e+002  2.52000e+002 -1.75567e+001  1.32510e+001  1.34000e+002
           253  1.52580e+002  2.53000e+002 -1.75589e+001  1.32511e+001  1.34333e+002
           254  1.52858e+002  2.54000e+002 -1.75612e+001  1.32511e+001  1.34667e+002
           255  1.53138e+002  2.55000e+002 -1.75633e+001  1.32512e+001  1.35000e+002
           256  1.53415e+002  2.56000e+002 -1.75647e+001  1.32512e+001  1.35333e+002
           257  1.53691e+002  2.57000e+002 -1.75666e+001  1.32513e+001  1.35667e+002
           258  1.53962e+002  2.58000e+002 -1.75687e+001  1.32513e+001  1.36000e+002
           259  1.54239e+002  2.59000e+002 -1.75708e+001  1.32513e+001  1.36333e+002
           260  1.54533e+002  2.60000e+002 -1.75746e+001  1.32513e+001  1.36667e+002
           261  1.54811e+002  2.61000e+002 -1.75774e+001  1.32513e+001  1.37000e+002
           262  1.55085e+002  2.62000e+002 -1.75801e+001  1.32513e+001  1.37333e+002
           263  1.55374e+002  2.63000e+002 -1.75819e+001  1.32513e+001  1.37667e+002
           264  1.55645e+002  2.64000e+002 -1.75840e+001  1.32513e+001  1.38000e+002
           265  1.55923e+002  2.65000e+002 -1.75873e+001  1.32513e+001  1.38333e+002
           266  1.56201e+002  2.66000e+002 -1.75918e+001  1.32512e+001  1.38667e+002
           267  1.56486e+002  2.67000e+002 -1.75960e+001  1.32512e+001  1.39000e+002
           268  1.56766e+002  2.68000e+002 -1.76028e+001  1.32511e+001  1.39333e+002
           269  1.57053e+002  2.69000e+002 -1.76083e+001  1.32511e+001  1.39667e+002
           270  1.57339e+002  2.70000e+002 -1.76119e+001  1.32510e+001  1.40000e+002
           271  1.57622e+002  2.71000e+002 -1.76147e+001  1.32510e+001  1.40333e+002
           272  1.57915e+002  2.72000e+002 -1.76223e+001  1.32509e+001  1.40667e+002
           273  1.58190e+002  2.73000e+002 -1.76296e+001  1.32509e+001  1.41000e+002
           274  1.58477e+002  2.74000e+002 -1.76407e+001  1.32508e+001  1.41333e+002
           275  1.58752e+002  2.75000e+002 -1.76553e+001  1.32508e+001  1.41667e+002
           276  1.59044e+002  2.76000e+002 -1.76764e+001  1.32508e+001  1.42000e+002
           277  1.59343e+002  2.77000e+002 -1.76891e+001  1.32508e+001  1.42333e+002
           278  1.59623e+002  2.78000e+002 -1.77007e+001  1.32508e+001  1.42667e+002
           279  1.59916e+002  2.79000e+002 -1.77130e+001  1.32508e+001  1.43000e+002
           280  1.60203e+002  2.80000e+002 -1.77313e+001  1.32509e+001  1.43333e+002
           281  1.60493e+002  2.81000e+002 -1.77415e+001  1.32509e+001  1.43667e+002
           282  1.60785e+002  2.82000e+002 -1.77866e+001  1.32510e+001  1.44000e+002
           283  1.61061e+002  2.83000e+002 -1.78521e+001  1.32510e+001  1.44333e+002
           284  1.61351e+002  2.84000e+002 -1.79710e+001  1.32511e+001  1.44667e+002
           285  1.61643e+002  2.85000e+002 -1.81240e+001  1.32512e+001  1.45000e+002
           286  1.61936e+002  2.86000e+002 -1.83307e+001  1.32512e+001  1.45333e+002
           287  1.62221e+002  2.87000e+002 -1.85795e+001  1.32513e+001  1.45667e+002
           288  1.62501e+002  2.88000e+002 -1.89461e+001  1.32513e+001  1.46000e+002
           289  1.62787e+002  2.89000e+002 -1.93339e+001  1.32514e+001  1.46333e+002
           290  1.63071e+002  2.90000e+002 -1.97794e+001  1.32514e+001  1.46667e+002
           291  1.63364e+002  2.91000e+002 -2.02690e+001  1.32515e+001  1.47000e+002
           292  1.63642e+002  2.92000e+002 -2.08641e+001  1.32515e+001  1.47333e+002
           293  1.63922e+002  2.93000e+002 -2.14809e+001  1.32516e+001  1.47667e+002
           294  1.64206e+002  2.94000e+002 -2.21995e+001  1.32516e+001  1.48000e+002
           295  1.64487e+002  2.95000e+002 -2.29583e+001  1.32517e+001  1.48333e+002
           296  1.64768e+002  2.96000e+002 -2.37608e+001  1.32518e+001  1.48667e+002
           297  1.65040e+002  2.97000e+002 -2.45537e+001  1.32519e+001  1.49000e+002
           298  1.65323e+002  2.98000e+002 -2.53558e+001  1.32519e+001  1.49333e+002
           299  1.65600e+002  2.99000e+002 -2.61798e+001  1.32520e+001  1.49667e+002
           300  1.65884e+002  3.00000e+002 -2.68983e+001  1.32521e+001  1.50000e+002
           301  1.66167e+002  3.01000e+002 -2.73398e+001  1.32522e+001  1.50333e+002
           302  1.66457e+002  3.02000e+002 -2.76034e+001  1.32523e+001  1.50667e+002
           303  1.66755e+002  3.03000e+002 -2.77584e+001  1.32524e+001  1.51000e+002
           304  1.67043e+002  3.04000e+002 -2.77339e+001  1.32524e+001  1.51333e+002
           305  1.67339e+002  3.05000e+002 -2.76486e+001  1.32524e+001  1.51667e+002
           306  1.67633e+002  3.06000e+002 -2.74835e+001  1.32525e+001  1.52000e+002
           307  1.67944e+002  3.07000e+002 -2.72993e+001  1.32525e+001  1.52333e+002
           308  1.68245e+002  3.08000e+002 -2.70193e+001  1.32524e+001  1.52667e+002
           309  1.68540e+002  3.09000e+002 -2.67217e+001  1.32524e+001  1.53000e+002
           310  1.68849e+002  3.10000e+002 -2.64102e+001  1.32523e+001  1.53333e+002
           311  1.69153e+002  3.11000e+002 -2.60923e+001  1.32523e+001  1.53667e+002
           312  1.69458e+002  3.12000e+002 -2.57540e+001  1.32523e+001  1.54000e+002
           313  1.69756e+002  3.13000e+002 -2.54290e+001  1.32522e+001  1.54333e+002
           314  1.70062e+002  3.14000e+002 -2.51220e+001  1.32522e+001  1.54667e+002
           315  1.70371e+002  3.15000e+002 -2.48252e+001  1.32522e+001  1.55000e+002
           316  1.70675e+002  3.16000e+002 -2.45244e+001  1.32523e+001  1.55333e+002
           317  1.70986e+002  3.17000e+002 -2.42251e+001  1.32523e+001  1.55667e+002
           318  1.71298e+002  3.18000e+002 -2.39244e+001  1.32523e+001  1.56000e+002
           319  1.71600e+002  3.19000e+002 -2.36173e+001  1.32523e+001  1.56333e+002
           320  1.71911e+002  3.20000e+002 -2.33394e+001  1.32523e+001  1.56667e+002
           321  1.72216e+002  3.21000e+002 -2.30409e+001  1.32523e+001  1.57000e+002
           322  1.72530e+002  3.22000e+002 -2.27389e+001  1.32522e+001  1.57333e+002
           323  1.72834e+002  3.23000e+002 -2.24556e+001  1.32522e+001  1.57667e+002
           324  1.73149e+002  3.24000e+002 -2.22083e+001  1.32520e+001  1.58000e+002
           325  1.73454e+002  3.25000e+002 -2.19442e+001  1.32519e+001  1.58333e+002
           326  1.73759e+002  3.26000e+002 -2.16998e+001  1.32519e+001  1.58667e+002
           327  1.74071e+002  3.27000e+002 -2.14751e+001  1.32518e+001  1.59000e+002
           328  1.74383e+002  3.28000e+002 -2.12867e+001  1.32518e+001  1.59333e+002
           329  1.74687e+002  3.29000e+002 -2.10755e+001  1.32517e+001  1.59667e+002
           330  1.75007e+002  3.30000e+002 -2.08601e+001  1.32517e+001  1.60000e+002
           331  1.75321e+002  3.31000e+002 -2.06580e+001  1.32517e+001  1.60333e+002
           332  1.75631e+002  3.32000e+002 -2.05004e+001  1.32517e+001  1.60667e+002
           333  1.75943e+002  3.33000e+002 -2.03210e+001  1.32517e+001  1.61000e+002
           334  1.76255e+002  3.34000e+002 -2.01515e+001  1.32518e+001  1.61333e+002
           335  1.76558e+002  3.35000e+002 -1.99916e+001  1.32518e+001  1.61667e+002
           336  1.76868e+002  3.36000e+002 -1.98378e+001  1.32518e+001  1.62000e+002
           337  1.77186e+002  3.37000e+002 -1.97486e+001  1.32518e+001  1.62333e+002
           338  1.77500e+002  3.38000e+002 -1.96223e+001  1.32518e+001  1.62667e+002
           339  1.77803e+002  3.39000e+002 -1.94911e+001  1.32519e+001  1.63000e+002
           340  1.78125e+002  3.40000e+002 -1.93763e+001  1.32519e+001  1.63333e+002
           341  1.78439e+002  3.41000e+002 -1.92906e+001  1.32519e+001  1.63667e+002
           342  1.78743e+002  3.42000e+002 -1.91824e+001  1.32520e+001  1.64000e+002
           343  1.79059e+002  3.43000e+002 -1.90788e+001  1.32520e+001  1.64333e+002
           344  1.79382e+002  3.44000e+002 -1.89713e+001  1.32520e+001  1.64667e+002
           345  1.79695e+002  3.45000e+002 -1.89269e+001  1.32521e+001  1.65000e+002
           346  1.80001e+002  3.46000e+002 -1.88531e+001  1.32521e+001  1.65333e+002
           347  1.80322e+002  3.47000e+002 -1.87706e+001  1.32520e+001  1.65667e+002
           348  1.80638e+002  3.48000e+002 -1.86817e+001  1.32520e+001  1.66000e+002
           349  1.80949e+002  3.49000e+002 -1.86405e+001  1.32519e+001  1.66333e+002
           350  1.81274e+002  3.50000e+002 -1.85807e+001  1.32518e+001  1.66667e+002
           351  1.81582e+002  3.51000e+002 -1.85187e+001  1.32517e+001  1.67000e+002
           352  1.81907e+002  3.52000e+002 -1.84579e+001  1.32516e+001  1.67333e+002
           353  1.82218e+002  3.53000e+002 -1.84158e+001  1.32515e+001  1.67667e+002
           354  1.82535e+002  3.54000e+002 -1.83671e+001  1.32514e+001  1.68000e+002
           355  1.82838e+002  3.55000e+002 -1.83178e+001  1.32513e+001  1.68333e+002
           356  1.83161e+002  3.56000e+002 -1.82692e+001  1.32513e+001  1.68667e+002
           357  1.83483e+002  3.57000e+002 -1.82401e+001  1.32513e+001  1.69000e+002
           358  1.83800e+002  3.58000e+002 -1.82003e+001  1.32513e+001  1.69333e+002
           359  1.84116e+002  3.59000e+002 -1.81581e+001  1.32512e+001  1.69667e+002
           360  1.84431e+002  3.60000e+002 -1.81172e+001  1.32512e+001  1.70000e+002
           361  1.84752e+002  3.61000e+002 -1.80879e+001  1.32512e+001  1.70333e+002
           362  1.85071e+002  3.62000e+002 -1.80549e+001  1.32512e+001  1.70667e+002
           363  1.85386e+002  3.63000e+002 -1.80233e+001  1.32513e+001  1.71000e+002
           364  1.85703e+002  3.64000e+002 -1.79933e+001  1.32513e+001  1.71333e+002
           365  1.86022e+002  3.65000e+002 -1.79694e+001  1.32513e+001  1.71667e+002
           366  1.86343e+002  3.66000e+002 -1.79433e+001  1.32514e+001  1.72000e+002
           367  1.86665e+002  3.67000e+002 -1.79187e+001  1.32514e+001  1.72333e+002
           368  1.86982e+002  3.68000e+002 -1.78965e+001  1.32515e+001  1.72667e+002
           369  1.87305e+002  3.69000e+002 -1.78835e+001  1.32516e+001  1.73000e+002
           370  1.87625e+002  3.70000e+002 -1.78647e+001  1.32517e+001  1.73333e+002
           371  1.87943e+002  3.71000e+002 -1.78448e+001  1.32518e+001  1.73667e+002
           372  1.88273e+002  3.72000e+002 -1.78257e+001  1.32518e+001  1.74000e+002
           373  1.88588e+002  3.73000e+002 -1.78194e+001  1.32519e+001  1.74333e+002
           374  1.88902e+002  3.74000e+002 -1.78086e+001  1.32520e+001  1.74667e+002
           375  1.89226e+002  3.75000e+002 -1.77965e+001  1.32520e+001  1.75000e+002
           376  1.89542e+002  3.76000e+002 -1.77840e+001  1.32521e+001  1.75333e+002
           377  1.89862e+002  3.77000e+002 -1.77772e+001  1.32521e+001  1.75667e+002
           378  1.90188e+002  3.78000e+002 -1.77673e+001  1.32521e+001  1.76000e+002
           379  1.90514e+002  3.79000e+002 -1.77563e+001  1.32521e+001  1.76333e+002
           380  1.90835e+002  3.80000e+002 -1.77461e+001  1.32521e+001  1.76667e+002
           381  1.91157e+002  3.81000e+002 -1.77416e+001  1.32520e+001  1.77000e+002
           382  1.91480e+002  3.82000e+002 -1.77347e+001  1.32519e+001  1.77333e+002
           383  1.91809e+002  3.83000e+002 -1.77273e+001  1.32519e+001  1.77667e+002
           384  1.92118e+002  3.84000e+002 -1.77200e+001  1.32518e+001  1.78000e+002
           385  1.92450e+002  3.85000e+002 -1.77137e+001  1.32517e+001  1.78333e+002
           386  1.92779e+002  3.86000e+002 -1.77066e+001  1.32516e+001  1.78667e+002
           387  1.93094e+002  3.87000e+002 -1.77000e+001  1.32515e+001  1.79000e+002
           388  1.93425e+002  3.88000e+002 -1.76937e+001  1.32515e+001  1.79333e+002
           389  1.93749e+002  3.89000e+002 -1.76918e+001  1.32514e+001  1.79667e+002
           390  1.94070e+002  3.90000e+002 -1.76855e+001  1.32514e+001  1.80000e+002
           391  1.94396e+002  3.91000e+002 -1.76767e+001  1.32514e+001  1.80333e+002
           392  1.94718e+002  3.92000e+002 -1.76667e+001  1.32515e+001  1.80667e+002
           393  1.95045e+002  3.93000e+002 -1.76576e+001  1.32516e+001  1.81000e+002
           394  1.95364e+002  3.94000e+002 -1.76492e+001  1.32516e+001  1.81333e+002
           395  1.95689e+002  3.95000e+002 -1.76412e+001  1.32517e+001  1.81667e+002
           396  1.96017e+002  3.96000e+002 -1.76349e+001  1.32518e+001  1.82000e+002
           397  1.96345e+002  3.97000e+002 -1.76261e+001  1.32519e+001  1.82333e+002
           398  1.96672e+002  3.98000e+002 -1.76183e+001  1.32521e+001  1.82667e+002
           399  1.96993e+002  3.99000e+002 -1.76095e+001  1.32523e+001  1.83000e+002
           400  1.97318e+002  4.00000e+002 -1.75998e+001  1.32525e+001  1.83333e+002
           401  1.97648e+002  4.01000e+002 -1.75900e+001  1.32529e+001  1.83667e+002
           402  1.97977e+002  4.02000e+002 -1.75821e+001  1.32532e+001  1.84000e+002
           403  1.98297e+002  4.03000e+002 -1.75744e+001  1.32535e+001  1.84333e+002
           404  1.98621e+002  4.04000e+002 -1.75667e+001  1.32538e+001  1.84667e+002
           405  1.98950e+002  4.05000e+002 -1.75658e+001  1.32542e+001  1.85000e+002
           406  1.99282e+002  4.06000e+002 -1.75639e+001  1.32544e+001  1.85333e+002
           407  1.99608e+002  4.07000e+002 -1.75617e+001  1.32546e+001  1.85667e+002
           408  1.99935e+002  4.08000e+002 -1.75600e+001  1.32547e+001  1.86000e+002
           409  2.00260e+002  4.09000e+002 -1.75595e+001  1.32546e+001  1.86333e+002
           410  2.00580e+002  4.10000e+002 -1.75598e+001  1.32545e+001  1.86667e+002
           411  2.00913e+002  4.11000e+002 -1.75596e+001  1.32544e+001  1.87000e+002
           412  2.01242e+002  4.12000e+002 -1.75600e+001  1.32543e+001  1.87333e+002
           413  2.01576e+002  4.13000e+002 -1.75696e+001  1.32540e+001  1.87667e+002
           414  2.01901e+002  4.14000e+002 -1.75740e+001  1.32537e+001  1.88000e+002
           415  2.02231e+002  4.15000e+002 -1.75773e+001  1.32535e+001  1.88333e+002
           416  2.02557e+002  4.16000e+002 -1.75799e+001  1.32532e+001  1.88667e+002
           417  2.02886e+002  4.17000e+002 -1.75865e+001  1.32529e+001  1.89000e+002
           418  2.03219e+002  4.18000e+002 -1.75901e+001  1.32526e+001  1.89333e+002
           419  2.03549e+002  4.19000e+002 -1.75932e+001  1.32523e+001  1.89667e+002
           420  2.03884e+002  4.20000e+002 -1.75958e+001  1.32520e+001  1.90000e+002
           421  2.04213e+002  4.21000e+002 -1.75965e+001  1.32518e+001  1.90333e+002
           422  2.04546e+002  4.22000e+002 -1.75977e+001  1.32517e+001  1.90667e+002
           423  2.04873e+002  4.23000e+002 -1.76004e+001  1.32515e+001  1.91000e+002
           424  2.05204e+002  4.24000e+002 -1.76040e+001  1.32514e+001  1.91333e+002
           425  2.05533e+002  4.25000e+002 -1.76045e+001  1.32514e+001  1.91667e+002
           426  2.05862e+002  4.26000e+002 -1.76055e+001  1.32514e+001  1.92000e+002
           427  2.06194e+002  4.27000e+002 -1.76076e+001  1.32515e+001  1.92333e+002
           428  2.06524e+002  4.28000e+002 -1.76110e+001  1.32515e+001  1.92667e+002
           429  2.06851e+002  4.29000e+002 -1.76154e+001  1.32516e+001  1.93000e+002
           430  2.07189e+002  4.30000e+002 -1.76202e+001  1.32517e+001  1.93333e+002
           431  2.07520e+002  4.31000e+002 -1.76249e+001  1.32518e+001  1.93667e+002
           432  2.07845e+002  4.32000e+002 -1.76292e+001  1.32519e+001  1.94000e+002
           433  2.08182e+002  4.33000e+002 -1.76332e+001  1.32519e+001  1.94333e+002
           434  2.08517e+002  4.34000e+002 -1.76369e+001  1.32520e+001  1.94667e+002
           435  2.08847e+002  4.35000e+002 -1.76382e+001  1.32521e+001  1.95000e+002
           436  2.09167e+002  4.36000e+002 -1.76400e+001  1.32521e+001  1.95333e+002
           437  2.09493e+002  4.37000e+002 -1.76419e+001  1.32521e+001  1.95667e+002
           438  2.09831e+002  4.38000e+002 -1.76428e+001  1.32521e+001  1.96000e+002
           439  2.10163e+002  4.39000e+002 -1.76424e+001  1.32521e+001  1.96333e+002
           440  2.10494e+002  4.40000e+002 -1.76411e+001  1.32521e+001  1.96667e+002
           441  2.10831e+002  4.41000e+002 -1.76392e+001  1.32521e+001  1.97000e+002
           442  2.11163e+002  4.42000e+002 -1.76305e+001  1.32521e+001  1.97333e+002
           443  2.11494e+002  4.43000e+002 -1.76260e+001  1.32521e+001  1.97667e+002
           444  2.11824e+002  4.44000e+002 -1.76209e+001  1.32521e+001  1.98000e+002
           445  2.12157e+002  4.45000e+002 -1.76160e+001  1.32521e+001  1.98333e+002
           446  2.12493e+002  4.46000e+002 -1.76087e+001  1.32521e+001  1.98667e+002
           447  2.12824e+002  4.47000e+002 -1.76023e+001  1.32521e+001  1.99000e+002
           448  2.13157e+002  4.48000e+002 -1.75953e+001  1.32521e+001  1.99333e+002
           449  2.13498e+002  4.49000e+002 -1.75879e+001  1.32521e+001  1.99667e+002
           450  2.13826e+002  4.50000e+002 -1.75766e+001  1.32521e+001  2.00000e+002
           451  2.14159e+002  4.51000e+002 -1.75672e+001  1.32522e+001  2.00333e+002
           452  2.14495e+002  4.52000e+002 -1.75604e+001  1.32522e+001  2.00667e+002
           453  2.14829e+002  4.53000e+002 -1.75542e+001  1.32522e+001  2.01000e+002
           454  2.15168e+002  4.54000e+002 -1.75456e+001  1.32522e+001  2.01333e+002
           455  2.15496e+002  4.55000e+002 -1.75405e+001  1.32522e+001  2.01667e+002
           456  2.15828e+002  4.56000e+002 -1.75369e+001  1.32522e+001  2.02000e+002
           457  2.16159e+002  4.57000e+002 -1.75335e+001  1.32522e+001  2.02333e+002
           458  2.16496e+002  4.58000e+002 -1.75338e+001  1.32522e+001  2.02667e+002
           459  2.16830e+002  4.59000e+002 -1.75356e+001  1.32523e+001  2.03000e+002
           460  2.17171e+002  4.60000e+002 -1.75386e+001  1.32523e+001  2.03333e+002
           461  2.17503e+002  4.61000e+002 -1.75419e+001  1.32523e+001  2.03667e+002
           462  2.17834e+002  4.62000e+002 -1.75543e+001  1.32523e+001  2.04000e+002
           463  2.18165e+002  4.63000e+002 -1.75608e+001  1.32523e+001  2.04333e+002
           464  2.18512e+002  4.64000e+002 -1.75659e+001  1.32523e+001  2.04667e+002
           465  2.18844e+002  4.65000e+002 -1.75730e+001  1.32523e+001  2.05000e+002
           466  2.19185e+002  4.66000e+002 -1.75855e+001  1.32522e+001  2.05333e+002
           467  2.19515e+002  4.67000e+002 -1.75931e+001  1.32522e+001  2.05667e+002
           468  2.19856e+002  4.68000e+002 -1.76006e+001  1.32522e+001  2.06000e+002
           469  2.20188e+002  4.69000e+002 -1.76081e+001  1.32521e+001  2.06333e+002
           470  2.20521e+002  4.70000e+002 -1.76162e+001  1.32520e+001  2.06667e+002
           471  2.20848e+002  4.71000e+002 -1.76254e+001  1.32520e+001  2.07000e+002
           472  2.21189e+002  4.72000e+002 -1.76354e+001  1.32520e+001  2.07333e+002
           473  2.21529e+002  4.73000e+002 -1.76457e+001  1.32520e+001  2.07667e+002
           474  2.21863e+002  4.74000e+002 -1.76559e+001  1.32520e+001  2.08000e+002
           475  2.22198e+002  4.75000e+002 -1.76668e+001  1.32520e+001  2.08333e+002
           476  2.22536e+002  4.76000e+002 -1.76772e+001  1.32520e+001  2.08667e+002
           477  2.22875e+002  4.77000e+002 -1.76880e+001  1.32520e+001  2.09000e+002
           478  2.23211e+002  4.78000e+002 -1.76997e+001  1.32520e+001  2.09333e+002
           479  2.23555e+002  4.79000e+002 -1.77096e+001  1.32521e+001  2.09667e+002
           480  2.23893e+002  4.80000e+002 -1.77207e+001  1.32521e+001  2.10000e+002
           481  2.24221e+002  4.81000e+002 -1.77330e+001  1.32521e+001  2.10333e+002
           482  2.24561e+002  4.82000e+002 -1.77448e+001  1.32522e+001  2.10667e+002
           483  2.24893e+002  4.83000e+002 -1.77552e+001  1.32522e+001  2.11000e+002
           484  2.25238e+002  4.84000e+002 -1.77662e+001  1.32522e+001  2.11333e+002
           485  2.25571e+002  4.85000e+002 -1.77760e+001  1.32523e+001  2.11667e+002
           486  2.25913e+002  4.86000e+002 -1.77830e+001  1.32523e+001  2.12000e+002
           487  2.26248e+002  4.87000e+002 -1.77913e+001  1.32523e+001  2.12333e+002
           488  2.26587e+002  4.88000e+002 -1.77997e+001  1.32524e+001  2.12667e+002
           489  2.26927e+002  4.89000e+002 -1.78083e+001  1.32524e+001  2.13000e+002
           490  2.27263e+002  4.90000e+002 -1.78149e+001  1.32525e+001  2.13333e+002
           491  2.27603e+002  4.91000e+002 -1.78214e+001  1.32525e+001  2.13667e+002
           492  2.27939e+002  4.92000e+002 -1.78288e+001  1.32526e+001  2.14000e+002
           493  2.28278e+002  4.93000e+002 -1.78366e+001  1.32526e+001  2.14333e+002
           494  2.28620e+002  4.94000e+002 -1.78402e+001  1.32526e+001  2.14667e+002
           495  2.28949e+002  4.95000e+002 -1.78482e+001  1.32527e+001  2.15000e+002
           496  2.29287e+002  4.96000e+002 -1.78574e+001  1.32527e+001  2.15333e+002
           497  2.29636e+002  4.97000e+002 -1.78670e+001  1.32527e+001  2.15667e+002
           498  2.29970e+002  4.98000e+002 -1.78761e+001  1.32526e+001  2.16000e+002
           499  2.30312e+002  4.99000e+002 -1.78868e+001  1.32525e+001  2.16333e+002
           500  2.30651e+002  5.00000e+002 -1.78975e+001  1.32525e+001  2.16667e+002
           501  2.30993e+002  5.01000e+002 -1.79081e+001  1.32524e+001  2.17000e+002
           502  2.31325e+002  5.02000e+002 -1.79176e+001  1.32523e+001  2.17333e+002
           503  2.31672e+002  5.03000e+002 -1.79305e+001  1.32522e+001  2.17667e+002
           504  2.32006e+002  5.04000e+002 -1.79413e+001  1.32520e+001  2.18000e+002
           505  2.32340e+002  5.05000e+002 -1.79522e+001  1.32519e+001  2.18333e+002
           506  2.32686e+002  5.06000e+002 -1.79627e+001  1.32518e+001  2.18667e+002
           507  2.33030e+002  5.07000e+002 -1.79716e+001  1.32517e+001  2.19000e+002
           508  2.33369e+002  5.08000e+002 -1.79802e+001  1.32515e+001  2.19333e+002
           509  2.33705e+002  5.09000e+002 -1.79892e+001  1.32514e+001  2.19667e+002
           510  2.34051e+002  5.10000e+002 -1.79969e+001  1.32513e+001  2.20000e+002
           511  2.34383e+002  5.11000e+002 -1.80017e+001  1.32513e+001  2.20333e+002
           512  2.34726e+002  5.12000e+002 -1.80071e+001  1.32512e+001  2.20667e+002
           513  2.35067e+002  5.13000e+002 -1.80118e+001  1.32512e+001  2.21000e+002
           514  2.35406e+002  5.14000e+002 -1.80171e+001  1.32513e+001  2.21333e+002
           515  2.35748e+002  5.15000e+002 -1.80200e+001  1.32515e+001  2.21667e+002
           516  2.36090e+002  5.16000e+002 -1.80228e+001  1.32517e+001  2.22000e+002
           517  2.36434e+002  5.17000e+002 -1.80254e+001  1.32518e+001  2.22333e+002
           518  2.36768e+002  5.18000e+002 -1.80276e+001  1.32520e+001  2.22667e+002
           519  2.37107e+002  5.19000e+002 -1.80258e+001  1.32523e+001  2.23000e+002
           520  2.37452e+002  5.20000e+002 -1.80264e+001  1.32525e+001  2.23333e+002
           521  2.37788e+002  5.21000e+002 -1.80279e+001  1.32527e+001  2.23667e+002
           522  2.38128e+002  5.22000e+002 -1.80297e+001  1.32528e+001  2.24000e+002
           523  2.38472e+002  5.23000e+002 -1.80290e+001  1.32529e+001  2.24333e+002
           524  2.38819e+002  5.24000e+002 -1.80296e+001  1.32530e+001  2.24667e+002
           525  2.39156e+002  5.25000e+002 -1.80296e+001  1.32530e+001  2.25000e+002
           526  2.39492e+002  5.26000e+002 -1.80287e+001  1.32531e+001  2.25333e+002
           527  2.39836e+002  5.27000e+002 -1.80272e+001  1.32530e+001  2.25667e+002
           528  2.40180e+002  5.28000e+002 -1.80270e+001  1.32529e+001  2.26000e+002
           529  2.40522e+002  5.29000e+002 -1.80272e+001  1.32529e+001  2.26333e+002
           530  2.40854e+002  5.30000e+002 -1.80276e+001  1.32528e+001  2.26667e+002
           531  2.41196e+002  5.31000e+002 -1.80267e+001  1.32527e+001  2.27000e+002
           532  2.41538e+002  5.32000e+002 -1.80268e+001  1.32527e+001  2.27333e+002
           533  2.41886e+002  5.33000e+002 -1.80278e+001  1.32526e+001  2.27667e+002
           534  2.42228e+002  5.34000e+002 -1.80289e+001  1.32526e+001  2.28000e+002
           535  2.42566e+002  5.35000e+002 -1.80304e+001  1.32526e+001  2.28333e+002
           536  2.42918e+002  5.36000e+002 -1.80316e+001  1.32526e+001  2.28667e+002
           537  2.43252e+002  5.37000e+002 -1.80333e+001  1.32526e+001  2.29000e+002
           538  2.43597e+002  5.38000e+002 -1.80339e+001  1.32526e+001  2.29333e+002
           539  2.43926e+002  5.39000e+002 -1.80337e+001  1.32525e+001  2.29667e+002
           540  2.44288e+002  5.40000e+002 -1.80322e+001  1.32525e+001  2.30000e+002
           541  2.44628e+002  5.41000e+002 -1.80301e+001  1.32525e+001  2.30333e+002
           542  2.44968e+002  5.42000e+002 -1.80280e+001  1.32525e+001  2.30667e+002
           543  2.45303e+002  5.43000e+002 -1.80248e+001  1.32525e+001  2.31000e+002
           544  2.45653e+002  5.44000e+002 -1.80222e+001  1.32525e+001  2.31333e+002
           545  2.45994e+002  5.45000e+002 -1.80196e+001  1.32525e+001  2.31667e+002
           546  2.46336e+002  5.46000e+002 -1.80171e+001  1.32525e+001  2.32000e+002
           547  2.46689e+002  5.47000e+002 -1.80083e+001  1.32525e+001  2.32333e+002
           548  2.47023e+002  5.48000e+002 -1.80037e+001  1.32526e+001  2.32667e+002
           549  2.47361e+002  5.49000e+002 -1.79994e+001  1.32526e+001  2.33000e+002
           550  2.47706e+002  5.50000e+002 -1.79963e+001  1.32527e+001  2.33333e+002
           551  2.48047e+002  5.51000e+002 -1.79954e+001  1.32528e+001  2.33667e+002
           552  2.48383e+002  5.52000e+002 -1.79927e+001  1.32529e+001  2.34000e+002
           553  2.48734e+002  5.53000e+002 -1.79899e+001  1.32529e+001  2.34333e+002
           554  2.49074e+002  5.54000e+002 -1.79889e+001  1.32530e+001  2.34667e+002
           555  2.49416e+002  5.55000e+002 -1.79881e+001  1.32530e+001  2.35000e+002
           556  2.49754e+002  5.56000e+002 -1.79851e+001  1.32530e+001  2.35333e+002
           557  2.50111e+002  5.57000e+002 -1.79824e+001  1.32530e+001  2.35667e+002
           558  2.50446e+002  5.58000e+002 -1.79794e+001  1.32530e+001  2.36000e+002
           559  2.50787e+002  5.59000e+002 -1.79798e+001  1.32529e+001  2.36333e+002
           560  2.51126e+002  5.60000e+002 -1.79788e+001  1.32528e+001  2.36667e+002
           561  2.51480e+002  5.61000e+002 -1.79775e+001  1.32528e+001  2.37000e+002
           562  2.51822e+002  5.62000e+002 -1.79758e+001  1.32527e+001  2.37333e+002
           563  2.52162e+002  5.63000e+002 -1.79755e+001  1.32527e+001  2.37667e+002
           564  2.52510e+002  5.64000e+002 -1.79747e+001  1.32526e+001  2.38000e+002
           565  2.52845e+002  5.65000e+002 -1.79732e+001  1.32526e+001  2.38333e+002
           566  2.53187e+002  5.66000e+002 -1.79714e+001  1.32525e+001  2.38667e+002
           567  2.53528e+002  5.67000e+002 -1.79703e+001  1.32525e+001  2.39000e+002
           568  2.53875e+002  5.68000e+002 -1.79700e+001  1.32525e+001  2.39333e+002
           569  2.54214e+002  5.69000e+002 -1.79690e+001  1.32524e+001  2.39667e+002
           570  2.54561e+002  5.70000e+002 -1.79664e+001  1.32524e+001  2.40000e+002
           571  2.54907e+002  5.71000e+002 -1.79656e+001  1.32524e+001  2.40333e+002
           572  2.55247e+002  5.72000e+002 -1.79659e+001  1.32524e+001  2.40667e+002
           573  2.55589e+002  5.73000e+002 -1.79661e+001  1.32524e+001  2.41000e+002
           574  2.55941e+002  5.74000e+002 -1.79654e+001  1.32524e+001  2.41333e+002
           575  2.56283e+002  5.75000e+002 -1.79656e+001  1.32524e+001  2.41667e+002
           576  2.56624e+002  5.76000e+002 -1.79652e+001  1.32524e+001  2.42000e+002
           577  2.56967e+002  5.77000e+002 -1.79643e+001  1.32524e+001  2.42333e+002
           578  2.57305e+002  5.78000e+002 -1.79622e+001  1.32524e+001  2.42667e+002
           579  2.57644e+002  5.79000e+002 -1.79596e+001  1.32523e+001  2.43000e+002
           580  2.57987e+002  5.80000e+002 -1.79565e+001  1.32523e+001  2.43333e+002
           581  2.58338e+002  5.81000e+002 -1.79535e+001  1.32524e+001  2.43667e+002
           582  2.58687e+002  5.82000e+002 -1.79507e+001  1.32524e+001  2.44000e+002
           583  2.59028e+002  5.83000e+002 -1.79465e+001  1.32524e+001  2.44333e+002
           584  2.59373e+002  5.84000e+002 -1.79428e+001  1.32524e+001  2.44667e+002
           585  2.59716e+002  5.85000e+002 -1.79395e+001  1.32525e+001  2.45000e+002
           586  2.60049e+002  5.86000e+002 -1.79377e+001  1.32525e+001  2.45333e+002
           587  2.60401e+002  5.87000e+002 -1.79340e+001  1.32526e+001  2.45667e+002
           588  2.60739e+002  5.88000e+002 -1.79327e+001  1.32527e+001  2.46000e+002
           589  2.61085e+002  5.89000e+002 -1.79314e+001  1.32527e+001  2.46333e+002
           590  2.61430e+002  5.90000e+002 -1.79291e+001  1.32528e+001  2.46667e+002
           591  2.61772e+002  5.91000e+002 -1.79267e+001  1.32528e+001  2.47000e+002
           592  2.62115e+002  5.92000e+002 -1.79285e+001  1.32528e+001  2.47333e+002
           593  2.62460e+002  5.93000e+002 -1.79284e+001  1.32529e+001  2.47667e+002
           594  2.62802e+002  5.94000e+002 -1.79266e+001  1.32529e+001  2.48000e+002
           595  2.63151e+002  5.95000e+002 -1.79246e+001  1.32529e+001  2.48333e+002
           596  2.63494e+002  5.96000e+002 -1.79260e+001  1.32529e+001  2.48667e+002
           597  2.63840e+002  5.97000e+002 -1.79252e+001  1.32528e+001  2.49000e+002
           598  2.64178e+002  5.98000e+002 -1.79231e+001  1.32528e+001  2.49333e+002
           599  2.64527e+002  5.99000e+002 -1.79195e+001  1.32529e+001  2.49667e+002
           600  2.64875e+002  6.00000e+002 -1.79149e+001  1.32529e+001  2.50000e+002
           601  2.65219e+002  6.01000e+002 -1.79128e+001  1.32529e+001  2.50333e+002
           602  2.65561e+002  6.02000e+002 -1.79121e+001  1.32529e+001  2.50667e+002
           603  2.65902e+002  6.03000e+002 -1.79120e+001  1.32529e+001  2.51000e+002
           604  2.66251e+002  6.04000e+002 -1.79104e+001  1.32529e+001  2.51333e+002
           605  2.66588e+002  6.05000e+002 -1.79092e+001  1.32529e+001  2.51667e+002
           606  2.66937e+002  6.06000e+002 -1.79092e+001  1.32529e+001  2.52000e+002
           607  2.67275e+002  6.07000e+002 -1.79104e+001  1.32529e+001  2.52333e+002
           608  2.67625e+002  6.08000e+002 -1.79134e+001  1.32528e+001  2.52667e+002
           609  2.67961e+002  6.09000e+002 -1.79144e+001  1.32528e+001  2.53000e+002
           610  2.68307e+002  6.10000e+002 -1.79145e+001  1.32528e+001  2.53333e+002
           611  2.68648e+002  6.11000e+002 -1.79142e+001  1.32527e+001  2.53667e+002
           612  2.68990e+002  6.12000e+002 -1.79197e+001  1.32527e+001  2.54000e+002
           613  2.69332e+002  6.13000e+002 -1.79229e+001  1.32526e+001  2.54333e+002
           614  2.69689e+002  6.14000e+002 -1.79250e+001  1.32525e+001  2.54667e+002
           615  2.70028e+002  6.15000e+002 -1.79262e+001  1.32524e+001  2.55000e+002
           616  2.70373e+002  6.16000e+002 -1.79295e+001  1.32522e+001  2.55333e+002
           617  2.70714e+002  6.17000e+002 -1.79316e+001  1.32521e+001  2.55667e+002
           618  2.71059e+002  6.18000e+002 -1.79326e+001  1.32520e+001  2.56000e+002
           619  2.71408e+002  6.19000e+002 -1.79328e+001  1.32520e+001  2.56333e+002
           620  2.71752e+002  6.20000e+002 -1.79280e+001  1.32519e+001  2.56667e+002
           621  2.72093e+002  6.21000e+002 -1.79259e+001  1.32519e+001  2.57000e+002
           622  2.72433e+002  6.22000e+002 -1.79246e+001  1.32518e+001  2.57333e+002
           623  2.72782e+002  6.23000e+002 -1.79222e+001  1.32518e+001  2.57667e+002
           624  2.73124e+002  6.24000e+002 -1.79172e+001  1.32519e+001  2.58000e+002
           625  2.73467e+002  6.25000e+002 -1.79127e+001  1.32520e+001  2.58333e+002
           626  2.73811e+002  6.26000e+002 -1.79083e+001  1.32520e+001  2.58667e+002
           627  2.74156e+002  6.27000e+002 -1.79037e+001  1.32521e+001  2.59000e+002
           628  2.74503e+002  6.28000e+002 -1.78970e+001  1.32522e+001  2.59333e+002
           629  2.74846e+002  6.29000e+002 -1.78931e+001  1.32523e+001  2.59667e+002
           630  2.75181e+002  6.30000e+002 -1.78894e+001  1.32523e+001  2.60000e+002
           631  2.75530e+002  6.31000e+002 -1.78856e+001  1.32524e+001  2.60333e+002
           632  2.75879e+002  6.32000e+002 -1.78824e+001  1.32524e+001  2.60667e+002
           633  2.76223e+002  6.33000e+002 -1.78799e+001  1.32525e+001  2.61000e+002
           634  2.76561e+002  6.34000e+002 -1.78784e+001  1.32525e+001  2.61333e+002
           635  2.76912e+002  6.35000e+002 -1.78771e+001  1.32526e+001  2.61667e+002
           636  2.77255e+002  6.36000e+002 -1.78783e+001  1.32526e+001  2.62000e+002
           637  2.77592e+002  6.37000e+002 -1.78778e+001  1.32526e+001  2.62333e+002
           638  2.77933e+002  6.38000e+002 -1.78783e+001  1.32526e+001  2.62667e+002
           639  2.78284e+002  6.39000e+002 -1.78797e+001  1.32526e+001  2.63000e+002
           640  2.78628e+002  6.40000e+002 -1.78816e+001  1.32526e+001  2.63333e+002
           641  2.78979e+002  6.41000e+002 -1.78830e+001  1.32527e+001  2.63667e+002
           642  2.79318e+002  6.42000e+002 -1.78851e+001  1.32527e+001  2.64000e+002
           643  2.79660e+002  6.43000e+002 -1.78881e+001  1.32527e+001  2.64333e+002
           644  2.80010e+002  6.44000e+002 -1.78916e+001  1.32527e+001  2.64667e+002
           645  2.80349e+002  6.45000e+002 -1.78939e+001  1.32526e+001  2.65000e+002
           646  2.80691e+002  6.46000e+002 -1.78959e+001  1.32526e+001  2.65333e+002
           647  2.81041e+002  6.47000e+002 -1.78967e+001  1.32526e+001  2.65667e+002
           648  2.81378e+002  6.48000e+002 -1.78996e+001  1.32525e+001  2.66000e+002
           649  2.81723e+002  6.49000e+002 -1.79026e+001  1.32524e+001  2.66333e+002
           650  2.82059e+002  6.50000e+002 -1.79060e+001  1.32524e+001  2.66667e+002
           651  2.82412e+002  6.51000e+002 -1.79093e+001  1.32523e+001  2.67000e+002
           652  2.82754e+002  6.52000e+002 -1.79121e+001  1.32523e+001  2.67333e+002
           653  2.83098e+002  6.53000e+002 -1.79152e+001  1.32522e+001  2.67667e+002
           654  2.83440e+002  6.54000e+002 -1.79185e+001  1.32521e+001  2.68000e+002
           655  2.83781e+002  6.55000e+002 -1.79218e+001  1.32521e+001  2.68333e+002
           656  2.84130e+002  6.56000e+002 -1.79247e+001  1.32521e+001  2.68667e+002
           657  2.84475e+002  6.57000e+002 -1.79260e+001  1.32520e+001  2.69000e+002
           658  2.84829e+002  6.58000e+002 -1.79265e+001  1.32520e+001  2.69333e+002
           659  2.85167e+002  6.59000e+002 -1.79283e+001  1.32520e+001  2.69667e+002
           660  2.85507e+002  6.60000e+002 -1.79295e+001  1.32520e+001  2.70000e+002
           661  2.85857e+002  6.61000e+002 -1.79298e+001  1.32520e+001  2.70333e+002
           662  2.86195e+002  6.62000e+002 -1.79306e+001  1.32520e+001  2.70667e+002
           663  2.86540e+002  6.63000e+002 -1.79330e+001  1.32520e+001  2.71000e+002
           664  2.86889e+002  6.64000e+002 -1.79362e+001  1.32520e+001  2.71333e+002
           665  2.87231e+002  6.65000e+002 -1.79386e+001  1.32520e+001  2.71667e+002
           666  2.87584e+002  6.66000e+002 -1.79406e+001  1.32520e+001  2.72000e+002
           667  2.87922e+002  6.67000e+002 -1.79415e+001  1.32521e+001  2.72333e+002
           668  2.88260e+002  6.68000e+002 -1.79409e+001  1.32521e+001  2.72667e+002
           669  2.88605e+002  6.69000e+002 -1.79394e+001  1.32522e+001  2.73000e+002
           670  2.88951e+002  6.70000e+002 -1.79379e+001  1.32523e+001  2.73333e+002
           671  2.89296e+002  6.71000e+002 -1.79368e+001  1.32524e+001  2.73667e+002
           672  2.89641e+002  6.72000e+002 -1.79351e+001  1.32526e+001  2.74000e+002
           673  2.89985e+002  6.73000e+002 -1.79331e+001  1.32527e+001  2.74333e+002
           674  2.90326e+002  6.74000e+002 -1.79310e+001  1.32528e+001  2.74667e+002
           675  2.90668e+002  6.75000e+002 -1.79287e+001  1.32529e+001  2.75000e+002
]7[In RR Ar 60ml/min total calib
