         Index            Ts             t            HF        Weight            Tr
           [#]          [°C]           [s]          [mW]          [mg]          [°C]
             0  1.18146e+002  0.00000e+000 -1.65501e+001  1.32464e+001  9.50000e+001
             1  1.18086e+002  1.00000e+000 -1.67900e+001  1.32461e+001  9.51667e+001
             2  1.18065e+002  2.00000e+000 -1.67880e+001  1.32458e+001  9.53333e+001
             3  1.18068e+002  3.00000e+000 -1.66403e+001  1.32454e+001  9.55000e+001
             4  1.18088e+002  4.00000e+000 -1.66042e+001  1.32451e+001  9.56667e+001
             5  1.18131e+002  5.00000e+000 -1.65988e+001  1.32448e+001  9.58333e+001
             6  1.18184e+002  6.00000e+000 -1.66015e+001  1.32446e+001  9.60000e+001
             7  1.18256e+002  7.00000e+000 -1.66249e+001  1.32446e+001  9.61667e+001
             8  1.18334e+002  8.00000e+000 -1.66393e+001  1.32449e+001  9.63333e+001
             9  1.18431e+002  9.00000e+000 -1.66543e+001  1.32452e+001  9.65000e+001
            10  1.18510e+002  1.00000e+001 -1.66704e+001  1.32457e+001  9.66667e+001
            11  1.18605e+002  1.10000e+001 -1.66851e+001  1.32465e+001  9.68333e+001
            12  1.18704e+002  1.20000e+001 -1.66956e+001  1.32471e+001  9.70000e+001
            13  1.18820e+002  1.30000e+001 -1.67087e+001  1.32476e+001  9.71667e+001
            14  1.18912e+002  1.40000e+001 -1.67225e+001  1.32481e+001  9.73333e+001
            15  1.19032e+002  1.50000e+001 -1.67511e+001  1.32484e+001  9.75000e+001
            16  1.19147e+002  1.60000e+001 -1.67746e+001  1.32487e+001  9.76667e+001
            17  1.19256e+002  1.70000e+001 -1.67971e+001  1.32489e+001  9.78333e+001
            18  1.19384e+002  1.80000e+001 -1.68184e+001  1.32491e+001  9.80000e+001
            19  1.19509e+002  1.90000e+001 -1.68448e+001  1.32490e+001  9.81667e+001
            20  1.19625e+002  2.00000e+001 -1.68649e+001  1.32489e+001  9.83333e+001
            21  1.19746e+002  2.10000e+001 -1.68842e+001  1.32489e+001  9.85000e+001
            22  1.19867e+002  2.20000e+001 -1.69029e+001  1.32488e+001  9.86667e+001
            23  1.19974e+002  2.30000e+001 -1.69158e+001  1.32485e+001  9.88333e+001
            24  1.20104e+002  2.40000e+001 -1.69304e+001  1.32483e+001  9.90000e+001
            25  1.20226e+002  2.50000e+001 -1.69461e+001  1.32482e+001  9.91667e+001
            26  1.20357e+002  2.60000e+001 -1.69612e+001  1.32480e+001  9.93333e+001
            27  1.20476e+002  2.70000e+001 -1.69694e+001  1.32479e+001  9.95000e+001
            28  1.20581e+002  2.80000e+001 -1.69815e+001  1.32477e+001  9.96667e+001
            29  1.20707e+002  2.90000e+001 -1.69941e+001  1.32476e+001  9.98333e+001
            30  1.20831e+002  3.00000e+001 -1.70062e+001  1.32475e+001  1.00000e+002
            31  1.20957e+002  3.10000e+001 -1.70107e+001  1.32475e+001  1.00167e+002
            32  1.21080e+002  3.20000e+001 -1.70190e+001  1.32474e+001  1.00333e+002
            33  1.21200e+002  3.30000e+001 -1.70275e+001  1.32474e+001  1.00500e+002
            34  1.21314e+002  3.40000e+001 -1.70358e+001  1.32474e+001  1.00667e+002
            35  1.21433e+002  3.50000e+001 -1.70432e+001  1.32474e+001  1.00833e+002
            36  1.21554e+002  3.60000e+001 -1.70495e+001  1.32474e+001  1.01000e+002
            37  1.21671e+002  3.70000e+001 -1.70552e+001  1.32474e+001  1.01167e+002
            38  1.21798e+002  3.80000e+001 -1.70610e+001  1.32474e+001  1.01333e+002
            39  1.21917e+002  3.90000e+001 -1.70607e+001  1.32473e+001  1.01500e+002
            40  1.22042e+002  4.00000e+001 -1.70619e+001  1.32473e+001  1.01667e+002
            41  1.22156e+002  4.10000e+001 -1.70649e+001  1.32472e+001  1.01833e+002
            42  1.22281e+002  4.20000e+001 -1.70694e+001  1.32471e+001  1.02000e+002
            43  1.22398e+002  4.30000e+001 -1.70716e+001  1.32470e+001  1.02167e+002
            44  1.22523e+002  4.40000e+001 -1.70736e+001  1.32469e+001  1.02333e+002
            45  1.22645e+002  4.50000e+001 -1.70761e+001  1.32468e+001  1.02500e+002
            46  1.22752e+002  4.60000e+001 -1.70794e+001  1.32467e+001  1.02667e+002
            47  1.22871e+002  4.70000e+001 -1.70806e+001  1.32467e+001  1.02833e+002
            48  1.22995e+002  4.80000e+001 -1.70837e+001  1.32468e+001  1.03000e+002
            49  1.23117e+002  4.90000e+001 -1.70875e+001  1.32468e+001  1.03167e+002
            50  1.23235e+002  5.00000e+001 -1.70908e+001  1.32468e+001  1.03333e+002
            51  1.23356e+002  5.10000e+001 -1.70973e+001  1.32469e+001  1.03500e+002
            52  1.23481e+002  5.20000e+001 -1.71002e+001  1.32470e+001  1.03667e+002
            53  1.23599e+002  5.30000e+001 -1.71022e+001  1.32471e+001  1.03833e+002
            54  1.23715e+002  5.40000e+001 -1.71049e+001  1.32471e+001  1.04000e+002
            55  1.23843e+002  5.50000e+001 -1.71067e+001  1.32472e+001  1.04167e+002
            56  1.23961e+002  5.60000e+001 -1.71094e+001  1.32473e+001  1.04333e+002
            57  1.24079e+002  5.70000e+001 -1.71129e+001  1.32474e+001  1.04500e+002
            58  1.24195e+002  5.80000e+001 -1.71166e+001  1.32474e+001  1.04667e+002
            59  1.24314e+002  5.90000e+001 -1.71173e+001  1.32475e+001  1.04833e+002
            60  1.24446e+002  6.00000e+001 -1.71199e+001  1.32476e+001  1.05000e+002
            61  1.24564e+002  6.10000e+001 -1.71221e+001  1.32477e+001  1.05167e+002
            62  1.24682e+002  6.20000e+001 -1.71234e+001  1.32478e+001  1.05333e+002
            63  1.24814e+002  6.30000e+001 -1.71243e+001  1.32479e+001  1.05500e+002
            64  1.24931e+002  6.40000e+001 -1.71273e+001  1.32480e+001  1.05667e+002
            65  1.25046e+002  6.50000e+001 -1.71286e+001  1.32480e+001  1.05833e+002
            66  1.25163e+002  6.60000e+001 -1.71291e+001  1.32480e+001  1.06000e+002
            67  1.25283e+002  6.70000e+001 -1.71294e+001  1.32481e+001  1.06167e+002
            68  1.25413e+002  6.80000e+001 -1.71285e+001  1.32480e+001  1.06333e+002
            69  1.25545e+002  6.90000e+001 -1.71296e+001  1.32480e+001  1.06500e+002
            70  1.25676e+002  7.00000e+001 -1.71310e+001  1.32479e+001  1.06667e+002
            71  1.25795e+002  7.10000e+001 -1.71320e+001  1.32478e+001  1.06833e+002
            72  1.25911e+002  7.20000e+001 -1.71312e+001  1.32477e+001  1.07000e+002
            73  1.26029e+002  7.30000e+001 -1.71318e+001  1.32476e+001  1.07167e+002
            74  1.26155e+002  7.40000e+001 -1.71332e+001  1.32475e+001  1.07333e+002
            75  1.26283e+002  7.50000e+001 -1.71342e+001  1.32474e+001  1.07500e+002
            76  1.26419e+002  7.60000e+001 -1.71361e+001  1.32474e+001  1.07667e+002
            77  1.26542e+002  7.70000e+001 -1.71373e+001  1.32473e+001  1.07833e+002
            78  1.26660e+002  7.80000e+001 -1.71378e+001  1.32473e+001  1.08000e+002
            79  1.26778e+002  7.90000e+001 -1.71386e+001  1.32473e+001  1.08167e+002
            80  1.26906e+002  8.00000e+001 -1.71427e+001  1.32473e+001  1.08333e+002
            81  1.27037e+002  8.10000e+001 -1.71465e+001  1.32473e+001  1.08500e+002
            82  1.27157e+002  8.20000e+001 -1.71497e+001  1.32473e+001  1.08667e+002
            83  1.27290e+002  8.30000e+001 -1.71519e+001  1.32473e+001  1.08833e+002
            84  1.27417e+002  8.40000e+001 -1.71539e+001  1.32473e+001  1.09000e+002
            85  1.27539e+002  8.50000e+001 -1.71562e+001  1.32473e+001  1.09167e+002
            86  1.27672e+002  8.60000e+001 -1.71593e+001  1.32473e+001  1.09333e+002
            87  1.27797e+002  8.70000e+001 -1.71611e+001  1.32473e+001  1.09500e+002
            88  1.27918e+002  8.80000e+001 -1.71657e+001  1.32473e+001  1.09667e+002
            89  1.28046e+002  8.90000e+001 -1.71696e+001  1.32473e+001  1.09833e+002
            90  1.28173e+002  9.00000e+001 -1.71728e+001  1.32473e+001  1.10000e+002
            91  1.28295e+002  9.10000e+001 -1.71761e+001  1.32474e+001  1.10167e+002
            92  1.28429e+002  9.20000e+001 -1.71761e+001  1.32474e+001  1.10333e+002
            93  1.28560e+002  9.30000e+001 -1.71775e+001  1.32474e+001  1.10500e+002
            94  1.28688e+002  9.40000e+001 -1.71780e+001  1.32474e+001  1.10667e+002
            95  1.28813e+002  9.50000e+001 -1.71767e+001  1.32475e+001  1.10833e+002
            96  1.28942e+002  9.60000e+001 -1.71758e+001  1.32475e+001  1.11000e+002
            97  1.29080e+002  9.70000e+001 -1.71752e+001  1.32476e+001  1.11167e+002
            98  1.29208e+002  9.80000e+001 -1.71752e+001  1.32476e+001  1.11333e+002
            99  1.29329e+002  9.90000e+001 -1.71755e+001  1.32477e+001  1.11500e+002
           100  1.29460e+002  1.00000e+002 -1.71737e+001  1.32477e+001  1.11667e+002
           101  1.29599e+002  1.01000e+002 -1.71731e+001  1.32477e+001  1.11833e+002
           102  1.29730e+002  1.02000e+002 -1.71733e+001  1.32477e+001  1.12000e+002
           103  1.29861e+002  1.03000e+002 -1.71738e+001  1.32477e+001  1.12167e+002
           104  1.29994e+002  1.04000e+002 -1.71716e+001  1.32477e+001  1.12333e+002
           105  1.30127e+002  1.05000e+002 -1.71717e+001  1.32476e+001  1.12500e+002
           106  1.30249e+002  1.06000e+002 -1.71716e+001  1.32476e+001  1.12667e+002
           107  1.30389e+002  1.07000e+002 -1.71713e+001  1.32475e+001  1.12833e+002
           108  1.30520e+002  1.08000e+002 -1.71758e+001  1.32474e+001  1.13000e+002
           109  1.30648e+002  1.09000e+002 -1.71773e+001  1.32473e+001  1.13167e+002
           110  1.30776e+002  1.10000e+002 -1.71772e+001  1.32473e+001  1.13333e+002
           111  1.30909e+002  1.11000e+002 -1.71778e+001  1.32473e+001  1.13500e+002
           112  1.31049e+002  1.12000e+002 -1.71795e+001  1.32472e+001  1.13667e+002
           113  1.31176e+002  1.13000e+002 -1.71802e+001  1.32472e+001  1.13833e+002
           114  1.31303e+002  1.14000e+002 -1.71803e+001  1.32472e+001  1.14000e+002
           115  1.31437e+002  1.15000e+002 -1.71800e+001  1.32472e+001  1.14167e+002
           116  1.31578e+002  1.16000e+002 -1.71759e+001  1.32472e+001  1.14333e+002
           117  1.31711e+002  1.17000e+002 -1.71744e+001  1.32473e+001  1.14500e+002
           118  1.31845e+002  1.18000e+002 -1.71754e+001  1.32473e+001  1.14667e+002
           119  1.31981e+002  1.19000e+002 -1.71757e+001  1.32473e+001  1.14833e+002
           120  1.32105e+002  1.20000e+002 -1.71727e+001  1.32473e+001  1.15000e+002
           121  1.32245e+002  1.21000e+002 -1.71714e+001  1.32474e+001  1.15167e+002
           122  1.32378e+002  1.22000e+002 -1.71708e+001  1.32474e+001  1.15333e+002
           123  1.32515e+002  1.23000e+002 -1.71703e+001  1.32474e+001  1.15500e+002
           124  1.32647e+002  1.24000e+002 -1.71671e+001  1.32475e+001  1.15667e+002
           125  1.32778e+002  1.25000e+002 -1.71660e+001  1.32475e+001  1.15833e+002
           126  1.32917e+002  1.26000e+002 -1.71664e+001  1.32475e+001  1.16000e+002
           127  1.33049e+002  1.27000e+002 -1.71685e+001  1.32476e+001  1.16167e+002
           128  1.33191e+002  1.28000e+002 -1.71688e+001  1.32476e+001  1.16333e+002
           129  1.33337e+002  1.29000e+002 -1.71699e+001  1.32476e+001  1.16500e+002
           130  1.33471e+002  1.30000e+002 -1.71712e+001  1.32477e+001  1.16667e+002
           131  1.33609e+002  1.31000e+002 -1.71722e+001  1.32477e+001  1.16833e+002
           132  1.33739e+002  1.32000e+002 -1.71737e+001  1.32478e+001  1.17000e+002
           133  1.33874e+002  1.33000e+002 -1.71796e+001  1.32479e+001  1.17167e+002
           134  1.34018e+002  1.34000e+002 -1.71832e+001  1.32479e+001  1.17333e+002
           135  1.34157e+002  1.35000e+002 -1.71861e+001  1.32480e+001  1.17500e+002
           136  1.34296e+002  1.36000e+002 -1.71892e+001  1.32481e+001  1.17667e+002
           137  1.34427e+002  1.37000e+002 -1.71911e+001  1.32481e+001  1.17833e+002
           138  1.34567e+002  1.38000e+002 -1.71924e+001  1.32482e+001  1.18000e+002
           139  1.34707e+002  1.39000e+002 -1.71941e+001  1.32482e+001  1.18167e+002
           140  1.34853e+002  1.40000e+002 -1.71968e+001  1.32482e+001  1.18333e+002
           141  1.34982e+002  1.41000e+002 -1.71998e+001  1.32482e+001  1.18500e+002
           142  1.35127e+002  1.42000e+002 -1.72011e+001  1.32482e+001  1.18667e+002
           143  1.35260e+002  1.43000e+002 -1.72036e+001  1.32481e+001  1.18833e+002
           144  1.35405e+002  1.44000e+002 -1.72062e+001  1.32481e+001  1.19000e+002
           145  1.35546e+002  1.45000e+002 -1.72070e+001  1.32480e+001  1.19167e+002
           146  1.35684e+002  1.46000e+002 -1.72075e+001  1.32480e+001  1.19333e+002
           147  1.35825e+002  1.47000e+002 -1.72082e+001  1.32479e+001  1.19500e+002
           148  1.35955e+002  1.48000e+002 -1.72099e+001  1.32479e+001  1.19667e+002
           149  1.36104e+002  1.49000e+002 -1.72122e+001  1.32479e+001  1.19833e+002
           150  1.36241e+002  1.50000e+002 -1.72151e+001  1.32478e+001  1.20000e+002
           151  1.36378e+002  1.51000e+002 -1.72168e+001  1.32478e+001  1.20167e+002
           152  1.36529e+002  1.52000e+002 -1.72172e+001  1.32478e+001  1.20333e+002
           153  1.36668e+002  1.53000e+002 -1.72191e+001  1.32478e+001  1.20500e+002
           154  1.36804e+002  1.54000e+002 -1.72202e+001  1.32477e+001  1.20667e+002
           155  1.36951e+002  1.55000e+002 -1.72205e+001  1.32477e+001  1.20833e+002
           156  1.37086e+002  1.56000e+002 -1.72193e+001  1.32477e+001  1.21000e+002
           157  1.37231e+002  1.57000e+002 -1.72189e+001  1.32476e+001  1.21167e+002
           158  1.37382e+002  1.58000e+002 -1.72175e+001  1.32476e+001  1.21333e+002
           159  1.37515e+002  1.59000e+002 -1.72158e+001  1.32476e+001  1.21500e+002
           160  1.37658e+002  1.60000e+002 -1.72141e+001  1.32475e+001  1.21667e+002
           161  1.37806e+002  1.61000e+002 -1.72084e+001  1.32475e+001  1.21833e+002
           162  1.37941e+002  1.62000e+002 -1.72065e+001  1.32475e+001  1.22000e+002
           163  1.38092e+002  1.63000e+002 -1.72059e+001  1.32475e+001  1.22167e+002
           164  1.38234e+002  1.64000e+002 -1.72034e+001  1.32475e+001  1.22333e+002
           165  1.38376e+002  1.65000e+002 -1.72003e+001  1.32475e+001  1.22500e+002
           166  1.38512e+002  1.66000e+002 -1.71989e+001  1.32475e+001  1.22667e+002
           167  1.38662e+002  1.67000e+002 -1.71977e+001  1.32475e+001  1.22833e+002
           168  1.38804e+002  1.68000e+002 -1.71965e+001  1.32476e+001  1.23000e+002
           169  1.38956e+002  1.69000e+002 -1.71975e+001  1.32476e+001  1.23167e+002
           170  1.39088e+002  1.70000e+002 -1.71974e+001  1.32477e+001  1.23333e+002
           171  1.39238e+002  1.71000e+002 -1.71974e+001  1.32477e+001  1.23500e+002
           172  1.39380e+002  1.72000e+002 -1.71970e+001  1.32477e+001  1.23667e+002
           173  1.39534e+002  1.73000e+002 -1.71976e+001  1.32477e+001  1.23833e+002
           174  1.39679e+002  1.74000e+002 -1.71992e+001  1.32477e+001  1.24000e+002
           175  1.39825e+002  1.75000e+002 -1.72005e+001  1.32477e+001  1.24167e+002
           176  1.39966e+002  1.76000e+002 -1.72011e+001  1.32477e+001  1.24333e+002
           177  1.40112e+002  1.77000e+002 -1.72046e+001  1.32476e+001  1.24500e+002
           178  1.40249e+002  1.78000e+002 -1.72056e+001  1.32476e+001  1.24667e+002
           179  1.40400e+002  1.79000e+002 -1.72064e+001  1.32476e+001  1.24833e+002
           180  1.40553e+002  1.80000e+002 -1.72080e+001  1.32476e+001  1.25000e+002
           181  1.40700e+002  1.81000e+002 -1.72115e+001  1.32476e+001  1.25167e+002
           182  1.40855e+002  1.82000e+002 -1.72153e+001  1.32476e+001  1.25333e+002
           183  1.40995e+002  1.83000e+002 -1.72179e+001  1.32476e+001  1.25500e+002
           184  1.41142e+002  1.84000e+002 -1.72208e+001  1.32476e+001  1.25667e+002
           185  1.41281e+002  1.85000e+002 -1.72218e+001  1.32476e+001  1.25833e+002
           186  1.41435e+002  1.86000e+002 -1.72245e+001  1.32476e+001  1.26000e+002
           187  1.41577e+002  1.87000e+002 -1.72265e+001  1.32476e+001  1.26167e+002
           188  1.41723e+002  1.88000e+002 -1.72281e+001  1.32476e+001  1.26333e+002
           189  1.41868e+002  1.89000e+002 -1.72325e+001  1.32476e+001  1.26500e+002
           190  1.42012e+002  1.90000e+002 -1.72338e+001  1.32475e+001  1.26667e+002
           191  1.42163e+002  1.91000e+002 -1.72334e+001  1.32475e+001  1.26833e+002
           192  1.42313e+002  1.92000e+002 -1.72329e+001  1.32475e+001  1.27000e+002
           193  1.42460e+002  1.93000e+002 -1.72318e+001  1.32475e+001  1.27167e+002
           194  1.42613e+002  1.94000e+002 -1.72336e+001  1.32474e+001  1.27333e+002
           195  1.42757e+002  1.95000e+002 -1.72370e+001  1.32474e+001  1.27500e+002
           196  1.42906e+002  1.96000e+002 -1.72407e+001  1.32474e+001  1.27667e+002
           197  1.43061e+002  1.97000e+002 -1.72420e+001  1.32474e+001  1.27833e+002
           198  1.43205e+002  1.98000e+002 -1.72443e+001  1.32474e+001  1.28000e+002
           199  1.43354e+002  1.99000e+002 -1.72463e+001  1.32474e+001  1.28167e+002
           200  1.43498e+002  2.00000e+002 -1.72485e+001  1.32475e+001  1.28333e+002
           201  1.43656e+002  2.01000e+002 -1.72533e+001  1.32476e+001  1.28500e+002
           202  1.43806e+002  2.02000e+002 -1.72557e+001  1.32476e+001  1.28667e+002
           203  1.43949e+002  2.03000e+002 -1.72574e+001  1.32477e+001  1.28833e+002
           204  1.44110e+002  2.04000e+002 -1.72589e+001  1.32477e+001  1.29000e+002
           205  1.44253e+002  2.05000e+002 -1.72643e+001  1.32478e+001  1.29167e+002
           206  1.44398e+002  2.06000e+002 -1.72674e+001  1.32478e+001  1.29333e+002
           207  1.44553e+002  2.07000e+002 -1.72692e+001  1.32479e+001  1.29500e+002
           208  1.44701e+002  2.08000e+002 -1.72705e+001  1.32479e+001  1.29667e+002
           209  1.44850e+002  2.09000e+002 -1.72698e+001  1.32479e+001  1.29833e+002
           210  1.45002e+002  2.10000e+002 -1.72709e+001  1.32479e+001  1.30000e+002
           211  1.45159e+002  2.11000e+002 -1.72724e+001  1.32479e+001  1.30167e+002
           212  1.45312e+002  2.12000e+002 -1.72750e+001  1.32479e+001  1.30333e+002
           213  1.45459e+002  2.13000e+002 -1.72764e+001  1.32480e+001  1.30500e+002
           214  1.45619e+002  2.14000e+002 -1.72778e+001  1.32481e+001  1.30667e+002
           215  1.45768e+002  2.15000e+002 -1.72778e+001  1.32481e+001  1.30833e+002
           216  1.45917e+002  2.16000e+002 -1.72780e+001  1.32482e+001  1.31000e+002
           217  1.46062e+002  2.17000e+002 -1.72768e+001  1.32483e+001  1.31167e+002
           218  1.46214e+002  2.18000e+002 -1.72761e+001  1.32483e+001  1.31333e+002
           219  1.46358e+002  2.19000e+002 -1.72755e+001  1.32484e+001  1.31500e+002
           220  1.46514e+002  2.20000e+002 -1.72756e+001  1.32484e+001  1.31667e+002
           221  1.46664e+002  2.21000e+002 -1.72745e+001  1.32483e+001  1.31833e+002
           222  1.46814e+002  2.22000e+002 -1.72735e+001  1.32483e+001  1.32000e+002
           223  1.46972e+002  2.23000e+002 -1.72728e+001  1.32483e+001  1.32167e+002
           224  1.47124e+002  2.24000e+002 -1.72725e+001  1.32482e+001  1.32333e+002
           225  1.47277e+002  2.25000e+002 -1.72711e+001  1.32482e+001  1.32500e+002
           226  1.47425e+002  2.26000e+002 -1.72692e+001  1.32481e+001  1.32667e+002
           227  1.47587e+002  2.27000e+002 -1.72699e+001  1.32480e+001  1.32833e+002
           228  1.47742e+002  2.28000e+002 -1.72698e+001  1.32479e+001  1.33000e+002
           229  1.47891e+002  2.29000e+002 -1.72704e+001  1.32478e+001  1.33167e+002
           230  1.48058e+002  2.30000e+002 -1.72728e+001  1.32477e+001  1.33333e+002
           231  1.48204e+002  2.31000e+002 -1.72732e+001  1.32476e+001  1.33500e+002
           232  1.48353e+002  2.32000e+002 -1.72716e+001  1.32475e+001  1.33667e+002
           233  1.48497e+002  2.33000e+002 -1.72695e+001  1.32475e+001  1.33833e+002
           234  1.48656e+002  2.34000e+002 -1.72695e+001  1.32474e+001  1.34000e+002
           235  1.48812e+002  2.35000e+002 -1.72702e+001  1.32473e+001  1.34167e+002
           236  1.48963e+002  2.36000e+002 -1.72720e+001  1.32473e+001  1.34333e+002
           237  1.49117e+002  2.37000e+002 -1.72728e+001  1.32473e+001  1.34500e+002
           238  1.49272e+002  2.38000e+002 -1.72740e+001  1.32472e+001  1.34667e+002
           239  1.49431e+002  2.39000e+002 -1.72740e+001  1.32472e+001  1.34833e+002
           240  1.49593e+002  2.40000e+002 -1.72737e+001  1.32473e+001  1.35000e+002
           241  1.49740e+002  2.41000e+002 -1.72742e+001  1.32473e+001  1.35167e+002
           242  1.49889e+002  2.42000e+002 -1.72733e+001  1.32474e+001  1.35333e+002
           243  1.50047e+002  2.43000e+002 -1.72753e+001  1.32475e+001  1.35500e+002
           244  1.50196e+002  2.44000e+002 -1.72776e+001  1.32475e+001  1.35667e+002
           245  1.50355e+002  2.45000e+002 -1.72795e+001  1.32476e+001  1.35833e+002
           246  1.50513e+002  2.46000e+002 -1.72831e+001  1.32478e+001  1.36000e+002
           247  1.50669e+002  2.47000e+002 -1.72851e+001  1.32478e+001  1.36167e+002
           248  1.50821e+002  2.48000e+002 -1.72868e+001  1.32479e+001  1.36333e+002
           249  1.50968e+002  2.49000e+002 -1.72887e+001  1.32479e+001  1.36500e+002
           250  1.51129e+002  2.50000e+002 -1.72918e+001  1.32479e+001  1.36667e+002
           251  1.51287e+002  2.51000e+002 -1.72940e+001  1.32479e+001  1.36833e+002
           252  1.51444e+002  2.52000e+002 -1.72966e+001  1.32479e+001  1.37000e+002
           253  1.51598e+002  2.53000e+002 -1.72996e+001  1.32479e+001  1.37167e+002
           254  1.51749e+002  2.54000e+002 -1.73026e+001  1.32478e+001  1.37333e+002
           255  1.51916e+002  2.55000e+002 -1.73062e+001  1.32478e+001  1.37500e+002
           256  1.52060e+002  2.56000e+002 -1.73093e+001  1.32478e+001  1.37667e+002
           257  1.52215e+002  2.57000e+002 -1.73117e+001  1.32478e+001  1.37833e+002
           258  1.52380e+002  2.58000e+002 -1.73142e+001  1.32479e+001  1.38000e+002
           259  1.52531e+002  2.59000e+002 -1.73157e+001  1.32479e+001  1.38167e+002
           260  1.52696e+002  2.60000e+002 -1.73172e+001  1.32479e+001  1.38333e+002
           261  1.52852e+002  2.61000e+002 -1.73194e+001  1.32480e+001  1.38500e+002
           262  1.52998e+002  2.62000e+002 -1.73208e+001  1.32480e+001  1.38667e+002
           263  1.53149e+002  2.63000e+002 -1.73212e+001  1.32481e+001  1.38833e+002
           264  1.53317e+002  2.64000e+002 -1.73206e+001  1.32481e+001  1.39000e+002
           265  1.53478e+002  2.65000e+002 -1.73190e+001  1.32481e+001  1.39167e+002
           266  1.53637e+002  2.66000e+002 -1.73155e+001  1.32481e+001  1.39333e+002
           267  1.53793e+002  2.67000e+002 -1.73142e+001  1.32482e+001  1.39500e+002
           268  1.53941e+002  2.68000e+002 -1.73119e+001  1.32482e+001  1.39667e+002
           269  1.54105e+002  2.69000e+002 -1.73096e+001  1.32482e+001  1.39833e+002
           270  1.54262e+002  2.70000e+002 -1.73074e+001  1.32482e+001  1.40000e+002
           271  1.54418e+002  2.71000e+002 -1.73049e+001  1.32482e+001  1.40167e+002
           272  1.54569e+002  2.72000e+002 -1.73023e+001  1.32482e+001  1.40333e+002
           273  1.54733e+002  2.73000e+002 -1.72998e+001  1.32481e+001  1.40500e+002
           274  1.54885e+002  2.74000e+002 -1.72983e+001  1.32481e+001  1.40667e+002
           275  1.55042e+002  2.75000e+002 -1.72972e+001  1.32481e+001  1.40833e+002
           276  1.55204e+002  2.76000e+002 -1.72964e+001  1.32481e+001  1.41000e+002
           277  1.55365e+002  2.77000e+002 -1.72960e+001  1.32481e+001  1.41167e+002
           278  1.55525e+002  2.78000e+002 -1.72974e+001  1.32481e+001  1.41333e+002
           279  1.55680e+002  2.79000e+002 -1.72989e+001  1.32481e+001  1.41500e+002
           280  1.55843e+002  2.80000e+002 -1.73005e+001  1.32482e+001  1.41667e+002
           281  1.55997e+002  2.81000e+002 -1.73017e+001  1.32482e+001  1.41833e+002
           282  1.56156e+002  2.82000e+002 -1.73070e+001  1.32482e+001  1.42000e+002
           283  1.56313e+002  2.83000e+002 -1.73103e+001  1.32483e+001  1.42167e+002
           284  1.56477e+002  2.84000e+002 -1.73133e+001  1.32483e+001  1.42333e+002
           285  1.56635e+002  2.85000e+002 -1.73160e+001  1.32483e+001  1.42500e+002
           286  1.56797e+002  2.86000e+002 -1.73198e+001  1.32483e+001  1.42667e+002
           287  1.56950e+002  2.87000e+002 -1.73224e+001  1.32483e+001  1.42833e+002
           288  1.57117e+002  2.88000e+002 -1.73251e+001  1.32483e+001  1.43000e+002
           289  1.57281e+002  2.89000e+002 -1.73270e+001  1.32482e+001  1.43167e+002
           290  1.57432e+002  2.90000e+002 -1.73296e+001  1.32481e+001  1.43333e+002
           291  1.57595e+002  2.91000e+002 -1.73328e+001  1.32481e+001  1.43500e+002
           292  1.57753e+002  2.92000e+002 -1.73347e+001  1.32481e+001  1.43667e+002
           293  1.57912e+002  2.93000e+002 -1.73362e+001  1.32480e+001  1.43833e+002
           294  1.58068e+002  2.94000e+002 -1.73359e+001  1.32480e+001  1.44000e+002
           295  1.58222e+002  2.95000e+002 -1.73359e+001  1.32479e+001  1.44167e+002
           296  1.58391e+002  2.96000e+002 -1.73360e+001  1.32479e+001  1.44333e+002
           297  1.58547e+002  2.97000e+002 -1.73352e+001  1.32479e+001  1.44500e+002
           298  1.58708e+002  2.98000e+002 -1.73347e+001  1.32479e+001  1.44667e+002
           299  1.58868e+002  2.99000e+002 -1.73345e+001  1.32479e+001  1.44833e+002
           300  1.59026e+002  3.00000e+002 -1.73353e+001  1.32479e+001  1.45000e+002
           301  1.59200e+002  3.01000e+002 -1.73382e+001  1.32478e+001  1.45167e+002
           302  1.59352e+002  3.02000e+002 -1.73404e+001  1.32478e+001  1.45333e+002
           303  1.59512e+002  3.03000e+002 -1.73480e+001  1.32478e+001  1.45500e+002
           304  1.59667e+002  3.04000e+002 -1.73615e+001  1.32478e+001  1.45667e+002
           305  1.59834e+002  3.05000e+002 -1.73800e+001  1.32478e+001  1.45833e+002
           306  1.59993e+002  3.06000e+002 -1.73856e+001  1.32477e+001  1.46000e+002
           307  1.60153e+002  3.07000e+002 -1.73823e+001  1.32477e+001  1.46167e+002
           308  1.60305e+002  3.08000e+002 -1.73868e+001  1.32477e+001  1.46333e+002
           309  1.60473e+002  3.09000e+002 -1.73929e+001  1.32477e+001  1.46500e+002
           310  1.60630e+002  3.10000e+002 -1.74509e+001  1.32477e+001  1.46667e+002
           311  1.60795e+002  3.11000e+002 -1.74949e+001  1.32477e+001  1.46833e+002
           312  1.60949e+002  3.12000e+002 -1.75689e+001  1.32477e+001  1.47000e+002
           313  1.61107e+002  3.13000e+002 -1.76638e+001  1.32477e+001  1.47167e+002
           314  1.61273e+002  3.14000e+002 -1.78257e+001  1.32477e+001  1.47333e+002
           315  1.61432e+002  3.15000e+002 -1.79912e+001  1.32477e+001  1.47500e+002
           316  1.61587e+002  3.16000e+002 -1.81821e+001  1.32478e+001  1.47667e+002
           317  1.61742e+002  3.17000e+002 -1.84066e+001  1.32478e+001  1.47833e+002
           318  1.61902e+002  3.18000e+002 -1.86587e+001  1.32478e+001  1.48000e+002
           319  1.62057e+002  3.19000e+002 -1.89772e+001  1.32479e+001  1.48167e+002
           320  1.62209e+002  3.20000e+002 -1.92857e+001  1.32480e+001  1.48333e+002
           321  1.62364e+002  3.21000e+002 -1.96464e+001  1.32481e+001  1.48500e+002
           322  1.62520e+002  3.22000e+002 -2.00452e+001  1.32482e+001  1.48667e+002
           323  1.62675e+002  3.23000e+002 -2.04849e+001  1.32483e+001  1.48833e+002
           324  1.62830e+002  3.24000e+002 -2.09327e+001  1.32483e+001  1.49000e+002
           325  1.62984e+002  3.25000e+002 -2.14057e+001  1.32484e+001  1.49167e+002
           326  1.63128e+002  3.26000e+002 -2.18822e+001  1.32484e+001  1.49333e+002
           327  1.63276e+002  3.27000e+002 -2.24057e+001  1.32484e+001  1.49500e+002
           328  1.63440e+002  3.28000e+002 -2.29208e+001  1.32484e+001  1.49667e+002
           329  1.63589e+002  3.29000e+002 -2.34444e+001  1.32484e+001  1.49833e+002
           330  1.63733e+002  3.30000e+002 -2.40029e+001  1.32484e+001  1.50000e+002
           331  1.63884e+002  3.31000e+002 -2.45627e+001  1.32484e+001  1.50167e+002
           332  1.64035e+002  3.32000e+002 -2.51285e+001  1.32483e+001  1.50333e+002
           333  1.64184e+002  3.33000e+002 -2.57036e+001  1.32483e+001  1.50500e+002
           334  1.64331e+002  3.34000e+002 -2.62316e+001  1.32483e+001  1.50667e+002
           335  1.64487e+002  3.35000e+002 -2.65747e+001  1.32484e+001  1.50833e+002
           336  1.64641e+002  3.36000e+002 -2.67183e+001  1.32484e+001  1.51000e+002
           337  1.64803e+002  3.37000e+002 -2.67485e+001  1.32484e+001  1.51167e+002
           338  1.64958e+002  3.38000e+002 -2.66906e+001  1.32484e+001  1.51333e+002
           339  1.65116e+002  3.39000e+002 -2.65375e+001  1.32485e+001  1.51500e+002
           340  1.65278e+002  3.40000e+002 -2.63628e+001  1.32485e+001  1.51667e+002
           341  1.65448e+002  3.41000e+002 -2.61450e+001  1.32486e+001  1.51833e+002
           342  1.65611e+002  3.42000e+002 -2.58879e+001  1.32486e+001  1.52000e+002
           343  1.65778e+002  3.43000e+002 -2.55719e+001  1.32486e+001  1.52167e+002
           344  1.65941e+002  3.44000e+002 -2.52704e+001  1.32486e+001  1.52333e+002
           345  1.66109e+002  3.45000e+002 -2.49732e+001  1.32485e+001  1.52500e+002
           346  1.66276e+002  3.46000e+002 -2.46746e+001  1.32485e+001  1.52667e+002
           347  1.66437e+002  3.47000e+002 -2.43657e+001  1.32484e+001  1.52833e+002
           348  1.66608e+002  3.48000e+002 -2.40839e+001  1.32482e+001  1.53000e+002
           349  1.66774e+002  3.49000e+002 -2.38056e+001  1.32481e+001  1.53167e+002
           350  1.66942e+002  3.50000e+002 -2.35259e+001  1.32480e+001  1.53333e+002
           351  1.67104e+002  3.51000e+002 -2.32471e+001  1.32479e+001  1.53500e+002
           352  1.67275e+002  3.52000e+002 -2.29663e+001  1.32479e+001  1.53667e+002
           353  1.67438e+002  3.53000e+002 -2.26804e+001  1.32479e+001  1.53833e+002
           354  1.67600e+002  3.54000e+002 -2.23946e+001  1.32478e+001  1.54000e+002
           355  1.67775e+002  3.55000e+002 -2.21435e+001  1.32479e+001  1.54167e+002
           356  1.67938e+002  3.56000e+002 -2.18741e+001  1.32480e+001  1.54333e+002
           357  1.68111e+002  3.57000e+002 -2.16078e+001  1.32480e+001  1.54500e+002
           358  1.68277e+002  3.58000e+002 -2.13547e+001  1.32481e+001  1.54667e+002
           359  1.68441e+002  3.59000e+002 -2.11447e+001  1.32482e+001  1.54833e+002
           360  1.68605e+002  3.60000e+002 -2.09113e+001  1.32483e+001  1.55000e+002
           361  1.68778e+002  3.61000e+002 -2.06886e+001  1.32484e+001  1.55167e+002
           362  1.68949e+002  3.62000e+002 -2.04725e+001  1.32485e+001  1.55333e+002
           363  1.69110e+002  3.63000e+002 -2.03075e+001  1.32485e+001  1.55500e+002
           364  1.69279e+002  3.64000e+002 -2.01161e+001  1.32486e+001  1.55667e+002
           365  1.69453e+002  3.65000e+002 -1.99358e+001  1.32486e+001  1.55833e+002
           366  1.69618e+002  3.66000e+002 -1.97617e+001  1.32486e+001  1.56000e+002
           367  1.69784e+002  3.67000e+002 -1.96404e+001  1.32486e+001  1.56167e+002
           368  1.69944e+002  3.68000e+002 -1.94991e+001  1.32485e+001  1.56333e+002
           369  1.70118e+002  3.69000e+002 -1.93587e+001  1.32485e+001  1.56500e+002
           370  1.70278e+002  3.70000e+002 -1.92205e+001  1.32485e+001  1.56667e+002
           371  1.70441e+002  3.71000e+002 -1.91284e+001  1.32484e+001  1.56833e+002
           372  1.70608e+002  3.72000e+002 -1.90174e+001  1.32484e+001  1.57000e+002
           373  1.70780e+002  3.73000e+002 -1.89055e+001  1.32483e+001  1.57167e+002
           374  1.70941e+002  3.74000e+002 -1.87957e+001  1.32483e+001  1.57333e+002
           375  1.71117e+002  3.75000e+002 -1.87264e+001  1.32482e+001  1.57500e+002
           376  1.71283e+002  3.76000e+002 -1.86365e+001  1.32482e+001  1.57667e+002
           377  1.71451e+002  3.77000e+002 -1.85414e+001  1.32482e+001  1.57833e+002
           378  1.71608e+002  3.78000e+002 -1.84404e+001  1.32482e+001  1.58000e+002
           379  1.71775e+002  3.79000e+002 -1.83835e+001  1.32482e+001  1.58167e+002
           380  1.71948e+002  3.80000e+002 -1.83077e+001  1.32482e+001  1.58333e+002
           381  1.72114e+002  3.81000e+002 -1.82263e+001  1.32482e+001  1.58500e+002
           382  1.72279e+002  3.82000e+002 -1.81520e+001  1.32482e+001  1.58667e+002
           383  1.72459e+002  3.83000e+002 -1.81098e+001  1.32483e+001  1.58833e+002
           384  1.72620e+002  3.84000e+002 -1.80525e+001  1.32483e+001  1.59000e+002
           385  1.72788e+002  3.85000e+002 -1.79926e+001  1.32484e+001  1.59167e+002
           386  1.72957e+002  3.86000e+002 -1.79334e+001  1.32484e+001  1.59333e+002
           387  1.73131e+002  3.87000e+002 -1.78950e+001  1.32485e+001  1.59500e+002
           388  1.73285e+002  3.88000e+002 -1.78472e+001  1.32485e+001  1.59667e+002
           389  1.73448e+002  3.89000e+002 -1.77988e+001  1.32486e+001  1.59833e+002
           390  1.73613e+002  3.90000e+002 -1.77503e+001  1.32486e+001  1.60000e+002
           391  1.73782e+002  3.91000e+002 -1.77187e+001  1.32487e+001  1.60167e+002
           392  1.73952e+002  3.92000e+002 -1.76816e+001  1.32487e+001  1.60333e+002
           393  1.74121e+002  3.93000e+002 -1.76442e+001  1.32488e+001  1.60500e+002
           394  1.74288e+002  3.94000e+002 -1.76068e+001  1.32488e+001  1.60667e+002
           395  1.74454e+002  3.95000e+002 -1.75815e+001  1.32489e+001  1.60833e+002
           396  1.74624e+002  3.96000e+002 -1.75521e+001  1.32489e+001  1.61000e+002
           397  1.74789e+002  3.97000e+002 -1.75232e+001  1.32489e+001  1.61167e+002
           398  1.74958e+002  3.98000e+002 -1.74952e+001  1.32489e+001  1.61333e+002
           399  1.75127e+002  3.99000e+002 -1.74785e+001  1.32489e+001  1.61500e+002
           400  1.75290e+002  4.00000e+002 -1.74566e+001  1.32489e+001  1.61667e+002
           401  1.75464e+002  4.01000e+002 -1.74356e+001  1.32489e+001  1.61833e+002
           402  1.75625e+002  4.02000e+002 -1.74155e+001  1.32489e+001  1.62000e+002
           403  1.75799e+002  4.03000e+002 -1.74045e+001  1.32488e+001  1.62167e+002
           404  1.75962e+002  4.04000e+002 -1.73885e+001  1.32488e+001  1.62333e+002
           405  1.76132e+002  4.05000e+002 -1.73722e+001  1.32487e+001  1.62500e+002
           406  1.76296e+002  4.06000e+002 -1.73561e+001  1.32487e+001  1.62667e+002
           407  1.76470e+002  4.07000e+002 -1.73484e+001  1.32486e+001  1.62833e+002
           408  1.76637e+002  4.08000e+002 -1.73379e+001  1.32486e+001  1.63000e+002
           409  1.76798e+002  4.09000e+002 -1.73270e+001  1.32485e+001  1.63167e+002
           410  1.76964e+002  4.10000e+002 -1.73156e+001  1.32484e+001  1.63333e+002
           411  1.77134e+002  4.11000e+002 -1.73049e+001  1.32483e+001  1.63500e+002
           412  1.77299e+002  4.12000e+002 -1.72996e+001  1.32482e+001  1.63667e+002
           413  1.77472e+002  4.13000e+002 -1.72912e+001  1.32481e+001  1.63833e+002
           414  1.77638e+002  4.14000e+002 -1.72835e+001  1.32481e+001  1.64000e+002
           415  1.77804e+002  4.15000e+002 -1.72764e+001  1.32481e+001  1.64167e+002
           416  1.77967e+002  4.16000e+002 -1.72724e+001  1.32481e+001  1.64333e+002
           417  1.78137e+002  4.17000e+002 -1.72658e+001  1.32481e+001  1.64500e+002
           418  1.78300e+002  4.18000e+002 -1.72587e+001  1.32482e+001  1.64667e+002
           419  1.78476e+002  4.19000e+002 -1.72511e+001  1.32482e+001  1.64833e+002
           420  1.78636e+002  4.20000e+002 -1.72447e+001  1.32483e+001  1.65000e+002
           421  1.78803e+002  4.21000e+002 -1.72382e+001  1.32483e+001  1.65167e+002
           422  1.78971e+002  4.22000e+002 -1.72320e+001  1.32484e+001  1.65333e+002
           423  1.79137e+002  4.23000e+002 -1.72270e+001  1.32484e+001  1.65500e+002
           424  1.79314e+002  4.24000e+002 -1.72231e+001  1.32485e+001  1.65667e+002
           425  1.79490e+002  4.25000e+002 -1.72180e+001  1.32485e+001  1.65833e+002
           426  1.79647e+002  4.26000e+002 -1.72126e+001  1.32485e+001  1.66000e+002
           427  1.79809e+002  4.27000e+002 -1.72070e+001  1.32485e+001  1.66167e+002
           428  1.79980e+002  4.28000e+002 -1.72025e+001  1.32485e+001  1.66333e+002
           429  1.80147e+002  4.29000e+002 -1.71993e+001  1.32485e+001  1.66500e+002
           430  1.80318e+002  4.30000e+002 -1.71956e+001  1.32485e+001  1.66667e+002
           431  1.80484e+002  4.31000e+002 -1.71909e+001  1.32485e+001  1.66833e+002
           432  1.80655e+002  4.32000e+002 -1.71913e+001  1.32485e+001  1.67000e+002
           433  1.80827e+002  4.33000e+002 -1.71903e+001  1.32485e+001  1.67167e+002
           434  1.80991e+002  4.34000e+002 -1.71887e+001  1.32485e+001  1.67333e+002
           435  1.81152e+002  4.35000e+002 -1.71878e+001  1.32485e+001  1.67500e+002
           436  1.81329e+002  4.36000e+002 -1.71878e+001  1.32485e+001  1.67667e+002
           437  1.81500e+002  4.37000e+002 -1.71867e+001  1.32485e+001  1.67833e+002
           438  1.81666e+002  4.38000e+002 -1.71857e+001  1.32485e+001  1.68000e+002
           439  1.81828e+002  4.39000e+002 -1.71853e+001  1.32485e+001  1.68167e+002
           440  1.81999e+002  4.40000e+002 -1.71861e+001  1.32485e+001  1.68333e+002
           441  1.82164e+002  4.41000e+002 -1.71863e+001  1.32485e+001  1.68500e+002
           442  1.82335e+002  4.42000e+002 -1.71865e+001  1.32485e+001  1.68667e+002
           443  1.82500e+002  4.43000e+002 -1.71867e+001  1.32485e+001  1.68833e+002
           444  1.82674e+002  4.44000e+002 -1.71881e+001  1.32485e+001  1.69000e+002
           445  1.82846e+002  4.45000e+002 -1.71884e+001  1.32484e+001  1.69167e+002
           446  1.83012e+002  4.46000e+002 -1.71884e+001  1.32484e+001  1.69333e+002
           447  1.83179e+002  4.47000e+002 -1.71888e+001  1.32484e+001  1.69500e+002
           448  1.83354e+002  4.48000e+002 -1.71870e+001  1.32485e+001  1.69667e+002
           449  1.83517e+002  4.49000e+002 -1.71857e+001  1.32485e+001  1.69833e+002
           450  1.83695e+002  4.50000e+002 -1.71842e+001  1.32485e+001  1.70000e+002
           451  1.83861e+002  4.51000e+002 -1.71828e+001  1.32485e+001  1.70167e+002
           452  1.84029e+002  4.52000e+002 -1.71797e+001  1.32486e+001  1.70333e+002
           453  1.84192e+002  4.53000e+002 -1.71769e+001  1.32486e+001  1.70500e+002
           454  1.84364e+002  4.54000e+002 -1.71758e+001  1.32487e+001  1.70667e+002
           455  1.84530e+002  4.55000e+002 -1.71758e+001  1.32487e+001  1.70833e+002
           456  1.84701e+002  4.56000e+002 -1.71751e+001  1.32488e+001  1.71000e+002
           457  1.84867e+002  4.57000e+002 -1.71750e+001  1.32488e+001  1.71167e+002
           458  1.85039e+002  4.58000e+002 -1.71741e+001  1.32488e+001  1.71333e+002
           459  1.85201e+002  4.59000e+002 -1.71730e+001  1.32488e+001  1.71500e+002
           460  1.85376e+002  4.60000e+002 -1.71723e+001  1.32488e+001  1.71667e+002
           461  1.85546e+002  4.61000e+002 -1.71723e+001  1.32487e+001  1.71833e+002
           462  1.85710e+002  4.62000e+002 -1.71721e+001  1.32487e+001  1.72000e+002
           463  1.85873e+002  4.63000e+002 -1.71717e+001  1.32486e+001  1.72167e+002
           464  1.86045e+002  4.64000e+002 -1.71764e+001  1.32485e+001  1.72333e+002
           465  1.86213e+002  4.65000e+002 -1.71799e+001  1.32485e+001  1.72500e+002
           466  1.86378e+002  4.66000e+002 -1.71823e+001  1.32484e+001  1.72667e+002
           467  1.86543e+002  4.67000e+002 -1.71840e+001  1.32483e+001  1.72833e+002
           468  1.86713e+002  4.68000e+002 -1.71851e+001  1.32483e+001  1.73000e+002
           469  1.86890e+002  4.69000e+002 -1.71871e+001  1.32482e+001  1.73167e+002
           470  1.87053e+002  4.70000e+002 -1.71897e+001  1.32482e+001  1.73333e+002
           471  1.87221e+002  4.71000e+002 -1.71930e+001  1.32482e+001  1.73500e+002
           472  1.87391e+002  4.72000e+002 -1.72008e+001  1.32482e+001  1.73667e+002
           473  1.87552e+002  4.73000e+002 -1.72058e+001  1.32482e+001  1.73833e+002
           474  1.87723e+002  4.74000e+002 -1.72098e+001  1.32482e+001  1.74000e+002
           475  1.87899e+002  4.75000e+002 -1.72137e+001  1.32482e+001  1.74167e+002
           476  1.88066e+002  4.76000e+002 -1.72157e+001  1.32482e+001  1.74333e+002
           477  1.88222e+002  4.77000e+002 -1.72163e+001  1.32483e+001  1.74500e+002
           478  1.88399e+002  4.78000e+002 -1.72162e+001  1.32483e+001  1.74667e+002
           479  1.88573e+002  4.79000e+002 -1.72160e+001  1.32483e+001  1.74833e+002
           480  1.88731e+002  4.80000e+002 -1.72175e+001  1.32483e+001  1.75000e+002
           481  1.88915e+002  4.81000e+002 -1.72182e+001  1.32483e+001  1.75167e+002
           482  1.89075e+002  4.82000e+002 -1.72179e+001  1.32483e+001  1.75333e+002
           483  1.89241e+002  4.83000e+002 -1.72174e+001  1.32484e+001  1.75500e+002
           484  1.89408e+002  4.84000e+002 -1.72119e+001  1.32484e+001  1.75667e+002
           485  1.89586e+002  4.85000e+002 -1.72107e+001  1.32484e+001  1.75833e+002
           486  1.89754e+002  4.86000e+002 -1.72107e+001  1.32484e+001  1.76000e+002
           487  1.89929e+002  4.87000e+002 -1.72105e+001  1.32485e+001  1.76167e+002
           488  1.90091e+002  4.88000e+002 -1.72097e+001  1.32485e+001  1.76333e+002
           489  1.90273e+002  4.89000e+002 -1.72097e+001  1.32486e+001  1.76500e+002
           490  1.90438e+002  4.90000e+002 -1.72097e+001  1.32486e+001  1.76667e+002
           491  1.90604e+002  4.91000e+002 -1.72098e+001  1.32487e+001  1.76833e+002
           492  1.90776e+002  4.92000e+002 -1.72127e+001  1.32487e+001  1.77000e+002
           493  1.90936e+002  4.93000e+002 -1.72148e+001  1.32488e+001  1.77167e+002
           494  1.91111e+002  4.94000e+002 -1.72167e+001  1.32488e+001  1.77333e+002
           495  1.91282e+002  4.95000e+002 -1.72185e+001  1.32489e+001  1.77500e+002
           496  1.91446e+002  4.96000e+002 -1.72204e+001  1.32488e+001  1.77667e+002
           497  1.91609e+002  4.97000e+002 -1.72220e+001  1.32488e+001  1.77833e+002
           498  1.91783e+002  4.98000e+002 -1.72233e+001  1.32487e+001  1.78000e+002
           499  1.91959e+002  4.99000e+002 -1.72243e+001  1.32487e+001  1.78167e+002
           500  1.92117e+002  5.00000e+002 -1.72273e+001  1.32485e+001  1.78333e+002
           501  1.92289e+002  5.01000e+002 -1.72298e+001  1.32484e+001  1.78500e+002
           502  1.92456e+002  5.02000e+002 -1.72328e+001  1.32483e+001  1.78667e+002
           503  1.92628e+002  5.03000e+002 -1.72357e+001  1.32482e+001  1.78833e+002
           504  1.92806e+002  5.04000e+002 -1.72377e+001  1.32481e+001  1.79000e+002
           505  1.92974e+002  5.05000e+002 -1.72373e+001  1.32480e+001  1.79167e+002
           506  1.93144e+002  5.06000e+002 -1.72386e+001  1.32479e+001  1.79333e+002
           507  1.93313e+002  5.07000e+002 -1.72405e+001  1.32479e+001  1.79500e+002
           508  1.93477e+002  5.08000e+002 -1.72417e+001  1.32478e+001  1.79667e+002
           509  1.93650e+002  5.09000e+002 -1.72433e+001  1.32478e+001  1.79833e+002
           510  1.93826e+002  5.10000e+002 -1.72437e+001  1.32479e+001  1.80000e+002
           511  1.93990e+002  5.11000e+002 -1.72440e+001  1.32479e+001  1.80167e+002
           512  1.94158e+002  5.12000e+002 -1.72450e+001  1.32479e+001  1.80333e+002
           513  1.94336e+002  5.13000e+002 -1.72436e+001  1.32480e+001  1.80500e+002
           514  1.94509e+002  5.14000e+002 -1.72433e+001  1.32480e+001  1.80667e+002
           515  1.94673e+002  5.15000e+002 -1.72432e+001  1.32481e+001  1.80833e+002
           516  1.94839e+002  5.16000e+002 -1.72430e+001  1.32481e+001  1.81000e+002
           517  1.95006e+002  5.17000e+002 -1.72419e+001  1.32481e+001  1.81167e+002
           518  1.95172e+002  5.18000e+002 -1.72415e+001  1.32482e+001  1.81333e+002
           519  1.95348e+002  5.19000e+002 -1.72405e+001  1.32483e+001  1.81500e+002
           520  1.95518e+002  5.20000e+002 -1.72394e+001  1.32483e+001  1.81667e+002
           521  1.95691e+002  5.21000e+002 -1.72397e+001  1.32484e+001  1.81833e+002
           522  1.95853e+002  5.22000e+002 -1.72391e+001  1.32485e+001  1.82000e+002
           523  1.96023e+002  5.23000e+002 -1.72380e+001  1.32486e+001  1.82167e+002
           524  1.96196e+002  5.24000e+002 -1.72372e+001  1.32487e+001  1.82333e+002
           525  1.96366e+002  5.25000e+002 -1.72377e+001  1.32488e+001  1.82500e+002
           526  1.96535e+002  5.26000e+002 -1.72390e+001  1.32489e+001  1.82667e+002
           527  1.96708e+002  5.27000e+002 -1.72417e+001  1.32490e+001  1.82833e+002
           528  1.96882e+002  5.28000e+002 -1.72448e+001  1.32490e+001  1.83000e+002
           529  1.97048e+002  5.29000e+002 -1.72478e+001  1.32490e+001  1.83167e+002
           530  1.97216e+002  5.30000e+002 -1.72508e+001  1.32490e+001  1.83333e+002
           531  1.97383e+002  5.31000e+002 -1.72538e+001  1.32490e+001  1.83500e+002
           532  1.97549e+002  5.32000e+002 -1.72569e+001  1.32490e+001  1.83667e+002
           533  1.97722e+002  5.33000e+002 -1.72626e+001  1.32489e+001  1.83833e+002
           534  1.97896e+002  5.34000e+002 -1.72656e+001  1.32489e+001  1.84000e+002
           535  1.98075e+002  5.35000e+002 -1.72682e+001  1.32488e+001  1.84167e+002
           536  1.98244e+002  5.36000e+002 -1.72703e+001  1.32487e+001  1.84333e+002
           537  1.98404e+002  5.37000e+002 -1.72724e+001  1.32487e+001  1.84500e+002
           538  1.98581e+002  5.38000e+002 -1.72739e+001  1.32486e+001  1.84667e+002
           539  1.98753e+002  5.39000e+002 -1.72751e+001  1.32485e+001  1.84833e+002
           540  1.98915e+002  5.40000e+002 -1.72760e+001  1.32485e+001  1.85000e+002
           541  1.99086e+002  5.41000e+002 -1.72741e+001  1.32484e+001  1.85167e+002
           542  1.99257e+002  5.42000e+002 -1.72748e+001  1.32484e+001  1.85333e+002
           543  1.99427e+002  5.43000e+002 -1.72758e+001  1.32484e+001  1.85500e+002
           544  1.99596e+002  5.44000e+002 -1.72771e+001  1.32484e+001  1.85667e+002
           545  1.99768e+002  5.45000e+002 -1.72757e+001  1.32484e+001  1.85833e+002
           546  1.99947e+002  5.46000e+002 -1.72744e+001  1.32484e+001  1.86000e+002
           547  2.00116e+002  5.47000e+002 -1.72738e+001  1.32484e+001  1.86167e+002
           548  2.00283e+002  5.48000e+002 -1.72737e+001  1.32485e+001  1.86333e+002
           549  2.00446e+002  5.49000e+002 -1.72723e+001  1.32485e+001  1.86500e+002
           550  2.00629e+002  5.50000e+002 -1.72713e+001  1.32485e+001  1.86667e+002
           551  2.00800e+002  5.51000e+002 -1.72708e+001  1.32485e+001  1.86833e+002
           552  2.00968e+002  5.52000e+002 -1.72706e+001  1.32485e+001  1.87000e+002
           553  2.01136e+002  5.53000e+002 -1.72704e+001  1.32485e+001  1.87167e+002
           554  2.01305e+002  5.54000e+002 -1.72714e+001  1.32485e+001  1.87333e+002
           555  2.01481e+002  5.55000e+002 -1.72713e+001  1.32485e+001  1.87500e+002
           556  2.01648e+002  5.56000e+002 -1.72690e+001  1.32485e+001  1.87667e+002
           557  2.01820e+002  5.57000e+002 -1.72676e+001  1.32485e+001  1.87833e+002
           558  2.01987e+002  5.58000e+002 -1.72655e+001  1.32485e+001  1.88000e+002
           559  2.02153e+002  5.59000e+002 -1.72643e+001  1.32485e+001  1.88167e+002
           560  2.02321e+002  5.60000e+002 -1.72636e+001  1.32485e+001  1.88333e+002
           561  2.02501e+002  5.61000e+002 -1.72651e+001  1.32485e+001  1.88500e+002
           562  2.02670e+002  5.62000e+002 -1.72653e+001  1.32486e+001  1.88667e+002
           563  2.02839e+002  5.63000e+002 -1.72644e+001  1.32486e+001  1.88833e+002
           564  2.03013e+002  5.64000e+002 -1.72637e+001  1.32486e+001  1.89000e+002
           565  2.03183e+002  5.65000e+002 -1.72585e+001  1.32487e+001  1.89167e+002
           566  2.03351e+002  5.66000e+002 -1.72559e+001  1.32487e+001  1.89333e+002
           567  2.03514e+002  5.67000e+002 -1.72535e+001  1.32488e+001  1.89500e+002
           568  2.03684e+002  5.68000e+002 -1.72522e+001  1.32488e+001  1.89667e+002
           569  2.03861e+002  5.69000e+002 -1.72562e+001  1.32488e+001  1.89833e+002
           570  2.04029e+002  5.70000e+002 -1.72560e+001  1.32488e+001  1.90000e+002
           571  2.04204e+002  5.71000e+002 -1.72550e+001  1.32488e+001  1.90167e+002
           572  2.04374e+002  5.72000e+002 -1.72533e+001  1.32488e+001  1.90333e+002
           573  2.04550e+002  5.73000e+002 -1.72508e+001  1.32488e+001  1.90500e+002
           574  2.04722e+002  5.74000e+002 -1.72464e+001  1.32487e+001  1.90667e+002
           575  2.04892e+002  5.75000e+002 -1.72442e+001  1.32487e+001  1.90833e+002
           576  2.05061e+002  5.76000e+002 -1.72429e+001  1.32487e+001  1.91000e+002
           577  2.05230e+002  5.77000e+002 -1.72425e+001  1.32486e+001  1.91167e+002
           578  2.05402e+002  5.78000e+002 -1.72418e+001  1.32486e+001  1.91333e+002
           579  2.05564e+002  5.79000e+002 -1.72407e+001  1.32486e+001  1.91500e+002
           580  2.05740e+002  5.80000e+002 -1.72408e+001  1.32486e+001  1.91667e+002
           581  2.05902e+002  5.81000e+002 -1.72411e+001  1.32486e+001  1.91833e+002
           582  2.06084e+002  5.82000e+002 -1.72432e+001  1.32487e+001  1.92000e+002
           583  2.06251e+002  5.83000e+002 -1.72439e+001  1.32487e+001  1.92167e+002
           584  2.06422e+002  5.84000e+002 -1.72445e+001  1.32488e+001  1.92333e+002
           585  2.06594e+002  5.85000e+002 -1.72463e+001  1.32488e+001  1.92500e+002
           586  2.06766e+002  5.86000e+002 -1.72518e+001  1.32489e+001  1.92667e+002
           587  2.06935e+002  5.87000e+002 -1.72548e+001  1.32490e+001  1.92833e+002
           588  2.07113e+002  5.88000e+002 -1.72562e+001  1.32491e+001  1.93000e+002
           589  2.07282e+002  5.89000e+002 -1.72573e+001  1.32491e+001  1.93167e+002
           590  2.07450e+002  5.90000e+002 -1.72609e+001  1.32491e+001  1.93333e+002
           591  2.07614e+002  5.91000e+002 -1.72629e+001  1.32491e+001  1.93500e+002
           592  2.07797e+002  5.92000e+002 -1.72656e+001  1.32491e+001  1.93667e+002
           593  2.07963e+002  5.93000e+002 -1.72684e+001  1.32491e+001  1.93833e+002
           594  2.08125e+002  5.94000e+002 -1.72702e+001  1.32490e+001  1.94000e+002
           595  2.08293e+002  5.95000e+002 -1.72713e+001  1.32489e+001  1.94167e+002
           596  2.08471e+002  5.96000e+002 -1.72731e+001  1.32488e+001  1.94333e+002
           597  2.08645e+002  5.97000e+002 -1.72744e+001  1.32487e+001  1.94500e+002
           598  2.08810e+002  5.98000e+002 -1.72735e+001  1.32487e+001  1.94667e+002
           599  2.08984e+002  5.99000e+002 -1.72731e+001  1.32486e+001  1.94833e+002
           600  2.09158e+002  6.00000e+002 -1.72747e+001  1.32486e+001  1.95000e+002
           601  2.09321e+002  6.01000e+002 -1.72773e+001  1.32486e+001  1.95167e+002
           602  2.09493e+002  6.02000e+002 -1.72785e+001  1.32486e+001  1.95333e+002
           603  2.09663e+002  6.03000e+002 -1.72801e+001  1.32486e+001  1.95500e+002
           604  2.09844e+002  6.04000e+002 -1.72814e+001  1.32486e+001  1.95667e+002
           605  2.10000e+002  6.05000e+002 -1.72819e+001  1.32486e+001  1.95833e+002
           606  2.10173e+002  6.06000e+002 -1.72808e+001  1.32486e+001  1.96000e+002
           607  2.10349e+002  6.07000e+002 -1.72809e+001  1.32486e+001  1.96167e+002
           608  2.10518e+002  6.08000e+002 -1.72815e+001  1.32486e+001  1.96333e+002
           609  2.10681e+002  6.09000e+002 -1.72819e+001  1.32486e+001  1.96500e+002
           610  2.10853e+002  6.10000e+002 -1.72847e+001  1.32486e+001  1.96667e+002
           611  2.11021e+002  6.11000e+002 -1.72858e+001  1.32486e+001  1.96833e+002
           612  2.11196e+002  6.12000e+002 -1.72854e+001  1.32486e+001  1.97000e+002
           613  2.11355e+002  6.13000e+002 -1.72853e+001  1.32486e+001  1.97167e+002
           614  2.11530e+002  6.14000e+002 -1.72826e+001  1.32486e+001  1.97333e+002
           615  2.11700e+002  6.15000e+002 -1.72807e+001  1.32486e+001  1.97500e+002
           616  2.11874e+002  6.16000e+002 -1.72786e+001  1.32487e+001  1.97667e+002
           617  2.12045e+002  6.17000e+002 -1.72767e+001  1.32488e+001  1.97833e+002
           618  2.12211e+002  6.18000e+002 -1.72743e+001  1.32489e+001  1.98000e+002
           619  2.12382e+002  6.19000e+002 -1.72714e+001  1.32490e+001  1.98167e+002
           620  2.12552e+002  6.20000e+002 -1.72687e+001  1.32491e+001  1.98333e+002
           621  2.12725e+002  6.21000e+002 -1.72661e+001  1.32491e+001  1.98500e+002
           622  2.12895e+002  6.22000e+002 -1.72617e+001  1.32492e+001  1.98667e+002
           623  2.13073e+002  6.23000e+002 -1.72600e+001  1.32493e+001  1.98833e+002
           624  2.13241e+002  6.24000e+002 -1.72579e+001  1.32493e+001  1.99000e+002
           625  2.13413e+002  6.25000e+002 -1.72556e+001  1.32493e+001  1.99167e+002
           626  2.13584e+002  6.26000e+002 -1.72503e+001  1.32492e+001  1.99333e+002
           627  2.13752e+002  6.27000e+002 -1.72464e+001  1.32492e+001  1.99500e+002
           628  2.13913e+002  6.28000e+002 -1.72422e+001  1.32492e+001  1.99667e+002
           629  2.14095e+002  6.29000e+002 -1.72390e+001  1.32491e+001  1.99833e+002
           630  2.14261e+002  6.30000e+002 -1.72382e+001  1.32490e+001  2.00000e+002
           631  2.14434e+002  6.31000e+002 -1.72349e+001  1.32490e+001  2.00167e+002
           632  2.14598e+002  6.32000e+002 -1.72319e+001  1.32490e+001  2.00333e+002
           633  2.14773e+002  6.33000e+002 -1.72302e+001  1.32489e+001  2.00500e+002
           634  2.14942e+002  6.34000e+002 -1.72239e+001  1.32489e+001  2.00667e+002
           635  2.15114e+002  6.35000e+002 -1.72201e+001  1.32489e+001  2.00833e+002
           636  2.15291e+002  6.36000e+002 -1.72169e+001  1.32489e+001  2.01000e+002
           637  2.15459e+002  6.37000e+002 -1.72139e+001  1.32489e+001  2.01167e+002
           638  2.15624e+002  6.38000e+002 -1.72139e+001  1.32489e+001  2.01333e+002
           639  2.15795e+002  6.39000e+002 -1.72133e+001  1.32489e+001  2.01500e+002
           640  2.15963e+002  6.40000e+002 -1.72116e+001  1.32489e+001  2.01667e+002
           641  2.16135e+002  6.41000e+002 -1.72093e+001  1.32489e+001  2.01833e+002
           642  2.16307e+002  6.42000e+002 -1.72085e+001  1.32488e+001  2.02000e+002
           643  2.16481e+002  6.43000e+002 -1.72066e+001  1.32488e+001  2.02167e+002
           644  2.16641e+002  6.44000e+002 -1.72045e+001  1.32487e+001  2.02333e+002
           645  2.16817e+002  6.45000e+002 -1.72026e+001  1.32487e+001  2.02500e+002
           646  2.16985e+002  6.46000e+002 -1.72037e+001  1.32486e+001  2.02667e+002
           647  2.17153e+002  6.47000e+002 -1.72030e+001  1.32485e+001  2.02833e+002
           648  2.17328e+002  6.48000e+002 -1.72021e+001  1.32485e+001  2.03000e+002
           649  2.17499e+002  6.49000e+002 -1.72020e+001  1.32485e+001  2.03167e+002
           650  2.17671e+002  6.50000e+002 -1.72013e+001  1.32485e+001  2.03333e+002
           651  2.17840e+002  6.51000e+002 -1.72009e+001  1.32485e+001  2.03500e+002
           652  2.18007e+002  6.52000e+002 -1.72001e+001  1.32485e+001  2.03667e+002
           653  2.18176e+002  6.53000e+002 -1.71990e+001  1.32486e+001  2.03833e+002
           654  2.18347e+002  6.54000e+002 -1.72002e+001  1.32487e+001  2.04000e+002
           655  2.18515e+002  6.55000e+002 -1.71997e+001  1.32489e+001  2.04167e+002
           656  2.18687e+002  6.56000e+002 -1.71996e+001  1.32490e+001  2.04333e+002
           657  2.18865e+002  6.57000e+002 -1.71993e+001  1.32491e+001  2.04500e+002
           658  2.19032e+002  6.58000e+002 -1.71992e+001  1.32491e+001  2.04667e+002
           659  2.19204e+002  6.59000e+002 -1.71998e+001  1.32492e+001  2.04833e+002
           660  2.19377e+002  6.60000e+002 -1.72012e+001  1.32492e+001  2.05000e+002
           661  2.19545e+002  6.61000e+002 -1.72036e+001  1.32493e+001  2.05167e+002
           662  2.19721e+002  6.62000e+002 -1.72049e+001  1.32492e+001  2.05333e+002
           663  2.19885e+002  6.63000e+002 -1.72074e+001  1.32492e+001  2.05500e+002
           664  2.20061e+002  6.64000e+002 -1.72095e+001  1.32492e+001  2.05667e+002
           665  2.20232e+002  6.65000e+002 -1.72117e+001  1.32491e+001  2.05833e+002
           666  2.20409e+002  6.66000e+002 -1.72147e+001  1.32491e+001  2.06000e+002
           667  2.20577e+002  6.67000e+002 -1.72198e+001  1.32490e+001  2.06167e+002
           668  2.20745e+002  6.68000e+002 -1.72241e+001  1.32490e+001  2.06333e+002
           669  2.20913e+002  6.69000e+002 -1.72290e+001  1.32490e+001  2.06500e+002
           670  2.21088e+002  6.70000e+002 -1.72340e+001  1.32490e+001  2.06667e+002
           671  2.21257e+002  6.71000e+002 -1.72392e+001  1.32490e+001  2.06833e+002
           672  2.21425e+002  6.72000e+002 -1.72443e+001  1.32490e+001  2.07000e+002
           673  2.21593e+002  6.73000e+002 -1.72493e+001  1.32489e+001  2.07167e+002
           674  2.21768e+002  6.74000e+002 -1.72531e+001  1.32489e+001  2.07333e+002
           675  2.21941e+002  6.75000e+002 -1.72568e+001  1.32489e+001  2.07500e+002
           676  2.22104e+002  6.76000e+002 -1.72593e+001  1.32489e+001  2.07667e+002
           677  2.22270e+002  6.77000e+002 -1.72607e+001  1.32488e+001  2.07833e+002
           678  2.22440e+002  6.78000e+002 -1.72626e+001  1.32488e+001  2.08000e+002
           679  2.22605e+002  6.79000e+002 -1.72654e+001  1.32488e+001  2.08167e+002
           680  2.22782e+002  6.80000e+002 -1.72674e+001  1.32487e+001  2.08333e+002
           681  2.22958e+002  6.81000e+002 -1.72696e+001  1.32487e+001  2.08500e+002
           682  2.23123e+002  6.82000e+002 -1.72715e+001  1.32488e+001  2.08667e+002
           683  2.23298e+002  6.83000e+002 -1.72651e+001  1.32488e+001  2.08833e+002
           684  2.23471e+002  6.84000e+002 -1.72626e+001  1.32489e+001  2.09000e+002
           685  2.23646e+002  6.85000e+002 -1.72613e+001  1.32489e+001  2.09167e+002
           686  2.23819e+002  6.86000e+002 -1.72604e+001  1.32490e+001  2.09333e+002
           687  2.23981e+002  6.87000e+002 -1.72600e+001  1.32491e+001  2.09500e+002
           688  2.24149e+002  6.88000e+002 -1.72591e+001  1.32491e+001  2.09667e+002
           689  2.24327e+002  6.89000e+002 -1.72583e+001  1.32491e+001  2.09833e+002
           690  2.24506e+002  6.90000e+002 -1.72572e+001  1.32491e+001  2.10000e+002
           691  2.24666e+002  6.91000e+002 -1.72532e+001  1.32490e+001  2.10167e+002
           692  2.24839e+002  6.92000e+002 -1.72507e+001  1.32490e+001  2.10333e+002
           693  2.25014e+002  6.93000e+002 -1.72490e+001  1.32489e+001  2.10500e+002
           694  2.25185e+002  6.94000e+002 -1.72482e+001  1.32489e+001  2.10667e+002
           695  2.25352e+002  6.95000e+002 -1.72482e+001  1.32489e+001  2.10833e+002
           696  2.25525e+002  6.96000e+002 -1.72466e+001  1.32489e+001  2.11000e+002
           697  2.25694e+002  6.97000e+002 -1.72449e+001  1.32489e+001  2.11167e+002
           698  2.25862e+002  6.98000e+002 -1.72433e+001  1.32489e+001  2.11333e+002
           699  2.26033e+002  6.99000e+002 -1.72425e+001  1.32490e+001  2.11500e+002
           700  2.26211e+002  7.00000e+002 -1.72432e+001  1.32490e+001  2.11667e+002
           701  2.26379e+002  7.01000e+002 -1.72451e+001  1.32491e+001  2.11833e+002
           702  2.26552e+002  7.02000e+002 -1.72461e+001  1.32491e+001  2.12000e+002
           703  2.26722e+002  7.03000e+002 -1.72466e+001  1.32491e+001  2.12167e+002
           704  2.26893e+002  7.04000e+002 -1.72461e+001  1.32492e+001  2.12333e+002
           705  2.27060e+002  7.05000e+002 -1.72464e+001  1.32492e+001  2.12500e+002
           706  2.27223e+002  7.06000e+002 -1.72465e+001  1.32492e+001  2.12667e+002
           707  2.27405e+002  7.07000e+002 -1.72485e+001  1.32492e+001  2.12833e+002
           708  2.27573e+002  7.08000e+002 -1.72499e+001  1.32492e+001  2.13000e+002
           709  2.27742e+002  7.09000e+002 -1.72515e+001  1.32492e+001  2.13167e+002
           710  2.27917e+002  7.10000e+002 -1.72532e+001  1.32492e+001  2.13333e+002
           711  2.28093e+002  7.11000e+002 -1.72518e+001  1.32492e+001  2.13500e+002
           712  2.28265e+002  7.12000e+002 -1.72523e+001  1.32492e+001  2.13667e+002
           713  2.28436e+002  7.13000e+002 -1.72535e+001  1.32491e+001  2.13833e+002
           714  2.28602e+002  7.14000e+002 -1.72550e+001  1.32491e+001  2.14000e+002
           715  2.28772e+002  7.15000e+002 -1.72570e+001  1.32491e+001  2.14167e+002
           716  2.28935e+002  7.16000e+002 -1.72586e+001  1.32490e+001  2.14333e+002
           717  2.29116e+002  7.17000e+002 -1.72594e+001  1.32490e+001  2.14500e+002
           718  2.29292e+002  7.18000e+002 -1.72609e+001  1.32490e+001  2.14667e+002
           719  2.29457e+002  7.19000e+002 -1.72617e+001  1.32489e+001  2.14833e+002
           720  2.29622e+002  7.20000e+002 -1.72618e+001  1.32488e+001  2.15000e+002
           721  2.29800e+002  7.21000e+002 -1.72609e+001  1.32488e+001  2.15167e+002
           722  2.29970e+002  7.22000e+002 -1.72586e+001  1.32487e+001  2.15333e+002
           723  2.30141e+002  7.23000e+002 -1.72546e+001  1.32486e+001  2.15500e+002
           724  2.30317e+002  7.24000e+002 -1.72497e+001  1.32485e+001  2.15667e+002
           725  2.30479e+002  7.25000e+002 -1.72446e+001  1.32485e+001  2.15833e+002
           726  2.30652e+002  7.26000e+002 -1.72398e+001  1.32484e+001  2.16000e+002
           727  2.30820e+002  7.27000e+002 -1.72321e+001  1.32484e+001  2.16167e+002
           728  2.30993e+002  7.28000e+002 -1.72270e+001  1.32485e+001  2.16333e+002
           729  2.31164e+002  7.29000e+002 -1.72222e+001  1.32485e+001  2.16500e+002
           730  2.31341e+002  7.30000e+002 -1.72177e+001  1.32486e+001  2.16667e+002
           731  2.31512e+002  7.31000e+002 -1.72068e+001  1.32487e+001  2.16833e+002
           732  2.31677e+002  7.32000e+002 -1.72001e+001  1.32488e+001  2.17000e+002
           733  2.31846e+002  7.33000e+002 -1.71948e+001  1.32490e+001  2.17167e+002
           734  2.32018e+002  7.34000e+002 -1.71901e+001  1.32491e+001  2.17333e+002
           735  2.32188e+002  7.35000e+002 -1.71883e+001  1.32492e+001  2.17500e+002
           736  2.32362e+002  7.36000e+002 -1.71833e+001  1.32493e+001  2.17667e+002
           737  2.32529e+002  7.37000e+002 -1.71788e+001  1.32494e+001  2.17833e+002
           738  2.32701e+002  7.38000e+002 -1.71747e+001  1.32495e+001  2.18000e+002
           739  2.32875e+002  7.39000e+002 -1.71750e+001  1.32496e+001  2.18167e+002
           740  2.33049e+002  7.40000e+002 -1.71736e+001  1.32496e+001  2.18333e+002
           741  2.33217e+002  7.41000e+002 -1.71708e+001  1.32497e+001  2.18500e+002
           742  2.33388e+002  7.42000e+002 -1.71680e+001  1.32497e+001  2.18667e+002
           743  2.33552e+002  7.43000e+002 -1.71675e+001  1.32497e+001  2.18833e+002
           744  2.33729e+002  7.44000e+002 -1.71661e+001  1.32498e+001  2.19000e+002
           745  2.33902e+002  7.45000e+002 -1.71645e+001  1.32498e+001  2.19167e+002
           746  2.34069e+002  7.46000e+002 -1.71630e+001  1.32497e+001  2.19333e+002
           747  2.34240e+002  7.47000e+002 -1.71764e+001  1.32497e+001  2.19500e+002
           748  2.34415e+002  7.48000e+002 -1.71857e+001  1.32496e+001  2.19667e+002
           749  2.34587e+002  7.49000e+002 -1.73288e+001  1.32495e+001  2.19833e+002
]5[In RR Ar 60ml/min total calib
