         Index            Ts             t            HF        Weight            Tr
           [#]          [°C]           [s]          [mW]          [mg]          [°C]
             0  7.96496e+002  0.00000e+000 -2.99975e+002  4.20516e+001  8.40000e+002
             1  7.97818e+002  1.00000e+000 -2.97581e+002  4.20510e+001  8.40833e+002
             2  7.99554e+002  2.00000e+000 -2.96301e+002  4.20505e+001  8.41667e+002
             3  8.01291e+002  3.00000e+000 -2.96179e+002  4.20499e+001  8.42500e+002
             4  8.03069e+002  4.00000e+000 -2.96071e+002  4.20490e+001  8.43333e+002
             5  8.04919e+002  5.00000e+000 -2.96137e+002  4.20483e+001  8.44167e+002
             6  8.06765e+002  6.00000e+000 -2.96760e+002  4.20477e+001  8.45000e+002
             7  8.08603e+002  7.00000e+000 -2.97822e+002  4.20471e+001  8.45833e+002
             8  8.10459e+002  8.00000e+000 -2.98150e+002  4.20466e+001  8.46667e+002
             9  8.12334e+002  9.00000e+000 -2.98500e+002  4.20462e+001  8.47500e+002
            10  8.14221e+002  1.00000e+001 -2.98846e+002  4.20458e+001  8.48333e+002
            11  8.16102e+002  1.10000e+001 -2.99230e+002  4.20455e+001  8.49167e+002
            12  8.17986e+002  1.20000e+001 -2.99449e+002  4.20455e+001  8.50000e+002
            13  8.19858e+002  1.30000e+001 -2.99672e+002  4.20454e+001  8.50833e+002
            14  8.21715e+002  1.40000e+001 -2.99856e+002  4.20452e+001  8.51667e+002
            15  8.23552e+002  1.50000e+001 -3.00007e+002  4.20450e+001  8.52500e+002
            16  8.25374e+002  1.60000e+001 -3.00089e+002  4.20448e+001  8.53333e+002
            17  8.27175e+002  1.70000e+001 -3.00144e+002  4.20445e+001  8.54167e+002
            18  8.28952e+002  1.80000e+001 -3.00109e+002  4.20443e+001  8.55000e+002
            19  8.30711e+002  1.90000e+001 -3.00049e+002  4.20440e+001  8.55833e+002
            20  8.32437e+002  2.00000e+001 -2.99908e+002  4.20436e+001  8.56667e+002
            21  8.34147e+002  2.10000e+001 -2.99754e+002  4.20433e+001  8.57500e+002
            22  8.35833e+002  2.20000e+001 -2.99554e+002  4.20429e+001  8.58333e+002
            23  8.37492e+002  2.30000e+001 -2.99307e+002  4.20426e+001  8.59167e+002
            24  8.39129e+002  2.40000e+001 -2.99024e+002  4.20423e+001  8.60000e+002
            25  8.40749e+002  2.50000e+001 -2.98739e+002  4.20420e+001  8.60833e+002
            26  8.42336e+002  2.60000e+001 -2.98433e+002  4.20417e+001  8.61667e+002
            27  8.43908e+002  2.70000e+001 -2.98102e+002  4.20415e+001  8.62500e+002
            28  8.45463e+002  2.80000e+001 -2.97748e+002  4.20412e+001  8.63333e+002
            29  8.46986e+002  2.90000e+001 -2.97339e+002  4.20411e+001  8.64167e+002
            30  8.48493e+002  3.00000e+001 -2.96930e+002  4.20408e+001  8.65000e+002
            31  8.49984e+002  3.10000e+001 -2.96495e+002  4.20406e+001  8.65833e+002
            32  8.51449e+002  3.20000e+001 -2.96030e+002  4.20404e+001  8.66667e+002
            33  8.52894e+002  3.30000e+001 -2.95539e+002  4.20402e+001  8.67500e+002
            34  8.54317e+002  3.40000e+001 -2.95059e+002  4.20401e+001  8.68333e+002
            35  8.55732e+002  3.50000e+001 -2.94548e+002  4.20399e+001  8.69167e+002
            36  8.57121e+002  3.60000e+001 -2.94016e+002  4.20398e+001  8.70000e+002
            37  8.58494e+002  3.70000e+001 -2.93421e+002  4.20397e+001  8.70833e+002
            38  8.59852e+002  3.80000e+001 -2.92829e+002  4.20397e+001  8.71667e+002
            39  8.61191e+002  3.90000e+001 -2.92212e+002  4.20396e+001  8.72500e+002
            40  8.62516e+002  4.00000e+001 -2.91570e+002  4.20395e+001  8.73333e+002
            41  8.63821e+002  4.10000e+001 -2.90883e+002  4.20394e+001  8.74167e+002
            42  8.65114e+002  4.20000e+001 -2.90212e+002  4.20393e+001  8.75000e+002
            43  8.66384e+002  4.30000e+001 -2.89547e+002  4.20392e+001  8.75833e+002
            44  8.67646e+002  4.40000e+001 -2.88880e+002  4.20391e+001  8.76667e+002
            45  8.68895e+002  4.50000e+001 -2.88165e+002  4.20389e+001  8.77500e+002
            46  8.70102e+002  4.60000e+001 -2.87463e+002  4.20388e+001  8.78333e+002
            47  8.71304e+002  4.70000e+001 -2.86769e+002  4.20387e+001  8.79167e+002
            48  8.72368e+002  4.80000e+001 -2.86074e+002  4.20385e+001  8.80000e+002
            49  8.73413e+002  4.90000e+001 -2.85344e+002  4.20384e+001  8.80833e+002
            50  8.74599e+002  5.00000e+001 -2.84631e+002  4.20383e+001  8.81667e+002
            51  8.75780e+002  5.10000e+001 -2.83922e+002  4.20382e+001  8.82500e+002
            52  8.76950e+002  5.20000e+001 -2.83218e+002  4.20382e+001  8.83333e+002
            53  8.78113e+002  5.30000e+001 -2.82470e+002  4.20381e+001  8.84167e+002
            54  8.79262e+002  5.40000e+001 -2.81742e+002  4.20381e+001  8.85000e+002
            55  8.80406e+002  5.50000e+001 -2.81022e+002  4.20380e+001  8.85833e+002
            56  8.81531e+002  5.60000e+001 -2.80302e+002  4.20379e+001  8.86667e+002
            57  8.82662e+002  5.70000e+001 -2.79528e+002  4.20379e+001  8.87500e+002
            58  8.83774e+002  5.80000e+001 -2.78784e+002  4.20378e+001  8.88333e+002
            59  8.84882e+002  5.90000e+001 -2.78037e+002  4.20377e+001  8.89167e+002
            60  8.85981e+002  6.00000e+001 -2.77288e+002  4.20377e+001  8.90000e+002
            61  8.87069e+002  6.10000e+001 -2.76514e+002  4.20376e+001  8.90833e+002
            62  8.88154e+002  6.20000e+001 -2.75753e+002  4.20376e+001  8.91667e+002
            63  8.89228e+002  6.30000e+001 -2.74995e+002  4.20376e+001  8.92500e+002
            64  8.90295e+002  6.40000e+001 -2.74237e+002  4.20376e+001  8.93333e+002
            65  8.91354e+002  6.50000e+001 -2.73465e+002  4.20376e+001  8.94167e+002
            66  8.92412e+002  6.60000e+001 -2.72699e+002  4.20376e+001  8.95000e+002
            67  8.93459e+002  6.70000e+001 -2.71935e+002  4.20376e+001  8.95833e+002
            68  8.94494e+002  6.80000e+001 -2.71170e+002  4.20376e+001  8.96667e+002
            69  8.95530e+002  6.90000e+001 -2.70402e+002  4.20376e+001  8.97500e+002
            70  8.96561e+002  7.00000e+001 -2.69637e+002  4.20376e+001  8.98333e+002
            71  8.97580e+002  7.10000e+001 -2.68875e+002  4.20376e+001  8.99167e+002
            72  8.98599e+002  7.20000e+001 -2.68113e+002  4.20376e+001  9.00000e+002
            73  8.99608e+002  7.30000e+001 -2.67350e+002  4.20376e+001  9.00833e+002
            74  9.00614e+002  7.40000e+001 -2.66592e+002  4.20376e+001  9.01667e+002
            75  9.01617e+002  7.50000e+001 -2.65835e+002  4.20376e+001  9.02500e+002
            76  9.02608e+002  7.60000e+001 -2.65078e+002  4.20376e+001  9.03333e+002
            77  9.03596e+002  7.70000e+001 -2.64328e+002  4.20376e+001  9.04167e+002
            78  9.04586e+002  7.80000e+001 -2.63577e+002  4.20376e+001  9.05000e+002
            79  9.05567e+002  7.90000e+001 -2.62827e+002  4.20376e+001  9.05833e+002
            80  9.06546e+002  8.00000e+001 -2.62080e+002  4.20376e+001  9.06667e+002
            81  9.07515e+002  8.10000e+001 -2.61347e+002  4.20376e+001  9.07500e+002
            82  9.08483e+002  8.20000e+001 -2.60609e+002  4.20375e+001  9.08333e+002
            83  9.09445e+002  8.30000e+001 -2.59870e+002  4.20375e+001  9.09167e+002
            84  9.10400e+002  8.40000e+001 -2.59129e+002  4.20374e+001  9.10000e+002
            85  9.11356e+002  8.50000e+001 -2.58400e+002  4.20373e+001  9.10833e+002
            86  9.12311e+002  8.60000e+001 -2.57670e+002  4.20373e+001  9.11667e+002
            87  9.13260e+002  8.70000e+001 -2.56942e+002  4.20372e+001  9.12500e+002
            88  9.14199e+002  8.80000e+001 -2.56215e+002  4.20371e+001  9.13333e+002
            89  9.15139e+002  8.90000e+001 -2.55505e+002  4.20370e+001  9.14167e+002
            90  9.16084e+002  9.00000e+001 -2.54790e+002  4.20370e+001  9.15000e+002
            91  9.17015e+002  9.10000e+001 -2.54075e+002  4.20369e+001  9.15833e+002
            92  9.17942e+002  9.20000e+001 -2.53360e+002  4.20368e+001  9.16667e+002
            93  9.18869e+002  9.30000e+001 -2.52656e+002  4.20367e+001  9.17500e+002
            94  9.19796e+002  9.40000e+001 -2.51949e+002  4.20367e+001  9.18333e+002
            95  9.20720e+002  9.50000e+001 -2.51244e+002  4.20366e+001  9.19167e+002
            96  9.21639e+002  9.60000e+001 -2.50540e+002  4.20366e+001  9.20000e+002
            97  9.22552e+002  9.70000e+001 -2.49856e+002  4.20365e+001  9.20833e+002
            98  9.23466e+002  9.80000e+001 -2.49163e+002  4.20365e+001  9.21667e+002
            99  9.24376e+002  9.90000e+001 -2.48471e+002  4.20365e+001  9.22500e+002
           100  9.25287e+002  1.00000e+002 -2.47779e+002  4.20365e+001  9.23333e+002
           101  9.26188e+002  1.01000e+002 -2.47102e+002  4.20365e+001  9.24167e+002
           102  9.27086e+002  1.02000e+002 -2.46421e+002  4.20365e+001  9.25000e+002
           103  9.27986e+002  1.03000e+002 -2.45741e+002  4.20365e+001  9.25833e+002
           104  9.28889e+002  1.04000e+002 -2.45063e+002  4.20366e+001  9.26667e+002
           105  9.29784e+002  1.05000e+002 -2.44401e+002  4.20366e+001  9.27500e+002
           106  9.30677e+002  1.06000e+002 -2.43733e+002  4.20366e+001  9.28333e+002
           107  9.31570e+002  1.07000e+002 -2.43065e+002  4.20367e+001  9.29167e+002
           108  9.32463e+002  1.08000e+002 -2.42391e+002  4.20367e+001  9.30000e+002
           109  9.33355e+002  1.09000e+002 -2.41759e+002  4.20367e+001  9.30833e+002
           110  9.34233e+002  1.10000e+002 -2.41108e+002  4.20368e+001  9.31667e+002
           111  9.35115e+002  1.11000e+002 -2.40451e+002  4.20368e+001  9.32500e+002
           112  9.36000e+002  1.12000e+002 -2.39803e+002  4.20368e+001  9.33333e+002
           113  9.36880e+002  1.13000e+002 -2.39174e+002  4.20369e+001  9.34167e+002
           114  9.37759e+002  1.14000e+002 -2.38530e+002  4.20369e+001  9.35000e+002
           115  9.38638e+002  1.15000e+002 -2.37889e+002  4.20369e+001  9.35833e+002
           116  9.39511e+002  1.16000e+002 -2.37258e+002  4.20370e+001  9.36667e+002
           117  9.40385e+002  1.17000e+002 -2.36678e+002  4.20369e+001  9.37500e+002
           118  9.41260e+002  1.18000e+002 -2.36064e+002  4.20369e+001  9.38333e+002
           119  9.42127e+002  1.19000e+002 -2.35456e+002  4.20368e+001  9.39167e+002
           120  9.43002e+002  1.20000e+002 -2.34853e+002  4.20368e+001  9.40000e+002
           121  9.43867e+002  1.21000e+002 -2.34256e+002  4.20367e+001  9.40833e+002
           122  9.44729e+002  1.22000e+002 -2.33691e+002  4.20366e+001  9.41667e+002
           123  9.45593e+002  1.23000e+002 -2.33111e+002  4.20365e+001  9.42500e+002
           124  9.46452e+002  1.24000e+002 -2.32529e+002  4.20364e+001  9.43333e+002
           125  9.47318e+002  1.25000e+002 -2.31959e+002  4.20363e+001  9.44167e+002
           126  9.48181e+002  1.26000e+002 -2.31423e+002  4.20362e+001  9.45000e+002
           127  9.49044e+002  1.27000e+002 -2.30862e+002  4.20362e+001  9.45833e+002
           128  9.49896e+002  1.28000e+002 -2.30298e+002  4.20362e+001  9.46667e+002
           129  9.50756e+002  1.29000e+002 -2.29732e+002  4.20361e+001  9.47500e+002
           130  9.51607e+002  1.30000e+002 -2.29184e+002  4.20361e+001  9.48333e+002
           131  9.52466e+002  1.31000e+002 -2.28630e+002  4.20361e+001  9.49167e+002
           132  9.53320e+002  1.32000e+002 -2.28077e+002  4.20361e+001  9.50000e+002
           133  9.54171e+002  1.33000e+002 -2.27524e+002  4.20361e+001  9.50833e+002
           134  9.55022e+002  1.34000e+002 -2.26981e+002  4.20361e+001  9.51667e+002
           135  9.55875e+002  1.35000e+002 -2.26437e+002  4.20361e+001  9.52500e+002
           136  9.56718e+002  1.36000e+002 -2.25896e+002  4.20361e+001  9.53333e+002
           137  9.57569e+002  1.37000e+002 -2.25357e+002  4.20361e+001  9.54167e+002
           138  9.58415e+002  1.38000e+002 -2.24829e+002  4.20360e+001  9.55000e+002
           139  9.59265e+002  1.39000e+002 -2.24290e+002  4.20360e+001  9.55833e+002
           140  9.60108e+002  1.40000e+002 -2.23750e+002  4.20360e+001  9.56667e+002
           141  9.60955e+002  1.41000e+002 -2.23210e+002  4.20360e+001  9.57500e+002
           142  9.61800e+002  1.42000e+002 -2.22721e+002  4.20360e+001  9.58333e+002
           143  9.62638e+002  1.43000e+002 -2.22211e+002  4.20360e+001  9.59167e+002
           144  9.63478e+002  1.44000e+002 -2.21696e+002  4.20360e+001  9.60000e+002
           145  9.64323e+002  1.45000e+002 -2.21191e+002  4.20360e+001  9.60833e+002
           146  9.65166e+002  1.46000e+002 -2.20729e+002  4.20360e+001  9.61667e+002
           147  9.66004e+002  1.47000e+002 -2.20249e+002  4.20361e+001  9.62500e+002
           148  9.66843e+002  1.48000e+002 -2.19768e+002  4.20361e+001  9.63333e+002
           149  9.67678e+002  1.49000e+002 -2.19291e+002  4.20361e+001  9.64167e+002
           150  9.68517e+002  1.50000e+002 -2.18856e+002  4.20361e+001  9.65000e+002
           151  9.69351e+002  1.51000e+002 -2.18398e+002  4.20361e+001  9.65833e+002
           152  9.70193e+002  1.52000e+002 -2.17938e+002  4.20361e+001  9.66667e+002
           153  9.71027e+002  1.53000e+002 -2.17478e+002  4.20360e+001  9.67500e+002
           154  9.71860e+002  1.54000e+002 -2.17039e+002  4.20360e+001  9.68333e+002
           155  9.72694e+002  1.55000e+002 -2.16596e+002  4.20359e+001  9.69167e+002
           156  9.73534e+002  1.56000e+002 -2.16153e+002  4.20359e+001  9.70000e+002
           157  9.74364e+002  1.57000e+002 -2.15709e+002  4.20358e+001  9.70833e+002
           158  9.75202e+002  1.58000e+002 -2.15284e+002  4.20357e+001  9.71667e+002
           159  9.76033e+002  1.59000e+002 -2.14852e+002  4.20356e+001  9.72500e+002
           160  9.76865e+002  1.60000e+002 -2.14419e+002  4.20355e+001  9.73333e+002
           161  9.77695e+002  1.61000e+002 -2.13987e+002  4.20354e+001  9.74167e+002
           162  9.78528e+002  1.62000e+002 -2.13573e+002  4.20353e+001  9.75000e+002
           163  9.79363e+002  1.63000e+002 -2.13154e+002  4.20352e+001  9.75833e+002
           164  9.80191e+002  1.64000e+002 -2.12733e+002  4.20351e+001  9.76667e+002
           165  9.81022e+002  1.65000e+002 -2.12311e+002  4.20350e+001  9.77500e+002
           166  9.81844e+002  1.66000e+002 -2.11900e+002  4.20350e+001  9.78333e+002
           167  9.82679e+002  1.67000e+002 -2.11486e+002  4.20349e+001  9.79167e+002
           168  9.83504e+002  1.68000e+002 -2.11071e+002  4.20348e+001  9.80000e+002
           169  9.84329e+002  1.69000e+002 -2.10657e+002  4.20348e+001  9.80833e+002
           170  9.85152e+002  1.70000e+002 -2.10252e+002  4.20347e+001  9.81667e+002
           171  9.85978e+002  1.71000e+002 -2.09844e+002  4.20346e+001  9.82500e+002
           172  9.86807e+002  1.72000e+002 -2.09434e+002  4.20345e+001  9.83333e+002
           173  9.87627e+002  1.73000e+002 -2.09023e+002  4.20344e+001  9.84167e+002
           174  9.88457e+002  1.74000e+002 -2.08620e+002  4.20343e+001  9.85000e+002
           175  9.89279e+002  1.75000e+002 -2.08217e+002  4.20342e+001  9.85833e+002
           176  9.90109e+002  1.76000e+002 -2.07816e+002  4.20341e+001  9.86667e+002
           177  9.90928e+002  1.77000e+002 -2.07415e+002  4.20340e+001  9.87500e+002
           178  9.91755e+002  1.78000e+002 -2.07023e+002  4.20340e+001  9.88333e+002
           179  9.92580e+002  1.79000e+002 -2.06629e+002  4.20339e+001  9.89167e+002
           180  9.93396e+002  1.80000e+002 -2.06236e+002  4.20339e+001  9.90000e+002
           181  9.94223e+002  1.81000e+002 -2.05847e+002  4.20338e+001  9.90833e+002
           182  9.95041e+002  1.82000e+002 -2.05472e+002  4.20339e+001  9.91667e+002
           183  9.95869e+002  1.83000e+002 -2.05092e+002  4.20338e+001  9.92500e+002
           184  9.96691e+002  1.84000e+002 -2.04711e+002  4.20338e+001  9.93333e+002
           185  9.97511e+002  1.85000e+002 -2.04325e+002  4.20338e+001  9.94167e+002
           186  9.98332e+002  1.86000e+002 -2.03978e+002  4.20338e+001  9.95000e+002
           187  9.99154e+002  1.87000e+002 -2.03613e+002  4.20337e+001  9.95833e+002
           188  9.99972e+002  1.88000e+002 -2.03244e+002  4.20337e+001  9.96667e+002
           189  1.00079e+003  1.89000e+002 -2.02881e+002  4.20336e+001  9.97500e+002
           190  1.00161e+003  1.90000e+002 -2.02521e+002  4.20336e+001  9.98333e+002
           191  1.00244e+003  1.91000e+002 -2.02191e+002  4.20335e+001  9.99167e+002
           192  1.00325e+003  1.92000e+002 -2.01844e+002  4.20334e+001  1.00000e+003
           193  1.00407e+003  1.93000e+002 -2.01494e+002  4.20333e+001  1.00083e+003
           194  1.00489e+003  1.94000e+002 -2.01144e+002  4.20332e+001  1.00167e+003
           195  1.00571e+003  1.95000e+002 -2.00809e+002  4.20331e+001  1.00250e+003
           196  1.00652e+003  1.96000e+002 -2.00468e+002  4.20330e+001  1.00333e+003
           197  1.00734e+003  1.97000e+002 -2.00125e+002  4.20329e+001  1.00417e+003
           198  1.00815e+003  1.98000e+002 -1.99782e+002  4.20328e+001  1.00500e+003
           199  1.00898e+003  1.99000e+002 -1.99446e+002  4.20327e+001  1.00583e+003
           200  1.00979e+003  2.00000e+002 -1.99107e+002  4.20326e+001  1.00667e+003
           201  1.01061e+003  2.01000e+002 -1.98769e+002  4.20325e+001  1.00750e+003
           202  1.01142e+003  2.02000e+002 -1.98432e+002  4.20324e+001  1.00833e+003
           203  1.01224e+003  2.03000e+002 -1.98101e+002  4.20323e+001  1.00917e+003
           204  1.01306e+003  2.04000e+002 -1.97770e+002  4.20323e+001  1.01000e+003
           205  1.01388e+003  2.05000e+002 -1.97439e+002  4.20322e+001  1.01083e+003
           206  1.01469e+003  2.06000e+002 -1.97107e+002  4.20321e+001  1.01167e+003
           207  1.01551e+003  2.07000e+002 -1.96782e+002  4.20320e+001  1.01250e+003
           208  1.01632e+003  2.08000e+002 -1.96456e+002  4.20319e+001  1.01333e+003
           209  1.01714e+003  2.09000e+002 -1.96131e+002  4.20318e+001  1.01417e+003
           210  1.01796e+003  2.10000e+002 -1.95806e+002  4.20317e+001  1.01500e+003
           211  1.01877e+003  2.11000e+002 -1.95499e+002  4.20316e+001  1.01583e+003
           212  1.01958e+003  2.12000e+002 -1.95188e+002  4.20316e+001  1.01667e+003
           213  1.02040e+003  2.13000e+002 -1.94876e+002  4.20315e+001  1.01750e+003
           214  1.02121e+003  2.14000e+002 -1.94565e+002  4.20314e+001  1.01833e+003
           215  1.02203e+003  2.15000e+002 -1.94263e+002  4.20314e+001  1.01917e+003
           216  1.02285e+003  2.16000e+002 -1.93958e+002  4.20313e+001  1.02000e+003
           217  1.02366e+003  2.17000e+002 -1.93653e+002  4.20312e+001  1.02083e+003
           218  1.02448e+003  2.18000e+002 -1.93348e+002  4.20312e+001  1.02167e+003
           219  1.02532e+003  2.19000e+002 -1.93060e+002  4.20311e+001  1.02250e+003
           220  1.02647e+003  2.20000e+002 -1.92759e+002  4.20310e+001  1.02333e+003
           221  1.02741e+003  2.21000e+002 -1.92450e+002  4.20309e+001  1.02417e+003
           222  1.02823e+003  2.22000e+002 -1.92140e+002  4.20308e+001  1.02500e+003
           223  1.02904e+003  2.23000e+002 -1.91829e+002  4.20307e+001  1.02583e+003
           224  1.02985e+003  2.24000e+002 -1.91516e+002  4.20306e+001  1.02667e+003
           225  1.03066e+003  2.25000e+002 -1.91205e+002  4.20305e+001  1.02750e+003
           226  1.03148e+003  2.26000e+002 -1.90894e+002  4.20303e+001  1.02833e+003
           227  1.03229e+003  2.27000e+002 -1.90577e+002  4.20302e+001  1.02917e+003
           228  1.03309e+003  2.28000e+002 -1.90269e+002  4.20301e+001  1.03000e+003
           229  1.03387e+003  2.29000e+002 -1.89964e+002  4.20299e+001  1.03083e+003
           230  1.03442e+003  2.30000e+002 -1.89659e+002  4.20298e+001  1.03167e+003
           231  1.03505e+003  2.31000e+002 -1.89349e+002  4.20297e+001  1.03250e+003
           232  1.03586e+003  2.32000e+002 -1.89045e+002  4.20296e+001  1.03333e+003
           233  1.03667e+003  2.33000e+002 -1.88741e+002  4.20294e+001  1.03417e+003
           234  1.03747e+003  2.34000e+002 -1.88426e+002  4.20293e+001  1.03500e+003
           235  1.03829e+003  2.35000e+002 -1.88166e+002  4.20292e+001  1.03583e+003
           236  1.03910e+003  2.36000e+002 -1.87883e+002  4.20291e+001  1.03667e+003
           237  1.03992e+003  2.37000e+002 -1.87597e+002  4.20290e+001  1.03750e+003
           238  1.04073e+003  2.38000e+002 -1.87311e+002  4.20289e+001  1.03833e+003
           239  1.04154e+003  2.39000e+002 -1.87038e+002  4.20289e+001  1.03917e+003
           240  1.04234e+003  2.40000e+002 -1.86762e+002  4.20288e+001  1.04000e+003
           241  1.04316e+003  2.41000e+002 -1.86484e+002  4.20287e+001  1.04083e+003
           242  1.04398e+003  2.42000e+002 -1.86206e+002  4.20286e+001  1.04167e+003
           243  1.04478e+003  2.43000e+002 -1.85944e+002  4.20286e+001  1.04250e+003
           244  1.04559e+003  2.44000e+002 -1.85675e+002  4.20285e+001  1.04333e+003
           245  1.04640e+003  2.45000e+002 -1.85406e+002  4.20284e+001  1.04417e+003
           246  1.04722e+003  2.46000e+002 -1.85137e+002  4.20283e+001  1.04500e+003
           247  1.04802e+003  2.47000e+002 -1.84878e+002  4.20282e+001  1.04583e+003
           248  1.04884e+003  2.48000e+002 -1.84614e+002  4.20281e+001  1.04667e+003
           249  1.04965e+003  2.49000e+002 -1.84350e+002  4.20280e+001  1.04750e+003
           250  1.05046e+003  2.50000e+002 -1.84087e+002  4.20279e+001  1.04833e+003
           251  1.05127e+003  2.51000e+002 -1.83829e+002  4.20278e+001  1.04917e+003
           252  1.05208e+003  2.52000e+002 -1.83570e+002  4.20277e+001  1.05000e+003
           253  1.05289e+003  2.53000e+002 -1.83311e+002  4.20276e+001  1.05083e+003
           254  1.05370e+003  2.54000e+002 -1.83053e+002  4.20275e+001  1.05167e+003
           255  1.05451e+003  2.55000e+002 -1.82804e+002  4.20274e+001  1.05250e+003
           256  1.05532e+003  2.56000e+002 -1.82553e+002  4.20273e+001  1.05333e+003
           257  1.05614e+003  2.57000e+002 -1.82306e+002  4.20272e+001  1.05417e+003
           258  1.05694e+003  2.58000e+002 -1.82065e+002  4.20271e+001  1.05500e+003
           259  1.05775e+003  2.59000e+002 -1.81819e+002  4.20269e+001  1.05583e+003
           260  1.05857e+003  2.60000e+002 -1.81570e+002  4.20268e+001  1.05667e+003
           261  1.05938e+003  2.61000e+002 -1.81323e+002  4.20267e+001  1.05750e+003
           262  1.06019e+003  2.62000e+002 -1.81076e+002  4.20266e+001  1.05833e+003
           263  1.06100e+003  2.63000e+002 -1.80839e+002  4.20266e+001  1.05917e+003
           264  1.06180e+003  2.64000e+002 -1.80591e+002  4.20265e+001  1.06000e+003
           265  1.06262e+003  2.65000e+002 -1.80382e+002  4.20264e+001  1.06083e+003
           266  1.06343e+003  2.66000e+002 -1.80182e+002  4.20263e+001  1.06167e+003
           267  1.06423e+003  2.67000e+002 -1.80176e+002  4.20262e+001  1.06250e+003
           268  1.06504e+003  2.68000e+002 -1.80440e+002  4.20261e+001  1.06333e+003
           269  1.06584e+003  2.69000e+002 -1.80999e+002  4.20259e+001  1.06417e+003
           270  1.06664e+003  2.70000e+002 -1.81768e+002  4.20258e+001  1.06500e+003
           271  1.06744e+003  2.71000e+002 -1.83043e+002  4.20256e+001  1.06583e+003
           272  1.06824e+003  2.72000e+002 -1.84441e+002  4.20254e+001  1.06667e+003
           273  1.06903e+003  2.73000e+002 -1.86015e+002  4.20252e+001  1.06750e+003
           274  1.06981e+003  2.74000e+002 -1.87716e+002  4.20251e+001  1.06833e+003
           275  1.07060e+003  2.75000e+002 -1.89741e+002  4.20249e+001  1.06917e+003
           276  1.07138e+003  2.76000e+002 -1.91880e+002  4.20248e+001  1.07000e+003
           277  1.07217e+003  2.77000e+002 -1.94161e+002  4.20247e+001  1.07083e+003
           278  1.07295e+003  2.78000e+002 -1.96537e+002  4.20246e+001  1.07167e+003
           279  1.07373e+003  2.79000e+002 -1.99165e+002  4.20245e+001  1.07250e+003
           280  1.07451e+003  2.80000e+002 -2.01908e+002  4.20245e+001  1.07333e+003
           281  1.07529e+003  2.81000e+002 -2.04776e+002  4.20244e+001  1.07417e+003
           282  1.07606e+003  2.82000e+002 -2.07693e+002  4.20244e+001  1.07500e+003
           283  1.07684e+003  2.83000e+002 -2.10657e+002  4.20243e+001  1.07583e+003
           284  1.07761e+003  2.84000e+002 -2.13638e+002  4.20243e+001  1.07667e+003
           285  1.07838e+003  2.85000e+002 -2.16646e+002  4.20243e+001  1.07750e+003
           286  1.07916e+003  2.86000e+002 -2.19746e+002  4.20242e+001  1.07833e+003
           287  1.07993e+003  2.87000e+002 -2.22912e+002  4.20241e+001  1.07917e+003
           288  1.08070e+003  2.88000e+002 -2.26264e+002  4.20240e+001  1.08000e+003
           289  1.08147e+003  2.89000e+002 -2.29724e+002  4.20238e+001  1.08083e+003
           290  1.08223e+003  2.90000e+002 -2.33315e+002  4.20237e+001  1.08167e+003
           291  1.08300e+003  2.91000e+002 -2.36988e+002  4.20235e+001  1.08250e+003
           292  1.08376e+003  2.92000e+002 -2.40871e+002  4.20233e+001  1.08333e+003
           293  1.08452e+003  2.93000e+002 -2.44868e+002  4.20232e+001  1.08417e+003
           294  1.08528e+003  2.94000e+002 -2.48993e+002  4.20231e+001  1.08500e+003
           295  1.08604e+003  2.95000e+002 -2.53147e+002  4.20229e+001  1.08583e+003
           296  1.08680e+003  2.96000e+002 -2.57363e+002  4.20229e+001  1.08667e+003
           297  1.08756e+003  2.97000e+002 -2.61413e+002  4.20228e+001  1.08750e+003
           298  1.08832e+003  2.98000e+002 -2.64299e+002  4.20227e+001  1.08833e+003
           299  1.08912e+003  2.99000e+002 -2.65567e+002  4.20226e+001  1.08917e+003
           300  1.08996e+003  3.00000e+002 -2.61418e+002  4.20225e+001  1.09000e+003
           301  1.09082e+003  3.01000e+002 -2.55986e+002  4.20224e+001  1.09083e+003
           302  1.09168e+003  3.02000e+002 -2.50034e+002  4.20223e+001  1.09167e+003
           303  1.09255e+003  3.03000e+002 -2.44101e+002  4.20222e+001  1.09250e+003
           304  1.09341e+003  3.04000e+002 -2.38727e+002  4.20220e+001  1.09333e+003
           305  1.09427e+003  3.05000e+002 -2.33693e+002  4.20218e+001  1.09417e+003
           306  1.09512e+003  3.06000e+002 -2.29049e+002  4.20217e+001  1.09500e+003
           307  1.09597e+003  3.07000e+002 -2.24677e+002  4.20215e+001  1.09583e+003
           308  1.09682e+003  3.08000e+002 -2.20840e+002  4.20213e+001  1.09667e+003
           309  1.09766e+003  3.09000e+002 -2.17264e+002  4.20211e+001  1.09750e+003
           310  1.09850e+003  3.10000e+002 -2.13955e+002  4.20210e+001  1.09833e+003
           311  1.09934e+003  3.11000e+002 -2.10752e+002  4.20208e+001  1.09917e+003
           312  1.10018e+003  3.12000e+002 -2.07813e+002  4.20207e+001  1.10000e+003
           313  1.10102e+003  3.13000e+002 -2.05144e+002  4.20206e+001  1.10083e+003
           314  1.10185e+003  3.14000e+002 -2.02616e+002  4.20204e+001  1.10167e+003
           315  1.10269e+003  3.15000e+002 -2.00174e+002  4.20203e+001  1.10250e+003
           316  1.10352e+003  3.16000e+002 -1.97963e+002  4.20202e+001  1.10333e+003
           317  1.10435e+003  3.17000e+002 -1.95851e+002  4.20201e+001  1.10417e+003
           318  1.10518e+003  3.18000e+002 -1.93873e+002  4.20200e+001  1.10500e+003
           319  1.10601e+003  3.19000e+002 -1.91981e+002  4.20199e+001  1.10583e+003
           320  1.10683e+003  3.20000e+002 -1.90277e+002  4.20198e+001  1.10667e+003
           321  1.10766e+003  3.21000e+002 -1.88649e+002  4.20197e+001  1.10750e+003
           322  1.10849e+003  3.22000e+002 -1.87119e+002  4.20196e+001  1.10833e+003
           323  1.10931e+003  3.23000e+002 -1.85650e+002  4.20194e+001  1.10917e+003
           324  1.11013e+003  3.24000e+002 -1.84336e+002  4.20192e+001  1.11000e+003
           325  1.11095e+003  3.25000e+002 -1.83089e+002  4.20191e+001  1.11083e+003
           326  1.11178e+003  3.26000e+002 -1.81928e+002  4.20189e+001  1.11167e+003
           327  1.11260e+003  3.27000e+002 -1.80784e+002  4.20187e+001  1.11250e+003
           328  1.11342e+003  3.28000e+002 -1.79727e+002  4.20185e+001  1.11333e+003
           329  1.11424e+003  3.29000e+002 -1.78687e+002  4.20184e+001  1.11417e+003
           330  1.11506e+003  3.30000e+002 -1.77747e+002  4.20182e+001  1.11500e+003
           331  1.11587e+003  3.31000e+002 -1.76876e+002  4.20181e+001  1.11583e+003
           332  1.11669e+003  3.32000e+002 -1.76059e+002  4.20181e+001  1.11667e+003
           333  1.11751e+003  3.33000e+002 -1.75270e+002  4.20180e+001  1.11750e+003
           334  1.11833e+003  3.34000e+002 -1.74571e+002  4.20179e+001  1.11833e+003
           335  1.11915e+003  3.35000e+002 -1.73903e+002  4.20178e+001  1.11917e+003
           336  1.11997e+003  3.36000e+002 -1.73267e+002  4.20177e+001  1.12000e+003
           337  1.12078e+003  3.37000e+002 -1.72631e+002  4.20177e+001  1.12083e+003
           338  1.12159e+003  3.38000e+002 -1.72046e+002  4.20176e+001  1.12167e+003
           339  1.12241e+003  3.39000e+002 -1.71505e+002  4.20175e+001  1.12250e+003
           340  1.12322e+003  3.40000e+002 -1.71007e+002  4.20173e+001  1.12333e+003
           341  1.12404e+003  3.41000e+002 -1.70511e+002  4.20172e+001  1.12417e+003
           342  1.12486e+003  3.42000e+002 -1.70041e+002  4.20171e+001  1.12500e+003
           343  1.12567e+003  3.43000e+002 -1.69600e+002  4.20169e+001  1.12583e+003
           344  1.12648e+003  3.44000e+002 -1.69189e+002  4.20168e+001  1.12667e+003
           345  1.12730e+003  3.45000e+002 -1.68774e+002  4.20166e+001  1.12750e+003
           346  1.12811e+003  3.46000e+002 -1.68364e+002  4.20165e+001  1.12833e+003
           347  1.12892e+003  3.47000e+002 -1.67951e+002  4.20163e+001  1.12917e+003
           348  1.12973e+003  3.48000e+002 -1.67597e+002  4.20162e+001  1.13000e+003
           349  1.13054e+003  3.49000e+002 -1.67272e+002  4.20160e+001  1.13083e+003
           350  1.13135e+003  3.50000e+002 -1.66982e+002  4.20158e+001  1.13167e+003
           351  1.13216e+003  3.51000e+002 -1.66702e+002  4.20157e+001  1.13250e+003
           352  1.13298e+003  3.52000e+002 -1.66409e+002  4.20156e+001  1.13333e+003
           353  1.13379e+003  3.53000e+002 -1.66159e+002  4.20154e+001  1.13417e+003
           354  1.13459e+003  3.54000e+002 -1.65893e+002  4.20153e+001  1.13500e+003
           355  1.13540e+003  3.55000e+002 -1.65633e+002  4.20152e+001  1.13583e+003
           356  1.13621e+003  3.56000e+002 -1.65380e+002  4.20151e+001  1.13667e+003
           357  1.13703e+003  3.57000e+002 -1.65159e+002  4.20151e+001  1.13750e+003
           358  1.13784e+003  3.58000e+002 -1.64920e+002  4.20150e+001  1.13833e+003
           359  1.13865e+003  3.59000e+002 -1.64693e+002  4.20149e+001  1.13917e+003
           360  1.13947e+003  3.60000e+002 -1.64473e+002  4.20148e+001  1.14000e+003
           361  1.14027e+003  3.61000e+002 -1.64307e+002  4.20147e+001  1.14083e+003
           362  1.14108e+003  3.62000e+002 -1.64119e+002  4.20145e+001  1.14167e+003
           363  1.14189e+003  3.63000e+002 -1.63924e+002  4.20144e+001  1.14250e+003
           364  1.14269e+003  3.64000e+002 -1.63730e+002  4.20143e+001  1.14333e+003
           365  1.14350e+003  3.65000e+002 -1.63559e+002  4.20141e+001  1.14417e+003
           366  1.14431e+003  3.66000e+002 -1.63383e+002  4.20140e+001  1.14500e+003
           367  1.14512e+003  3.67000e+002 -1.63207e+002  4.20139e+001  1.14583e+003
           368  1.14593e+003  3.68000e+002 -1.63026e+002  4.20137e+001  1.14667e+003
           369  1.14674e+003  3.69000e+002 -1.62890e+002  4.20136e+001  1.14750e+003
           370  1.14755e+003  3.70000e+002 -1.62730e+002  4.20135e+001  1.14833e+003
           371  1.14835e+003  3.71000e+002 -1.62574e+002  4.20133e+001  1.14917e+003
           372  1.14916e+003  3.72000e+002 -1.62418e+002  4.20132e+001  1.15000e+003
           373  1.14997e+003  3.73000e+002 -1.62290e+002  4.20130e+001  1.15083e+003
           374  1.15079e+003  3.74000e+002 -1.62148e+002  4.20129e+001  1.15167e+003
           375  1.15160e+003  3.75000e+002 -1.62004e+002  4.20127e+001  1.15250e+003
           376  1.15240e+003  3.76000e+002 -1.61861e+002  4.20126e+001  1.15333e+003
           377  1.15321e+003  3.77000e+002 -1.61732e+002  4.20124e+001  1.15417e+003
           378  1.15402e+003  3.78000e+002 -1.61598e+002  4.20123e+001  1.15500e+003
           379  1.15483e+003  3.79000e+002 -1.61465e+002  4.20122e+001  1.15583e+003
           380  1.15564e+003  3.80000e+002 -1.61332e+002  4.20120e+001  1.15667e+003
           381  1.15644e+003  3.81000e+002 -1.61209e+002  4.20118e+001  1.15750e+003
           382  1.15726e+003  3.82000e+002 -1.61083e+002  4.20117e+001  1.15833e+003
           383  1.15806e+003  3.83000e+002 -1.60956e+002  4.20115e+001  1.15917e+003
           384  1.15887e+003  3.84000e+002 -1.60827e+002  4.20114e+001  1.16000e+003
           385  1.15967e+003  3.85000e+002 -1.60710e+002  4.20112e+001  1.16083e+003
           386  1.16048e+003  3.86000e+002 -1.60588e+002  4.20111e+001  1.16167e+003
           387  1.16129e+003  3.87000e+002 -1.60465e+002  4.20110e+001  1.16250e+003
           388  1.16210e+003  3.88000e+002 -1.60343e+002  4.20109e+001  1.16333e+003
           389  1.16290e+003  3.89000e+002 -1.60229e+002  4.20108e+001  1.16417e+003
           390  1.16371e+003  3.90000e+002 -1.60116e+002  4.20107e+001  1.16500e+003
           391  1.16452e+003  3.91000e+002 -1.60004e+002  4.20106e+001  1.16583e+003
           392  1.16532e+003  3.92000e+002 -1.59891e+002  4.20104e+001  1.16667e+003
           393  1.16613e+003  3.93000e+002 -1.59782e+002  4.20103e+001  1.16750e+003
           394  1.16694e+003  3.94000e+002 -1.59673e+002  4.20102e+001  1.16833e+003
           395  1.16774e+003  3.95000e+002 -1.59566e+002  4.20100e+001  1.16917e+003
           396  1.16855e+003  3.96000e+002 -1.59457e+002  4.20099e+001  1.17000e+003
           397  1.16936e+003  3.97000e+002 -1.59362e+002  4.20097e+001  1.17083e+003
           398  1.17017e+003  3.98000e+002 -1.59260e+002  4.20096e+001  1.17167e+003
           399  1.17097e+003  3.99000e+002 -1.59156e+002  4.20094e+001  1.17250e+003
           400  1.17178e+003  4.00000e+002 -1.59052e+002  4.20093e+001  1.17333e+003
           401  1.17258e+003  4.01000e+002 -1.58952e+002  4.20092e+001  1.17417e+003
           402  1.17339e+003  4.02000e+002 -1.58850e+002  4.20090e+001  1.17500e+003
           403  1.17420e+003  4.03000e+002 -1.58750e+002  4.20089e+001  1.17583e+003
           404  1.17500e+003  4.04000e+002 -1.58649e+002  4.20088e+001  1.17667e+003
           405  1.17581e+003  4.05000e+002 -1.58553e+002  4.20086e+001  1.17750e+003
           406  1.17662e+003  4.06000e+002 -1.58457e+002  4.20085e+001  1.17833e+003
           407  1.17742e+003  4.07000e+002 -1.58361e+002  4.20084e+001  1.17917e+003
           408  1.17824e+003  4.08000e+002 -1.58264e+002  4.20083e+001  1.18000e+003
           409  1.17904e+003  4.09000e+002 -1.58172e+002  4.20081e+001  1.18083e+003
           410  1.17984e+003  4.10000e+002 -1.58077e+002  4.20080e+001  1.18167e+003
           411  1.18065e+003  4.11000e+002 -1.57981e+002  4.20079e+001  1.18250e+003
           412  1.18146e+003  4.12000e+002 -1.57884e+002  4.20077e+001  1.18333e+003
           413  1.18226e+003  4.13000e+002 -1.57793e+002  4.20076e+001  1.18417e+003
           414  1.18307e+003  4.14000e+002 -1.57700e+002  4.20074e+001  1.18500e+003
           415  1.18388e+003  4.15000e+002 -1.57607e+002  4.20073e+001  1.18583e+003
           416  1.18468e+003  4.16000e+002 -1.57513e+002  4.20071e+001  1.18667e+003
           417  1.18549e+003  4.17000e+002 -1.57420e+002  4.20070e+001  1.18750e+003
           418  1.18630e+003  4.18000e+002 -1.57330e+002  4.20069e+001  1.18833e+003
           419  1.18711e+003  4.19000e+002 -1.57242e+002  4.20067e+001  1.18917e+003
           420  1.18791e+003  4.20000e+002 -1.57154e+002  4.20066e+001  1.19000e+003
           421  1.18872e+003  4.21000e+002 -1.57073e+002  4.20065e+001  1.19083e+003
           422  1.18952e+003  4.22000e+002 -1.56991e+002  4.20064e+001  1.19167e+003
           423  1.19033e+003  4.23000e+002 -1.56909e+002  4.20062e+001  1.19250e+003
           424  1.19114e+003  4.24000e+002 -1.56829e+002  4.20061e+001  1.19333e+003
           425  1.19194e+003  4.25000e+002 -1.56756e+002  4.20060e+001  1.19417e+003
           426  1.19276e+003  4.26000e+002 -1.56676e+002  4.20058e+001  1.19500e+003
           427  1.19356e+003  4.27000e+002 -1.56596e+002  4.20057e+001  1.19583e+003
           428  1.19437e+003  4.28000e+002 -1.56518e+002  4.20056e+001  1.19667e+003
           429  1.19517e+003  4.29000e+002 -1.56445e+002  4.20054e+001  1.19750e+003
           430  1.19598e+003  4.30000e+002 -1.56368e+002  4.20053e+001  1.19833e+003
           431  1.19679e+003  4.31000e+002 -1.56290e+002  4.20052e+001  1.19917e+003
           432  1.19760e+003  4.32000e+002 -1.56211e+002  4.20051e+001  1.20000e+003
           433  1.19840e+003  4.33000e+002 -1.56130e+002  4.20050e+001  1.20083e+003
           434  1.19921e+003  4.34000e+002 -1.56050e+002  4.20048e+001  1.20167e+003
           435  1.20002e+003  4.35000e+002 -1.55969e+002  4.20047e+001  1.20250e+003
           436  1.20082e+003  4.36000e+002 -1.55888e+002  4.20046e+001  1.20333e+003
           437  1.20163e+003  4.37000e+002 -1.55806e+002  4.20044e+001  1.20417e+003
           438  1.20243e+003  4.38000e+002 -1.55727e+002  4.20043e+001  1.20500e+003
           439  1.20324e+003  4.39000e+002 -1.55648e+002  4.20042e+001  1.20583e+003
           440  1.20405e+003  4.40000e+002 -1.55570e+002  4.20041e+001  1.20667e+003
           441  1.20485e+003  4.41000e+002 -1.55496e+002  4.20040e+001  1.20750e+003
           442  1.20565e+003  4.42000e+002 -1.55424e+002  4.20040e+001  1.20833e+003
           443  1.20646e+003  4.43000e+002 -1.55353e+002  4.20039e+001  1.20917e+003
           444  1.20726e+003  4.44000e+002 -1.55283e+002  4.20038e+001  1.21000e+003
           445  1.20807e+003  4.45000e+002 -1.55213e+002  4.20037e+001  1.21083e+003
           446  1.20888e+003  4.46000e+002 -1.55151e+002  4.20036e+001  1.21167e+003
           447  1.20968e+003  4.47000e+002 -1.55086e+002  4.20034e+001  1.21250e+003
           448  1.21049e+003  4.48000e+002 -1.55018e+002  4.20033e+001  1.21333e+003
           449  1.21130e+003  4.49000e+002 -1.54949e+002  4.20031e+001  1.21417e+003
           450  1.21210e+003  4.50000e+002 -1.54890e+002  4.20029e+001  1.21500e+003
           451  1.21291e+003  4.51000e+002 -1.54824e+002  4.20027e+001  1.21583e+003
           452  1.21372e+003  4.52000e+002 -1.54754e+002  4.20025e+001  1.21667e+003
           453  1.21452e+003  4.53000e+002 -1.54683e+002  4.20023e+001  1.21750e+003
           454  1.21533e+003  4.54000e+002 -1.54606e+002  4.20021e+001  1.21833e+003
           455  1.21614e+003  4.55000e+002 -1.54533e+002  4.20020e+001  1.21917e+003
           456  1.21694e+003  4.56000e+002 -1.54462e+002  4.20018e+001  1.22000e+003
           457  1.21774e+003  4.57000e+002 -1.54390e+002  4.20017e+001  1.22083e+003
           458  1.21855e+003  4.58000e+002 -1.54306e+002  4.20016e+001  1.22167e+003
           459  1.21936e+003  4.59000e+002 -1.54229e+002  4.20015e+001  1.22250e+003
           460  1.22017e+003  4.60000e+002 -1.54153e+002  4.20015e+001  1.22333e+003
           461  1.22097e+003  4.61000e+002 -1.54075e+002  4.20014e+001  1.22417e+003
           462  1.22177e+003  4.62000e+002 -1.53993e+002  4.20013e+001  1.22500e+003
           463  1.22257e+003  4.63000e+002 -1.53912e+002  4.20012e+001  1.22583e+003
           464  1.22339e+003  4.64000e+002 -1.53829e+002  4.20011e+001  1.22667e+003
           465  1.22419e+003  4.65000e+002 -1.53744e+002  4.20010e+001  1.22750e+003
           466  1.22499e+003  4.66000e+002 -1.53656e+002  4.20009e+001  1.22833e+003
           467  1.22580e+003  4.67000e+002 -1.53565e+002  4.20007e+001  1.22917e+003
           468  1.22660e+003  4.68000e+002 -1.53469e+002  4.20006e+001  1.23000e+003
           469  1.22741e+003  4.69000e+002 -1.53370e+002  4.20005e+001  1.23083e+003
           470  1.22822e+003  4.70000e+002 -1.53273e+002  4.20004e+001  1.23167e+003
           471  1.22903e+003  4.71000e+002 -1.53180e+002  4.20003e+001  1.23250e+003
           472  1.22984e+003  4.72000e+002 -1.53086e+002  4.20002e+001  1.23333e+003
           473  1.23064e+003  4.73000e+002 -1.52992e+002  4.20001e+001  1.23417e+003
           474  1.23144e+003  4.74000e+002 -1.52875e+002  4.20001e+001  1.23500e+003
           475  1.23225e+003  4.75000e+002 -1.52754e+002  4.20000e+001  1.23583e+003
           476  1.23306e+003  4.76000e+002 -1.52602e+002  4.20000e+001  1.23667e+003
           477  1.23387e+003  4.77000e+002 -1.52447e+002  4.20000e+001  1.23750e+003
           478  1.23467e+003  4.78000e+002 -1.52299e+002  4.20000e+001  1.23833e+003
           479  1.23548e+003  4.79000e+002 -1.52170e+002  4.19999e+001  1.23917e+003
           480  1.23628e+003  4.80000e+002 -1.52035e+002  4.19999e+001  1.24000e+003
           481  1.23709e+003  4.81000e+002 -1.51887e+002  4.19998e+001  1.24083e+003
           482  1.23789e+003  4.82000e+002 -1.51794e+002  4.19996e+001  1.24167e+003
           483  1.23870e+003  4.83000e+002 -1.51675e+002  4.19995e+001  1.24250e+003
           484  1.23950e+003  4.84000e+002 -1.51559e+002  4.19993e+001  1.24333e+003
           485  1.24031e+003  4.85000e+002 -1.51458e+002  4.19992e+001  1.24417e+003
           486  1.24111e+003  4.86000e+002 -1.51414e+002  4.19989e+001  1.24500e+003
           487  1.24192e+003  4.87000e+002 -1.51337e+002  4.19987e+001  1.24583e+003
           488  1.24273e+003  4.88000e+002 -1.51262e+002  4.19985e+001  1.24667e+003
           489  1.24354e+003  4.89000e+002 -1.51197e+002  4.19983e+001  1.24750e+003
           490  1.24434e+003  4.90000e+002 -1.51159e+002  4.19980e+001  1.24833e+003
           491  1.24515e+003  4.91000e+002 -1.49029e+002  4.19978e+001  1.24917e+003
]1[Au RR Ar 50ml/min total calibration
