         Index            Ts             t            HF        Weight            Tr
           [#]          [°C]           [s]          [mW]          [mg]          [°C]
             0  3.55896e+002  0.00000e+000 -4.35630e+001  1.13006e+001  3.40000e+002
             1  3.55857e+002  1.00000e+000 -4.37195e+001  1.13005e+001  3.40167e+002
             2  3.55893e+002  2.00000e+000 -4.37493e+001  1.13004e+001  3.40333e+002
             3  3.55959e+002  3.00000e+000 -4.37315e+001  1.13002e+001  3.40500e+002
             4  3.56040e+002  4.00000e+000 -4.37720e+001  1.12998e+001  3.40667e+002
             5  3.56151e+002  5.00000e+000 -4.38288e+001  1.12996e+001  3.40833e+002
             6  3.56264e+002  6.00000e+000 -4.38780e+001  1.12994e+001  3.41000e+002
             7  3.56397e+002  7.00000e+000 -4.39268e+001  1.12993e+001  3.41167e+002
             8  3.56551e+002  8.00000e+000 -4.39877e+001  1.12993e+001  3.41333e+002
             9  3.56704e+002  9.00000e+000 -4.40570e+001  1.12996e+001  3.41500e+002
            10  3.56876e+002  1.00000e+001 -4.41133e+001  1.12998e+001  3.41667e+002
            11  3.57052e+002  1.10000e+001 -4.41634e+001  1.13001e+001  3.41833e+002
            12  3.57233e+002  1.20000e+001 -4.42130e+001  1.13004e+001  3.42000e+002
            13  3.57412e+002  1.30000e+001 -4.42723e+001  1.13009e+001  3.42167e+002
            14  3.57601e+002  1.40000e+001 -4.43230e+001  1.13011e+001  3.42333e+002
            15  3.57798e+002  1.50000e+001 -4.43701e+001  1.13014e+001  3.42500e+002
            16  3.57987e+002  1.60000e+001 -4.44145e+001  1.13015e+001  3.42667e+002
            17  3.58186e+002  1.70000e+001 -4.44484e+001  1.13014e+001  3.42833e+002
            18  3.58386e+002  1.80000e+001 -4.44876e+001  1.13014e+001  3.43000e+002
            19  3.58580e+002  1.90000e+001 -4.45264e+001  1.13013e+001  3.43167e+002
            20  3.58776e+002  2.00000e+001 -4.45646e+001  1.13012e+001  3.43333e+002
            21  3.58966e+002  2.10000e+001 -4.45882e+001  1.13010e+001  3.43500e+002
            22  3.59165e+002  2.20000e+001 -4.46173e+001  1.13009e+001  3.43667e+002
            23  3.59355e+002  2.30000e+001 -4.46456e+001  1.13007e+001  3.43833e+002
            24  3.59555e+002  2.40000e+001 -4.46726e+001  1.13006e+001  3.44000e+002
            25  3.59750e+002  2.50000e+001 -4.46875e+001  1.13006e+001  3.44167e+002
            26  3.59947e+002  2.60000e+001 -4.47087e+001  1.13005e+001  3.44333e+002
            27  3.60144e+002  2.70000e+001 -4.47299e+001  1.13005e+001  3.44500e+002
            28  3.60330e+002  2.80000e+001 -4.47492e+001  1.13005e+001  3.44667e+002
            29  3.60518e+002  2.90000e+001 -4.47620e+001  1.13005e+001  3.44833e+002
            30  3.60706e+002  3.00000e+001 -4.47781e+001  1.13005e+001  3.45000e+002
            31  3.60901e+002  3.10000e+001 -4.47934e+001  1.13005e+001  3.45167e+002
            32  3.61095e+002  3.20000e+001 -4.48076e+001  1.13006e+001  3.45333e+002
            33  3.61281e+002  3.30000e+001 -4.48131e+001  1.13006e+001  3.45500e+002
            34  3.61468e+002  3.40000e+001 -4.48234e+001  1.13007e+001  3.45667e+002
            35  3.61657e+002  3.50000e+001 -4.48350e+001  1.13007e+001  3.45833e+002
            36  3.61835e+002  3.60000e+001 -4.48459e+001  1.13008e+001  3.46000e+002
            37  3.62021e+002  3.70000e+001 -4.48508e+001  1.13009e+001  3.46167e+002
            38  3.62208e+002  3.80000e+001 -4.48575e+001  1.13009e+001  3.46333e+002
            39  3.62386e+002  3.90000e+001 -4.48638e+001  1.13010e+001  3.46500e+002
            40  3.62574e+002  4.00000e+001 -4.48701e+001  1.13010e+001  3.46667e+002
            41  3.62753e+002  4.10000e+001 -4.48723e+001  1.13010e+001  3.46833e+002
            42  3.62928e+002  4.20000e+001 -4.48771e+001  1.13011e+001  3.47000e+002
            43  3.63109e+002  4.30000e+001 -4.48818e+001  1.13011e+001  3.47167e+002
            44  3.63287e+002  4.40000e+001 -4.48866e+001  1.13011e+001  3.47333e+002
            45  3.63462e+002  4.50000e+001 -4.48883e+001  1.13011e+001  3.47500e+002
            46  3.63633e+002  4.60000e+001 -4.48921e+001  1.13010e+001  3.47667e+002
            47  3.63806e+002  4.70000e+001 -4.48952e+001  1.13010e+001  3.47833e+002
            48  3.63984e+002  4.80000e+001 -4.48972e+001  1.13010e+001  3.48000e+002
            49  3.64155e+002  4.90000e+001 -4.48972e+001  1.13009e+001  3.48167e+002
            50  3.64330e+002  5.00000e+001 -4.48979e+001  1.13008e+001  3.48333e+002
            51  3.64505e+002  5.10000e+001 -4.48991e+001  1.13008e+001  3.48500e+002
            52  3.64681e+002  5.20000e+001 -4.49000e+001  1.13007e+001  3.48667e+002
            53  3.64854e+002  5.30000e+001 -4.48992e+001  1.13007e+001  3.48833e+002
            54  3.65023e+002  5.40000e+001 -4.48987e+001  1.13006e+001  3.49000e+002
            55  3.65187e+002  5.50000e+001 -4.48983e+001  1.13006e+001  3.49167e+002
            56  3.65361e+002  5.60000e+001 -4.48974e+001  1.13005e+001  3.49333e+002
            57  3.65529e+002  5.70000e+001 -4.48936e+001  1.13006e+001  3.49500e+002
            58  3.65704e+002  5.80000e+001 -4.48913e+001  1.13006e+001  3.49667e+002
            59  3.65875e+002  5.90000e+001 -4.48892e+001  1.13006e+001  3.49833e+002
            60  3.66034e+002  6.00000e+001 -4.48872e+001  1.13006e+001  3.50000e+002
            61  3.66207e+002  6.10000e+001 -4.48836e+001  1.13007e+001  3.50167e+002
            62  3.66375e+002  6.20000e+001 -4.48798e+001  1.13008e+001  3.50333e+002
            63  3.66545e+002  6.30000e+001 -4.48767e+001  1.13008e+001  3.50500e+002
            64  3.66716e+002  6.40000e+001 -4.48739e+001  1.13008e+001  3.50667e+002
            65  3.66885e+002  6.50000e+001 -4.48696e+001  1.13009e+001  3.50833e+002
            66  3.67050e+002  6.60000e+001 -4.48659e+001  1.13009e+001  3.51000e+002
            67  3.67219e+002  6.70000e+001 -4.48627e+001  1.13009e+001  3.51167e+002
            68  3.67384e+002  6.80000e+001 -4.48589e+001  1.13010e+001  3.51333e+002
            69  3.67551e+002  6.90000e+001 -4.48542e+001  1.13010e+001  3.51500e+002
            70  3.67715e+002  7.00000e+001 -4.48511e+001  1.13010e+001  3.51667e+002
            71  3.67886e+002  7.10000e+001 -4.48486e+001  1.13010e+001  3.51833e+002
            72  3.68048e+002  7.20000e+001 -4.48475e+001  1.13010e+001  3.52000e+002
            73  3.68215e+002  7.30000e+001 -4.48488e+001  1.13009e+001  3.52167e+002
            74  3.68381e+002  7.40000e+001 -4.48485e+001  1.13009e+001  3.52333e+002
            75  3.68549e+002  7.50000e+001 -4.48476e+001  1.13009e+001  3.52500e+002
            76  3.68712e+002  7.60000e+001 -4.48474e+001  1.13009e+001  3.52667e+002
            77  3.68881e+002  7.70000e+001 -4.48502e+001  1.13009e+001  3.52833e+002
            78  3.69045e+002  7.80000e+001 -4.48518e+001  1.13009e+001  3.53000e+002
            79  3.69215e+002  7.90000e+001 -4.48536e+001  1.13009e+001  3.53167e+002
            80  3.69381e+002  8.00000e+001 -4.48555e+001  1.13009e+001  3.53333e+002
            81  3.69546e+002  8.10000e+001 -4.48613e+001  1.13009e+001  3.53500e+002
            82  3.69711e+002  8.20000e+001 -4.48648e+001  1.13009e+001  3.53667e+002
            83  3.69880e+002  8.30000e+001 -4.48678e+001  1.13008e+001  3.53833e+002
            84  3.70042e+002  8.40000e+001 -4.48701e+001  1.13008e+001  3.54000e+002
            85  3.70210e+002  8.50000e+001 -4.48743e+001  1.13006e+001  3.54167e+002
            86  3.70374e+002  8.60000e+001 -4.48773e+001  1.13006e+001  3.54333e+002
            87  3.70546e+002  8.70000e+001 -4.48798e+001  1.13005e+001  3.54500e+002
            88  3.70703e+002  8.80000e+001 -4.48822e+001  1.13004e+001  3.54667e+002
            89  3.70868e+002  8.90000e+001 -4.48840e+001  1.13004e+001  3.54833e+002
            90  3.71037e+002  9.00000e+001 -4.48858e+001  1.13004e+001  3.55000e+002
            91  3.71200e+002  9.10000e+001 -4.48863e+001  1.13004e+001  3.55167e+002
            92  3.71365e+002  9.20000e+001 -4.48860e+001  1.13005e+001  3.55333e+002
            93  3.71528e+002  9.30000e+001 -4.48828e+001  1.13006e+001  3.55500e+002
            94  3.71691e+002  9.40000e+001 -4.48810e+001  1.13007e+001  3.55667e+002
            95  3.71862e+002  9.50000e+001 -4.48797e+001  1.13008e+001  3.55833e+002
            96  3.72028e+002  9.60000e+001 -4.48789e+001  1.13009e+001  3.56000e+002
            97  3.72192e+002  9.70000e+001 -4.48759e+001  1.13010e+001  3.56167e+002
            98  3.72361e+002  9.80000e+001 -4.48754e+001  1.13011e+001  3.56333e+002
            99  3.72522e+002  9.90000e+001 -4.48748e+001  1.13012e+001  3.56500e+002
           100  3.72687e+002  1.00000e+002 -4.48737e+001  1.13012e+001  3.56667e+002
           101  3.72853e+002  1.01000e+002 -4.48728e+001  1.13013e+001  3.56833e+002
           102  3.73019e+002  1.02000e+002 -4.48683e+001  1.13012e+001  3.57000e+002
           103  3.73186e+002  1.03000e+002 -4.48657e+001  1.13013e+001  3.57167e+002
           104  3.73352e+002  1.04000e+002 -4.48640e+001  1.13013e+001  3.57333e+002
           105  3.73521e+002  1.05000e+002 -4.48628e+001  1.13013e+001  3.57500e+002
           106  3.73686e+002  1.06000e+002 -4.48647e+001  1.13013e+001  3.57667e+002
           107  3.73849e+002  1.07000e+002 -4.48649e+001  1.13013e+001  3.57833e+002
           108  3.74016e+002  1.08000e+002 -4.48643e+001  1.13013e+001  3.58000e+002
           109  3.74173e+002  1.09000e+002 -4.48633e+001  1.13013e+001  3.58167e+002
           110  3.74336e+002  1.10000e+002 -4.48614e+001  1.13013e+001  3.58333e+002
           111  3.74505e+002  1.11000e+002 -4.48623e+001  1.13013e+001  3.58500e+002
           112  3.74673e+002  1.12000e+002 -4.48637e+001  1.13013e+001  3.58667e+002
           113  3.74836e+002  1.13000e+002 -4.48648e+001  1.13013e+001  3.58833e+002
           114  3.75004e+002  1.14000e+002 -4.48682e+001  1.13012e+001  3.59000e+002
           115  3.75168e+002  1.15000e+002 -4.48702e+001  1.13012e+001  3.59167e+002
           116  3.75336e+002  1.16000e+002 -4.48722e+001  1.13011e+001  3.59333e+002
           117  3.75496e+002  1.17000e+002 -4.48742e+001  1.13010e+001  3.59500e+002
           118  3.75663e+002  1.18000e+002 -4.48772e+001  1.13009e+001  3.59667e+002
           119  3.75829e+002  1.19000e+002 -4.48791e+001  1.13008e+001  3.59833e+002
           120  3.75991e+002  1.20000e+002 -4.48811e+001  1.13007e+001  3.60000e+002
           121  3.76154e+002  1.21000e+002 -4.48822e+001  1.13006e+001  3.60167e+002
           122  3.76322e+002  1.22000e+002 -4.48848e+001  1.13006e+001  3.60333e+002
           123  3.76491e+002  1.23000e+002 -4.48863e+001  1.13006e+001  3.60500e+002
           124  3.76649e+002  1.24000e+002 -4.48879e+001  1.13005e+001  3.60667e+002
           125  3.76813e+002  1.25000e+002 -4.48896e+001  1.13005e+001  3.60833e+002
           126  3.76977e+002  1.26000e+002 -4.48894e+001  1.13006e+001  3.61000e+002
           127  3.77146e+002  1.27000e+002 -4.48891e+001  1.13006e+001  3.61167e+002
           128  3.77303e+002  1.28000e+002 -4.48883e+001  1.13006e+001  3.61333e+002
           129  3.77473e+002  1.29000e+002 -4.48875e+001  1.13007e+001  3.61500e+002
           130  3.77636e+002  1.30000e+002 -4.48854e+001  1.13007e+001  3.61667e+002
           131  3.77804e+002  1.31000e+002 -4.48846e+001  1.13008e+001  3.61833e+002
           132  3.77972e+002  1.32000e+002 -4.48843e+001  1.13009e+001  3.62000e+002
           133  3.78140e+002  1.33000e+002 -4.48841e+001  1.13009e+001  3.62167e+002
           134  3.78306e+002  1.34000e+002 -4.48814e+001  1.13009e+001  3.62333e+002
           135  3.78468e+002  1.35000e+002 -4.48813e+001  1.13010e+001  3.62500e+002
           136  3.78636e+002  1.36000e+002 -4.48815e+001  1.13010e+001  3.62667e+002
           137  3.78801e+002  1.37000e+002 -4.48821e+001  1.13011e+001  3.62833e+002
           138  3.78971e+002  1.38000e+002 -4.48841e+001  1.13011e+001  3.63000e+002
           139  3.79138e+002  1.39000e+002 -4.48860e+001  1.13012e+001  3.63167e+002
           140  3.79294e+002  1.40000e+002 -4.48883e+001  1.13013e+001  3.63333e+002
           141  3.79466e+002  1.41000e+002 -4.48905e+001  1.13013e+001  3.63500e+002
           142  3.79629e+002  1.42000e+002 -4.48934e+001  1.13014e+001  3.63667e+002
           143  3.79796e+002  1.43000e+002 -4.48955e+001  1.13015e+001  3.63833e+002
           144  3.79959e+002  1.44000e+002 -4.48983e+001  1.13015e+001  3.64000e+002
           145  3.80129e+002  1.45000e+002 -4.49015e+001  1.13015e+001  3.64167e+002
           146  3.80294e+002  1.46000e+002 -4.49071e+001  1.13015e+001  3.64333e+002
           147  3.80455e+002  1.47000e+002 -4.49116e+001  1.13014e+001  3.64500e+002
           148  3.80625e+002  1.48000e+002 -4.49159e+001  1.13014e+001  3.64667e+002
           149  3.80790e+002  1.49000e+002 -4.49198e+001  1.13013e+001  3.64833e+002
           150  3.80953e+002  1.50000e+002 -4.49249e+001  1.13011e+001  3.65000e+002
           151  3.81121e+002  1.51000e+002 -4.49294e+001  1.13011e+001  3.65167e+002
           152  3.81283e+002  1.52000e+002 -4.49336e+001  1.13010e+001  3.65333e+002
           153  3.81447e+002  1.53000e+002 -4.49385e+001  1.13009e+001  3.65500e+002
           154  3.81614e+002  1.54000e+002 -4.49452e+001  1.13009e+001  3.65667e+002
           155  3.81777e+002  1.55000e+002 -4.49500e+001  1.13009e+001  3.65833e+002
           156  3.81952e+002  1.56000e+002 -4.49543e+001  1.13009e+001  3.66000e+002
           157  3.82112e+002  1.57000e+002 -4.49588e+001  1.13009e+001  3.66167e+002
           158  3.82282e+002  1.58000e+002 -4.49604e+001  1.13010e+001  3.66333e+002
           159  3.82449e+002  1.59000e+002 -4.49629e+001  1.13010e+001  3.66500e+002
           160  3.82616e+002  1.60000e+002 -4.49657e+001  1.13010e+001  3.66667e+002
           161  3.82779e+002  1.61000e+002 -4.49684e+001  1.13010e+001  3.66833e+002
           162  3.82942e+002  1.62000e+002 -4.49698e+001  1.13010e+001  3.67000e+002
           163  3.83112e+002  1.63000e+002 -4.49718e+001  1.13010e+001  3.67167e+002
           164  3.83281e+002  1.64000e+002 -4.49731e+001  1.13010e+001  3.67333e+002
           165  3.83443e+002  1.65000e+002 -4.49747e+001  1.13010e+001  3.67500e+002
           166  3.83605e+002  1.66000e+002 -4.49737e+001  1.13011e+001  3.67667e+002
           167  3.83776e+002  1.67000e+002 -4.49732e+001  1.13011e+001  3.67833e+002
           168  3.83932e+002  1.68000e+002 -4.49731e+001  1.13011e+001  3.68000e+002
           169  3.84100e+002  1.69000e+002 -4.49731e+001  1.13012e+001  3.68167e+002
           170  3.84271e+002  1.70000e+002 -4.49713e+001  1.13012e+001  3.68333e+002
           171  3.84442e+002  1.71000e+002 -4.49702e+001  1.13013e+001  3.68500e+002
           172  3.84603e+002  1.72000e+002 -4.49696e+001  1.13013e+001  3.68667e+002
           173  3.84773e+002  1.73000e+002 -4.49691e+001  1.13013e+001  3.68833e+002
           174  3.84937e+002  1.74000e+002 -4.49665e+001  1.13014e+001  3.69000e+002
           175  3.85101e+002  1.75000e+002 -4.49649e+001  1.13014e+001  3.69167e+002
           176  3.85270e+002  1.76000e+002 -4.49643e+001  1.13015e+001  3.69333e+002
           177  3.85442e+002  1.77000e+002 -4.49634e+001  1.13015e+001  3.69500e+002
           178  3.85603e+002  1.78000e+002 -4.49632e+001  1.13015e+001  3.69667e+002
           179  3.85768e+002  1.79000e+002 -4.49636e+001  1.13016e+001  3.69833e+002
           180  3.85937e+002  1.80000e+002 -4.49632e+001  1.13016e+001  3.70000e+002
           181  3.86106e+002  1.81000e+002 -4.49625e+001  1.13016e+001  3.70167e+002
           182  3.86266e+002  1.82000e+002 -4.49644e+001  1.13016e+001  3.70333e+002
           183  3.86433e+002  1.83000e+002 -4.49655e+001  1.13016e+001  3.70500e+002
           184  3.86598e+002  1.84000e+002 -4.49661e+001  1.13016e+001  3.70667e+002
           185  3.86772e+002  1.85000e+002 -4.49659e+001  1.13016e+001  3.70833e+002
           186  3.86930e+002  1.86000e+002 -4.49683e+001  1.13016e+001  3.71000e+002
           187  3.87098e+002  1.87000e+002 -4.49701e+001  1.13016e+001  3.71167e+002
           188  3.87261e+002  1.88000e+002 -4.49720e+001  1.13016e+001  3.71333e+002
           189  3.87429e+002  1.89000e+002 -4.49729e+001  1.13016e+001  3.71500e+002
           190  3.87593e+002  1.90000e+002 -4.49745e+001  1.13016e+001  3.71667e+002
           191  3.87758e+002  1.91000e+002 -4.49758e+001  1.13016e+001  3.71833e+002
           192  3.87931e+002  1.92000e+002 -4.49767e+001  1.13015e+001  3.72000e+002
           193  3.88097e+002  1.93000e+002 -4.49773e+001  1.13015e+001  3.72167e+002
           194  3.88266e+002  1.94000e+002 -4.49775e+001  1.13014e+001  3.72333e+002
           195  3.88428e+002  1.95000e+002 -4.49783e+001  1.13014e+001  3.72500e+002
           196  3.88596e+002  1.96000e+002 -4.49782e+001  1.13013e+001  3.72667e+002
           197  3.88755e+002  1.97000e+002 -4.49785e+001  1.13013e+001  3.72833e+002
           198  3.88924e+002  1.98000e+002 -4.49801e+001  1.13012e+001  3.73000e+002
           199  3.89090e+002  1.99000e+002 -4.49792e+001  1.13012e+001  3.73167e+002
           200  3.89260e+002  2.00000e+002 -4.49799e+001  1.13011e+001  3.73333e+002
           201  3.89426e+002  2.01000e+002 -4.49813e+001  1.13011e+001  3.73500e+002
           202  3.89595e+002  2.02000e+002 -4.49826e+001  1.13011e+001  3.73667e+002
           203  3.89762e+002  2.03000e+002 -4.49815e+001  1.13011e+001  3.73833e+002
           204  3.89924e+002  2.04000e+002 -4.49811e+001  1.13010e+001  3.74000e+002
           205  3.90092e+002  2.05000e+002 -4.49810e+001  1.13010e+001  3.74167e+002
           206  3.90252e+002  2.06000e+002 -4.49809e+001  1.13010e+001  3.74333e+002
           207  3.90417e+002  2.07000e+002 -4.49833e+001  1.13010e+001  3.74500e+002
           208  3.90583e+002  2.08000e+002 -4.49839e+001  1.13010e+001  3.74667e+002
           209  3.90755e+002  2.09000e+002 -4.49843e+001  1.13010e+001  3.74833e+002
           210  3.90910e+002  2.10000e+002 -4.49844e+001  1.13010e+001  3.75000e+002
           211  3.91083e+002  2.11000e+002 -4.49797e+001  1.13011e+001  3.75167e+002
           212  3.91249e+002  2.12000e+002 -4.49772e+001  1.13011e+001  3.75333e+002
           213  3.91410e+002  2.13000e+002 -4.49762e+001  1.13011e+001  3.75500e+002
           214  3.91586e+002  2.14000e+002 -4.49760e+001  1.13011e+001  3.75667e+002
           215  3.91752e+002  2.15000e+002 -4.49749e+001  1.13012e+001  3.75833e+002
           216  3.91914e+002  2.16000e+002 -4.49735e+001  1.13012e+001  3.76000e+002
           217  3.92078e+002  2.17000e+002 -4.49735e+001  1.13013e+001  3.76167e+002
           218  3.92245e+002  2.18000e+002 -4.49737e+001  1.13013e+001  3.76333e+002
           219  3.92414e+002  2.19000e+002 -4.49716e+001  1.13013e+001  3.76500e+002
           220  3.92580e+002  2.20000e+002 -4.49709e+001  1.13014e+001  3.76667e+002
           221  3.92743e+002  2.21000e+002 -4.49715e+001  1.13014e+001  3.76833e+002
           222  3.92911e+002  2.22000e+002 -4.49728e+001  1.13014e+001  3.77000e+002
           223  3.93079e+002  2.23000e+002 -4.49768e+001  1.13014e+001  3.77167e+002
           224  3.93248e+002  2.24000e+002 -4.49796e+001  1.13014e+001  3.77333e+002
           225  3.93418e+002  2.25000e+002 -4.49826e+001  1.13014e+001  3.77500e+002
           226  3.93575e+002  2.26000e+002 -4.49850e+001  1.13014e+001  3.77667e+002
           227  3.93744e+002  2.27000e+002 -4.49884e+001  1.13013e+001  3.77833e+002
           228  3.93912e+002  2.28000e+002 -4.49909e+001  1.13012e+001  3.78000e+002
           229  3.94079e+002  2.29000e+002 -4.49936e+001  1.13011e+001  3.78167e+002
           230  3.94249e+002  2.30000e+002 -4.49967e+001  1.13011e+001  3.78333e+002
           231  3.94416e+002  2.31000e+002 -4.50010e+001  1.13010e+001  3.78500e+002
           232  3.94585e+002  2.32000e+002 -4.50033e+001  1.13009e+001  3.78667e+002
           233  3.94757e+002  2.33000e+002 -4.50054e+001  1.13009e+001  3.78833e+002
           234  3.94921e+002  2.34000e+002 -4.50074e+001  1.13008e+001  3.79000e+002
           235  3.95080e+002  2.35000e+002 -4.50067e+001  1.13008e+001  3.79167e+002
           236  3.95247e+002  2.36000e+002 -4.50073e+001  1.13008e+001  3.79333e+002
           237  3.95416e+002  2.37000e+002 -4.50078e+001  1.13008e+001  3.79500e+002
           238  3.95586e+002  2.38000e+002 -4.50080e+001  1.13009e+001  3.79667e+002
           239  3.95752e+002  2.39000e+002 -4.50048e+001  1.13009e+001  3.79833e+002
           240  3.95917e+002  2.40000e+002 -4.50024e+001  1.13009e+001  3.80000e+002
           241  3.96085e+002  2.41000e+002 -4.50008e+001  1.13009e+001  3.80167e+002
           242  3.96256e+002  2.42000e+002 -4.49995e+001  1.13010e+001  3.80333e+002
           243  3.96414e+002  2.43000e+002 -4.49962e+001  1.13010e+001  3.80500e+002
           244  3.96585e+002  2.44000e+002 -4.49939e+001  1.13011e+001  3.80667e+002
           245  3.96751e+002  2.45000e+002 -4.49904e+001  1.13011e+001  3.80833e+002
           246  3.96918e+002  2.46000e+002 -4.49867e+001  1.13012e+001  3.81000e+002
           247  3.97084e+002  2.47000e+002 -4.49812e+001  1.13012e+001  3.81167e+002
           248  3.97250e+002  2.48000e+002 -4.49783e+001  1.13012e+001  3.81333e+002
           249  3.97426e+002  2.49000e+002 -4.49767e+001  1.13012e+001  3.81500e+002
           250  3.97588e+002  2.50000e+002 -4.49752e+001  1.13013e+001  3.81667e+002
           251  3.97756e+002  2.51000e+002 -4.49758e+001  1.13013e+001  3.81833e+002
           252  3.97923e+002  2.52000e+002 -4.49752e+001  1.13013e+001  3.82000e+002
           253  3.98085e+002  2.53000e+002 -4.49749e+001  1.13013e+001  3.82167e+002
           254  3.98253e+002  2.54000e+002 -4.49751e+001  1.13013e+001  3.82333e+002
           255  3.98421e+002  2.55000e+002 -4.49763e+001  1.13013e+001  3.82500e+002
           256  3.98587e+002  2.56000e+002 -4.49767e+001  1.13013e+001  3.82667e+002
           257  3.98755e+002  2.57000e+002 -4.49784e+001  1.13013e+001  3.82833e+002
           258  3.98922e+002  2.58000e+002 -4.49794e+001  1.13013e+001  3.83000e+002
           259  3.99092e+002  2.59000e+002 -4.49843e+001  1.13013e+001  3.83167e+002
           260  3.99258e+002  2.60000e+002 -4.49874e+001  1.13012e+001  3.83333e+002
           261  3.99424e+002  2.61000e+002 -4.49896e+001  1.13012e+001  3.83500e+002
           262  3.99589e+002  2.62000e+002 -4.49921e+001  1.13011e+001  3.83667e+002
           263  3.99761e+002  2.63000e+002 -4.49968e+001  1.13010e+001  3.83833e+002
           264  3.99928e+002  2.64000e+002 -4.50005e+001  1.13010e+001  3.84000e+002
           265  4.00094e+002  2.65000e+002 -4.50038e+001  1.13010e+001  3.84167e+002
           266  4.00257e+002  2.66000e+002 -4.50066e+001  1.13009e+001  3.84333e+002
           267  4.00425e+002  2.67000e+002 -4.50095e+001  1.13009e+001  3.84500e+002
           268  4.00592e+002  2.68000e+002 -4.50118e+001  1.13009e+001  3.84667e+002
           269  4.00766e+002  2.69000e+002 -4.50135e+001  1.13009e+001  3.84833e+002
           270  4.00931e+002  2.70000e+002 -4.50146e+001  1.13010e+001  3.85000e+002
           271  4.01096e+002  2.71000e+002 -4.50171e+001  1.13010e+001  3.85167e+002
           272  4.01265e+002  2.72000e+002 -4.50187e+001  1.13010e+001  3.85333e+002
           273  4.01421e+002  2.73000e+002 -4.50200e+001  1.13010e+001  3.85500e+002
           274  4.01593e+002  2.74000e+002 -4.50210e+001  1.13011e+001  3.85667e+002
           275  4.01764e+002  2.75000e+002 -4.50190e+001  1.13011e+001  3.85833e+002
           276  4.01922e+002  2.76000e+002 -4.50186e+001  1.13011e+001  3.86000e+002
           277  4.02101e+002  2.77000e+002 -4.50183e+001  1.13011e+001  3.86167e+002
           278  4.02265e+002  2.78000e+002 -4.50178e+001  1.13011e+001  3.86333e+002
           279  4.02431e+002  2.79000e+002 -4.50164e+001  1.13012e+001  3.86500e+002
           280  4.02600e+002  2.80000e+002 -4.50148e+001  1.13012e+001  3.86667e+002
           281  4.02764e+002  2.81000e+002 -4.50145e+001  1.13012e+001  3.86833e+002
           282  4.02930e+002  2.82000e+002 -4.50153e+001  1.13013e+001  3.87000e+002
           283  4.03094e+002  2.83000e+002 -4.50161e+001  1.13013e+001  3.87167e+002
           284  4.03262e+002  2.84000e+002 -4.50172e+001  1.13013e+001  3.87333e+002
           285  4.03424e+002  2.85000e+002 -4.50184e+001  1.13014e+001  3.87500e+002
           286  4.03595e+002  2.86000e+002 -4.50193e+001  1.13014e+001  3.87667e+002
           287  4.03762e+002  2.87000e+002 -4.50196e+001  1.13015e+001  3.87833e+002
           288  4.03928e+002  2.88000e+002 -4.50216e+001  1.13015e+001  3.88000e+002
           289  4.04104e+002  2.89000e+002 -4.50228e+001  1.13016e+001  3.88167e+002
           290  4.04260e+002  2.90000e+002 -4.50247e+001  1.13016e+001  3.88333e+002
           291  4.04434e+002  2.91000e+002 -4.50263e+001  1.13016e+001  3.88500e+002
           292  4.04597e+002  2.92000e+002 -4.50306e+001  1.13016e+001  3.88667e+002
           293  4.04770e+002  2.93000e+002 -4.50327e+001  1.13016e+001  3.88833e+002
           294  4.04939e+002  2.94000e+002 -4.50343e+001  1.13016e+001  3.89000e+002
           295  4.05103e+002  2.95000e+002 -4.50358e+001  1.13015e+001  3.89167e+002
           296  4.05270e+002  2.96000e+002 -4.50357e+001  1.13015e+001  3.89333e+002
           297  4.05442e+002  2.97000e+002 -4.50367e+001  1.13014e+001  3.89500e+002
           298  4.05609e+002  2.98000e+002 -4.50379e+001  1.13013e+001  3.89667e+002
           299  4.05776e+002  2.99000e+002 -4.50384e+001  1.13013e+001  3.89833e+002
           300  4.05942e+002  3.00000e+002 -4.50379e+001  1.13012e+001  3.90000e+002
           301  4.06105e+002  3.01000e+002 -4.50369e+001  1.13012e+001  3.90167e+002
           302  4.06280e+002  3.02000e+002 -4.50360e+001  1.13011e+001  3.90333e+002
           303  4.06447e+002  3.03000e+002 -4.50359e+001  1.13011e+001  3.90500e+002
           304  4.06609e+002  3.04000e+002 -4.50325e+001  1.13011e+001  3.90667e+002
           305  4.06779e+002  3.05000e+002 -4.50303e+001  1.13011e+001  3.90833e+002
           306  4.06945e+002  3.06000e+002 -4.50284e+001  1.13011e+001  3.91000e+002
           307  4.07109e+002  3.07000e+002 -4.50266e+001  1.13012e+001  3.91167e+002
           308  4.07280e+002  3.08000e+002 -4.50231e+001  1.13012e+001  3.91333e+002
           309  4.07452e+002  3.09000e+002 -4.50210e+001  1.13013e+001  3.91500e+002
           310  4.07609e+002  3.10000e+002 -4.50187e+001  1.13014e+001  3.91667e+002
           311  4.07789e+002  3.11000e+002 -4.50172e+001  1.13014e+001  3.91833e+002
           312  4.07954e+002  3.12000e+002 -4.50164e+001  1.13015e+001  3.92000e+002
           313  4.08120e+002  3.13000e+002 -4.50153e+001  1.13015e+001  3.92167e+002
           314  4.08281e+002  3.14000e+002 -4.50142e+001  1.13015e+001  3.92333e+002
           315  4.08444e+002  3.15000e+002 -4.50125e+001  1.13016e+001  3.92500e+002
           316  4.08615e+002  3.16000e+002 -4.50117e+001  1.13016e+001  3.92667e+002
           317  4.08785e+002  3.17000e+002 -4.50102e+001  1.13016e+001  3.92833e+002
           318  4.08946e+002  3.18000e+002 -4.50092e+001  1.13016e+001  3.93000e+002
           319  4.09120e+002  3.19000e+002 -4.50077e+001  1.13016e+001  3.93167e+002
           320  4.09287e+002  3.20000e+002 -4.50063e+001  1.13016e+001  3.93333e+002
           321  4.09454e+002  3.21000e+002 -4.50059e+001  1.13016e+001  3.93500e+002
           322  4.09620e+002  3.22000e+002 -4.50057e+001  1.13016e+001  3.93667e+002
           323  4.09790e+002  3.23000e+002 -4.50055e+001  1.13016e+001  3.93833e+002
           324  4.09961e+002  3.24000e+002 -4.50048e+001  1.13015e+001  3.94000e+002
           325  4.10124e+002  3.25000e+002 -4.50048e+001  1.13015e+001  3.94167e+002
           326  4.10292e+002  3.26000e+002 -4.50051e+001  1.13015e+001  3.94333e+002
           327  4.10461e+002  3.27000e+002 -4.50055e+001  1.13015e+001  3.94500e+002
           328  4.10627e+002  3.28000e+002 -4.50089e+001  1.13015e+001  3.94667e+002
           329  4.10791e+002  3.29000e+002 -4.50119e+001  1.13016e+001  3.94833e+002
           330  4.10962e+002  3.30000e+002 -4.50144e+001  1.13016e+001  3.95000e+002
           331  4.11128e+002  3.31000e+002 -4.50166e+001  1.13016e+001  3.95167e+002
           332  4.11300e+002  3.32000e+002 -4.50219e+001  1.13016e+001  3.95333e+002
           333  4.11463e+002  3.33000e+002 -4.50250e+001  1.13015e+001  3.95500e+002
           334  4.11632e+002  3.34000e+002 -4.50277e+001  1.13015e+001  3.95667e+002
           335  4.11795e+002  3.35000e+002 -4.50306e+001  1.13015e+001  3.95833e+002
           336  4.11965e+002  3.36000e+002 -4.50349e+001  1.13014e+001  3.96000e+002
           337  4.12132e+002  3.37000e+002 -4.50368e+001  1.13013e+001  3.96167e+002
           338  4.12301e+002  3.38000e+002 -4.50381e+001  1.13012e+001  3.96333e+002
           339  4.12472e+002  3.39000e+002 -4.50393e+001  1.13011e+001  3.96500e+002
           340  4.12631e+002  3.40000e+002 -4.50398e+001  1.13010e+001  3.96667e+002
           341  4.12801e+002  3.41000e+002 -4.50403e+001  1.13010e+001  3.96833e+002
           342  4.12967e+002  3.42000e+002 -4.50400e+001  1.13009e+001  3.97000e+002
           343  4.13138e+002  3.43000e+002 -4.50395e+001  1.13009e+001  3.97167e+002
           344  4.13304e+002  3.44000e+002 -4.50362e+001  1.13010e+001  3.97333e+002
           345  4.13470e+002  3.45000e+002 -4.50354e+001  1.13011e+001  3.97500e+002
           346  4.13636e+002  3.46000e+002 -4.50350e+001  1.13012e+001  3.97667e+002
           347  4.13802e+002  3.47000e+002 -4.50339e+001  1.13013e+001  3.97833e+002
           348  4.13973e+002  3.48000e+002 -4.50304e+001  1.13015e+001  3.98000e+002
           349  4.14142e+002  3.49000e+002 -4.50276e+001  1.13016e+001  3.98167e+002
           350  4.14305e+002  3.50000e+002 -4.50255e+001  1.13017e+001  3.98333e+002
           351  4.14474e+002  3.51000e+002 -4.50238e+001  1.13018e+001  3.98500e+002
           352  4.14645e+002  3.52000e+002 -4.50203e+001  1.13019e+001  3.98667e+002
           353  4.14811e+002  3.53000e+002 -4.50179e+001  1.13019e+001  3.98833e+002
           354  4.14981e+002  3.54000e+002 -4.50162e+001  1.13020e+001  3.99000e+002
           355  4.15141e+002  3.55000e+002 -4.50154e+001  1.13020e+001  3.99167e+002
           356  4.15313e+002  3.56000e+002 -4.50143e+001  1.13020e+001  3.99333e+002
           357  4.15486e+002  3.57000e+002 -4.50141e+001  1.13020e+001  3.99500e+002
           358  4.15651e+002  3.58000e+002 -4.50136e+001  1.13019e+001  3.99667e+002
           359  4.15814e+002  3.59000e+002 -4.50127e+001  1.13019e+001  3.99833e+002
           360  4.15984e+002  3.60000e+002 -4.50159e+001  1.13019e+001  4.00000e+002
           361  4.16152e+002  3.61000e+002 -4.50172e+001  1.13018e+001  4.00167e+002
           362  4.16316e+002  3.62000e+002 -4.50185e+001  1.13018e+001  4.00333e+002
           363  4.16487e+002  3.63000e+002 -4.50202e+001  1.13017e+001  4.00500e+002
           364  4.16649e+002  3.64000e+002 -4.50235e+001  1.13016e+001  4.00667e+002
           365  4.16823e+002  3.65000e+002 -4.50248e+001  1.13016e+001  4.00833e+002
           366  4.16987e+002  3.66000e+002 -4.50259e+001  1.13015e+001  4.01000e+002
           367  4.17151e+002  3.67000e+002 -4.50272e+001  1.13015e+001  4.01167e+002
           368  4.17325e+002  3.68000e+002 -4.50293e+001  1.13014e+001  4.01333e+002
           369  4.17493e+002  3.69000e+002 -4.50312e+001  1.13014e+001  4.01500e+002
           370  4.17658e+002  3.70000e+002 -4.50316e+001  1.13014e+001  4.01667e+002
           371  4.17824e+002  3.71000e+002 -4.50304e+001  1.13013e+001  4.01833e+002
           372  4.17992e+002  3.72000e+002 -4.50318e+001  1.13013e+001  4.02000e+002
           373  4.18153e+002  3.73000e+002 -4.50331e+001  1.13012e+001  4.02167e+002
           374  4.18331e+002  3.74000e+002 -4.50342e+001  1.13012e+001  4.02333e+002
           375  4.18504e+002  3.75000e+002 -4.50343e+001  1.13012e+001  4.02500e+002
           376  4.18664e+002  3.76000e+002 -4.50342e+001  1.13011e+001  4.02667e+002
           377  4.18830e+002  3.77000e+002 -4.50359e+001  1.13011e+001  4.02833e+002
           378  4.18991e+002  3.78000e+002 -4.50371e+001  1.13011e+001  4.03000e+002
           379  4.19166e+002  3.79000e+002 -4.50377e+001  1.13011e+001  4.03167e+002
           380  4.19331e+002  3.80000e+002 -4.50383e+001  1.13012e+001  4.03333e+002
           381  4.19499e+002  3.81000e+002 -4.50406e+001  1.13013e+001  4.03500e+002
           382  4.19660e+002  3.82000e+002 -4.50434e+001  1.13013e+001  4.03667e+002
           383  4.19826e+002  3.83000e+002 -4.50473e+001  1.13014e+001  4.03833e+002
           384  4.20000e+002  3.84000e+002 -4.50522e+001  1.13015e+001  4.04000e+002
           385  4.20170e+002  3.85000e+002 -4.50629e+001  1.13015e+001  4.04167e+002
           386  4.20337e+002  3.86000e+002 -4.50767e+001  1.13016e+001  4.04333e+002
           387  4.20505e+002  3.87000e+002 -4.50924e+001  1.13016e+001  4.04500e+002
           388  4.20669e+002  3.88000e+002 -4.51022e+001  1.13017e+001  4.04667e+002
           389  4.20842e+002  3.89000e+002 -4.51180e+001  1.13017e+001  4.04833e+002
           390  4.21007e+002  3.90000e+002 -4.51310e+001  1.13017e+001  4.05000e+002
           391  4.21174e+002  3.91000e+002 -4.51443e+001  1.13018e+001  4.05167e+002
           392  4.21340e+002  3.92000e+002 -4.51575e+001  1.13018e+001  4.05333e+002
           393  4.21509e+002  3.93000e+002 -4.52037e+001  1.13018e+001  4.05500e+002
           394  4.21675e+002  3.94000e+002 -4.52554e+001  1.13018e+001  4.05667e+002
           395  4.21837e+002  3.95000e+002 -4.53487e+001  1.13019e+001  4.05833e+002
           396  4.22004e+002  3.96000e+002 -4.54564e+001  1.13018e+001  4.06000e+002
           397  4.22159e+002  3.97000e+002 -4.57298e+001  1.13018e+001  4.06167e+002
           398  4.22321e+002  3.98000e+002 -4.60706e+001  1.13018e+001  4.06333e+002
           399  4.22488e+002  3.99000e+002 -4.65105e+001  1.13017e+001  4.06500e+002
           400  4.22649e+002  4.00000e+002 -4.70228e+001  1.13017e+001  4.06667e+002
           401  4.22804e+002  4.01000e+002 -4.76802e+001  1.13016e+001  4.06833e+002
           402  4.22961e+002  4.02000e+002 -4.83859e+001  1.13015e+001  4.07000e+002
           403  4.23111e+002  4.03000e+002 -4.91680e+001  1.13014e+001  4.07167e+002
           404  4.23270e+002  4.04000e+002 -5.00046e+001  1.13014e+001  4.07333e+002
           405  4.23421e+002  4.05000e+002 -5.09907e+001  1.13014e+001  4.07500e+002
           406  4.23571e+002  4.06000e+002 -5.20310e+001  1.13014e+001  4.07667e+002
           407  4.23717e+002  4.07000e+002 -5.31098e+001  1.13014e+001  4.07833e+002
           408  4.23865e+002  4.08000e+002 -5.42235e+001  1.13015e+001  4.08000e+002
           409  4.24009e+002  4.09000e+002 -5.54215e+001  1.13016e+001  4.08167e+002
           410  4.24157e+002  4.10000e+002 -5.66363e+001  1.13017e+001  4.08333e+002
           411  4.24302e+002  4.11000e+002 -5.78986e+001  1.13017e+001  4.08500e+002
           412  4.24448e+002  4.12000e+002 -5.92055e+001  1.13018e+001  4.08667e+002
           413  4.24584e+002  4.13000e+002 -6.05590e+001  1.13018e+001  4.08833e+002
           414  4.24733e+002  4.14000e+002 -6.19106e+001  1.13019e+001  4.09000e+002
           415  4.24869e+002  4.15000e+002 -6.32529e+001  1.13019e+001  4.09167e+002
           416  4.25009e+002  4.16000e+002 -6.46072e+001  1.13019e+001  4.09333e+002
           417  4.25150e+002  4.17000e+002 -6.59843e+001  1.13020e+001  4.09500e+002
           418  4.25291e+002  4.18000e+002 -6.72237e+001  1.13020e+001  4.09667e+002
           419  4.25433e+002  4.19000e+002 -6.80290e+001  1.13020e+001  4.09833e+002
           420  4.25588e+002  4.20000e+002 -6.84536e+001  1.13020e+001  4.10000e+002
           421  4.25758e+002  4.21000e+002 -6.81351e+001  1.13020e+001  4.10167e+002
           422  4.25921e+002  4.22000e+002 -6.78383e+001  1.13021e+001  4.10333e+002
           423  4.26086e+002  4.23000e+002 -6.75643e+001  1.13021e+001  4.10500e+002
           424  4.26250e+002  4.24000e+002 -6.72779e+001  1.13022e+001  4.10667e+002
           425  4.26419e+002  4.25000e+002 -6.70973e+001  1.13022e+001  4.10833e+002
           426  4.26582e+002  4.26000e+002 -6.69363e+001  1.13023e+001  4.11000e+002
           427  4.26747e+002  4.27000e+002 -6.67877e+001  1.13023e+001  4.11167e+002
           428  4.26914e+002  4.28000e+002 -6.66589e+001  1.13023e+001  4.11333e+002
           429  4.27084e+002  4.29000e+002 -6.65808e+001  1.13024e+001  4.11500e+002
           430  4.27246e+002  4.30000e+002 -6.65365e+001  1.13024e+001  4.11667e+002
           431  4.27409e+002  4.31000e+002 -6.65334e+001  1.13024e+001  4.11833e+002
           432  4.27578e+002  4.32000e+002 -6.65353e+001  1.13023e+001  4.12000e+002
           433  4.27735e+002  4.33000e+002 -6.66039e+001  1.13023e+001  4.12167e+002
           434  4.27895e+002  4.34000e+002 -6.66749e+001  1.13022e+001  4.12333e+002
           435  4.28062e+002  4.35000e+002 -6.67644e+001  1.13022e+001  4.12500e+002
           436  4.28222e+002  4.36000e+002 -6.68678e+001  1.13022e+001  4.12667e+002
           437  4.28377e+002  4.37000e+002 -6.69906e+001  1.13021e+001  4.12833e+002
           438  4.28543e+002  4.38000e+002 -6.71063e+001  1.13021e+001  4.13000e+002
           439  4.28706e+002  4.39000e+002 -6.71725e+001  1.13021e+001  4.13167e+002
           440  4.28869e+002  4.40000e+002 -6.71342e+001  1.13020e+001  4.13333e+002
           441  4.29038e+002  4.41000e+002 -6.67571e+001  1.13020e+001  4.13500e+002
           442  4.29205e+002  4.42000e+002 -6.62458e+001  1.13020e+001  4.13667e+002
           443  4.29384e+002  4.43000e+002 -6.55717e+001  1.13019e+001  4.13833e+002
           444  4.29562e+002  4.44000e+002 -6.47944e+001  1.13019e+001  4.14000e+002
           445  4.29737e+002  4.45000e+002 -6.39291e+001  1.13019e+001  4.14167e+002
           446  4.29918e+002  4.46000e+002 -6.30978e+001  1.13019e+001  4.14333e+002
           447  4.30096e+002  4.47000e+002 -6.22885e+001  1.13019e+001  4.14500e+002
           448  4.30277e+002  4.48000e+002 -6.14927e+001  1.13019e+001  4.14667e+002
           449  4.30458e+002  4.49000e+002 -6.06889e+001  1.13020e+001  4.14833e+002
           450  4.30637e+002  4.50000e+002 -5.98745e+001  1.13020e+001  4.15000e+002
           451  4.30813e+002  4.51000e+002 -5.90933e+001  1.13020e+001  4.15167e+002
           452  4.30994e+002  4.52000e+002 -5.83286e+001  1.13020e+001  4.15333e+002
           453  4.31169e+002  4.53000e+002 -5.76348e+001  1.13021e+001  4.15500e+002
           454  4.31346e+002  4.54000e+002 -5.69383e+001  1.13021e+001  4.15667e+002
           455  4.31538e+002  4.55000e+002 -5.62660e+001  1.13021e+001  4.15833e+002
           456  4.31712e+002  4.56000e+002 -5.56125e+001  1.13021e+001  4.16000e+002
           457  4.31887e+002  4.57000e+002 -5.50200e+001  1.13022e+001  4.16167e+002
           458  4.32057e+002  4.58000e+002 -5.44182e+001  1.13022e+001  4.16333e+002
           459  4.32235e+002  4.59000e+002 -5.38672e+001  1.13022e+001  4.16500e+002
           460  4.32409e+002  4.60000e+002 -5.33601e+001  1.13023e+001  4.16667e+002
           461  4.32582e+002  4.61000e+002 -5.28955e+001  1.13023e+001  4.16833e+002
           462  4.32753e+002  4.62000e+002 -5.24323e+001  1.13023e+001  4.17000e+002
           463  4.32930e+002  4.63000e+002 -5.19986e+001  1.13023e+001  4.17167e+002
           464  4.33111e+002  4.64000e+002 -5.15959e+001  1.13024e+001  4.17333e+002
           465  4.33285e+002  4.65000e+002 -5.12186e+001  1.13023e+001  4.17500e+002
           466  4.33453e+002  4.66000e+002 -5.08296e+001  1.13023e+001  4.17667e+002
           467  4.33624e+002  4.67000e+002 -5.04764e+001  1.13023e+001  4.17833e+002
           468  4.33800e+002  4.68000e+002 -5.01550e+001  1.13023e+001  4.18000e+002
           469  4.33971e+002  4.69000e+002 -4.98634e+001  1.13023e+001  4.18167e+002
           470  4.34143e+002  4.70000e+002 -4.95661e+001  1.13023e+001  4.18333e+002
           471  4.34323e+002  4.71000e+002 -4.92830e+001  1.13023e+001  4.18500e+002
           472  4.34493e+002  4.72000e+002 -4.90151e+001  1.13022e+001  4.18667e+002
           473  4.34671e+002  4.73000e+002 -4.87563e+001  1.13022e+001  4.18833e+002
           474  4.34832e+002  4.74000e+002 -4.85494e+001  1.13021e+001  4.19000e+002
           475  4.35009e+002  4.75000e+002 -4.83384e+001  1.13021e+001  4.19167e+002
           476  4.35185e+002  4.76000e+002 -4.81413e+001  1.13020e+001  4.19333e+002
           477  4.35359e+002  4.77000e+002 -4.79416e+001  1.13019e+001  4.19500e+002
           478  4.35528e+002  4.78000e+002 -4.77936e+001  1.13018e+001  4.19667e+002
           479  4.35696e+002  4.79000e+002 -4.76271e+001  1.13017e+001  4.19833e+002
           480  4.35877e+002  4.80000e+002 -4.74584e+001  1.13016e+001  4.20000e+002
           481  4.36043e+002  4.81000e+002 -4.72831e+001  1.13016e+001  4.20167e+002
           482  4.36212e+002  4.82000e+002 -4.71805e+001  1.13015e+001  4.20333e+002
           483  4.36387e+002  4.83000e+002 -4.70553e+001  1.13015e+001  4.20500e+002
           484  4.36558e+002  4.84000e+002 -4.69170e+001  1.13015e+001  4.20667e+002
           485  4.36735e+002  4.85000e+002 -4.67712e+001  1.13016e+001  4.20833e+002
           486  4.36897e+002  4.86000e+002 -4.66739e+001  1.13016e+001  4.21000e+002
           487  4.37075e+002  4.87000e+002 -4.65532e+001  1.13017e+001  4.21167e+002
           488  4.37245e+002  4.88000e+002 -4.64362e+001  1.13018e+001  4.21333e+002
           489  4.37413e+002  4.89000e+002 -4.63158e+001  1.13018e+001  4.21500e+002
           490  4.37589e+002  4.90000e+002 -4.62504e+001  1.13019e+001  4.21667e+002
           491  4.37755e+002  4.91000e+002 -4.61544e+001  1.13020e+001  4.21833e+002
           492  4.37920e+002  4.92000e+002 -4.60591e+001  1.13020e+001  4.22000e+002
           493  4.38091e+002  4.93000e+002 -4.59595e+001  1.13021e+001  4.22167e+002
           494  4.38264e+002  4.94000e+002 -4.59240e+001  1.13021e+001  4.22333e+002
           495  4.38436e+002  4.95000e+002 -4.58603e+001  1.13021e+001  4.22500e+002
           496  4.38604e+002  4.96000e+002 -4.57942e+001  1.13021e+001  4.22667e+002
           497  4.38772e+002  4.97000e+002 -4.57290e+001  1.13021e+001  4.22833e+002
           498  4.38946e+002  4.98000e+002 -4.56942e+001  1.13021e+001  4.23000e+002
           499  4.39112e+002  4.99000e+002 -4.56446e+001  1.13021e+001  4.23167e+002
           500  4.39281e+002  5.00000e+002 -4.55944e+001  1.13021e+001  4.23333e+002
           501  4.39452e+002  5.01000e+002 -4.55454e+001  1.13020e+001  4.23500e+002
           502  4.39622e+002  5.02000e+002 -4.55155e+001  1.13020e+001  4.23667e+002
           503  4.39785e+002  5.03000e+002 -4.54782e+001  1.13020e+001  4.23833e+002
           504  4.39958e+002  5.04000e+002 -4.54389e+001  1.13020e+001  4.24000e+002
           505  4.40133e+002  5.05000e+002 -4.53992e+001  1.13020e+001  4.24167e+002
           506  4.40290e+002  5.06000e+002 -4.53749e+001  1.13020e+001  4.24333e+002
           507  4.40474e+002  5.07000e+002 -4.53430e+001  1.13020e+001  4.24500e+002
           508  4.40641e+002  5.08000e+002 -4.53104e+001  1.13020e+001  4.24667e+002
           509  4.40798e+002  5.09000e+002 -4.52790e+001  1.13020e+001  4.24833e+002
           510  4.40976e+002  5.10000e+002 -4.52586e+001  1.13020e+001  4.25000e+002
           511  4.41141e+002  5.11000e+002 -4.52336e+001  1.13020e+001  4.25167e+002
           512  4.41310e+002  5.12000e+002 -4.52074e+001  1.13020e+001  4.25333e+002
           513  4.41485e+002  5.13000e+002 -4.51820e+001  1.13020e+001  4.25500e+002
           514  4.41650e+002  5.14000e+002 -4.51646e+001  1.13020e+001  4.25667e+002
           515  4.41820e+002  5.15000e+002 -4.51461e+001  1.13020e+001  4.25833e+002
           516  4.41990e+002  5.16000e+002 -4.51271e+001  1.13020e+001  4.26000e+002
           517  4.42162e+002  5.17000e+002 -4.51096e+001  1.13020e+001  4.26167e+002
           518  4.42325e+002  5.18000e+002 -4.51030e+001  1.13019e+001  4.26333e+002
           519  4.42498e+002  5.19000e+002 -4.50908e+001  1.13019e+001  4.26500e+002
           520  4.42663e+002  5.20000e+002 -4.50777e+001  1.13019e+001  4.26667e+002
           521  4.42832e+002  5.21000e+002 -4.50652e+001  1.13019e+001  4.26833e+002
           522  4.43006e+002  5.22000e+002 -4.50634e+001  1.13019e+001  4.27000e+002
           523  4.43170e+002  5.23000e+002 -4.50556e+001  1.13019e+001  4.27167e+002
           524  4.43338e+002  5.24000e+002 -4.50474e+001  1.13020e+001  4.27333e+002
           525  4.43509e+002  5.25000e+002 -4.50396e+001  1.13020e+001  4.27500e+002
           526  4.43681e+002  5.26000e+002 -4.50356e+001  1.13021e+001  4.27667e+002
           527  4.43853e+002  5.27000e+002 -4.50302e+001  1.13022e+001  4.27833e+002
           528  4.44021e+002  5.28000e+002 -4.50256e+001  1.13023e+001  4.28000e+002
           529  4.44192e+002  5.29000e+002 -4.50207e+001  1.13024e+001  4.28167e+002
           530  4.44361e+002  5.30000e+002 -4.50207e+001  1.13024e+001  4.28333e+002
           531  4.44535e+002  5.31000e+002 -4.50174e+001  1.13025e+001  4.28500e+002
           532  4.44704e+002  5.32000e+002 -4.50117e+001  1.13025e+001  4.28667e+002
           533  4.44870e+002  5.33000e+002 -4.50056e+001  1.13025e+001  4.28833e+002
           534  4.45044e+002  5.34000e+002 -4.50026e+001  1.13024e+001  4.29000e+002
           535  4.45214e+002  5.35000e+002 -4.49999e+001  1.13024e+001  4.29167e+002
           536  4.45388e+002  5.36000e+002 -4.49978e+001  1.13023e+001  4.29333e+002
           537  4.45559e+002  5.37000e+002 -4.49957e+001  1.13023e+001  4.29500e+002
           538  4.45725e+002  5.38000e+002 -4.49951e+001  1.13022e+001  4.29667e+002
           539  4.45890e+002  5.39000e+002 -4.49950e+001  1.13022e+001  4.29833e+002
           540  4.46067e+002  5.40000e+002 -4.49954e+001  1.13022e+001  4.30000e+002
           541  4.46237e+002  5.41000e+002 -4.49958e+001  1.13022e+001  4.30167e+002
           542  4.46402e+002  5.42000e+002 -4.49968e+001  1.13022e+001  4.30333e+002
           543  4.46568e+002  5.43000e+002 -4.50017e+001  1.13022e+001  4.30500e+002
           544  4.46737e+002  5.44000e+002 -4.50044e+001  1.13022e+001  4.30667e+002
           545  4.46908e+002  5.45000e+002 -4.50058e+001  1.13022e+001  4.30833e+002
           546  4.47084e+002  5.46000e+002 -4.50059e+001  1.13022e+001  4.31000e+002
           547  4.47249e+002  5.47000e+002 -4.50097e+001  1.13022e+001  4.31167e+002
           548  4.47419e+002  5.48000e+002 -4.50115e+001  1.13022e+001  4.31333e+002
           549  4.47586e+002  5.49000e+002 -4.50126e+001  1.13022e+001  4.31500e+002
           550  4.47755e+002  5.50000e+002 -4.50137e+001  1.13021e+001  4.31667e+002
           551  4.47930e+002  5.51000e+002 -4.50143e+001  1.13021e+001  4.31833e+002
           552  4.48094e+002  5.52000e+002 -4.50156e+001  1.13020e+001  4.32000e+002
           553  4.48268e+002  5.53000e+002 -4.50171e+001  1.13020e+001  4.32167e+002
           554  4.48436e+002  5.54000e+002 -4.50186e+001  1.13020e+001  4.32333e+002
           555  4.48607e+002  5.55000e+002 -4.50181e+001  1.13020e+001  4.32500e+002
           556  4.48768e+002  5.56000e+002 -4.50198e+001  1.13019e+001  4.32667e+002
           557  4.48946e+002  5.57000e+002 -4.50221e+001  1.13019e+001  4.32833e+002
           558  4.49110e+002  5.58000e+002 -4.50250e+001  1.13020e+001  4.33000e+002
           559  4.49283e+002  5.59000e+002 -4.50301e+001  1.13020e+001  4.33167e+002
           560  4.49452e+002  5.60000e+002 -4.50327e+001  1.13020e+001  4.33333e+002
           561  4.49620e+002  5.61000e+002 -4.50345e+001  1.13021e+001  4.33500e+002
           562  4.49791e+002  5.62000e+002 -4.50360e+001  1.13021e+001  4.33667e+002
           563  4.49959e+002  5.63000e+002 -4.50376e+001  1.13021e+001  4.33833e+002
           564  4.50123e+002  5.64000e+002 -4.50387e+001  1.13022e+001  4.34000e+002
           565  4.50299e+002  5.65000e+002 -4.50397e+001  1.13022e+001  4.34167e+002
           566  4.50462e+002  5.66000e+002 -4.50404e+001  1.13022e+001  4.34333e+002
           567  4.50640e+002  5.67000e+002 -4.50397e+001  1.13022e+001  4.34500e+002
           568  4.50807e+002  5.68000e+002 -4.50394e+001  1.13022e+001  4.34667e+002
           569  4.50973e+002  5.69000e+002 -4.50390e+001  1.13022e+001  4.34833e+002
           570  4.51143e+002  5.70000e+002 -4.50388e+001  1.13022e+001  4.35000e+002
           571  4.51313e+002  5.71000e+002 -4.50378e+001  1.13022e+001  4.35167e+002
           572  4.51480e+002  5.72000e+002 -4.50381e+001  1.13023e+001  4.35333e+002
           573  4.51645e+002  5.73000e+002 -4.50381e+001  1.13023e+001  4.35500e+002
           574  4.51821e+002  5.74000e+002 -4.50393e+001  1.13023e+001  4.35667e+002
           575  4.51990e+002  5.75000e+002 -4.50413e+001  1.13024e+001  4.35833e+002
           576  4.52159e+002  5.76000e+002 -4.50430e+001  1.13024e+001  4.36000e+002
           577  4.52324e+002  5.77000e+002 -4.50445e+001  1.13025e+001  4.36167e+002
           578  4.52493e+002  5.78000e+002 -4.50454e+001  1.13025e+001  4.36333e+002
           579  4.52662e+002  5.79000e+002 -4.50494e+001  1.13024e+001  4.36500e+002
           580  4.52833e+002  5.80000e+002 -4.50511e+001  1.13024e+001  4.36667e+002
           581  4.53001e+002  5.81000e+002 -4.50527e+001  1.13024e+001  4.36833e+002
           582  4.53169e+002  5.82000e+002 -4.50555e+001  1.13023e+001  4.37000e+002
           583  4.53338e+002  5.83000e+002 -4.50595e+001  1.13022e+001  4.37167e+002
           584  4.53505e+002  5.84000e+002 -4.50623e+001  1.13022e+001  4.37333e+002
           585  4.53671e+002  5.85000e+002 -4.50643e+001  1.13021e+001  4.37500e+002
           586  4.53843e+002  5.86000e+002 -4.50660e+001  1.13021e+001  4.37667e+002
           587  4.54016e+002  5.87000e+002 -4.50662e+001  1.13022e+001  4.37833e+002
           588  4.54184e+002  5.88000e+002 -4.50676e+001  1.13022e+001  4.38000e+002
           589  4.54344e+002  5.89000e+002 -4.50693e+001  1.13023e+001  4.38167e+002
           590  4.54516e+002  5.90000e+002 -4.50720e+001  1.13023e+001  4.38333e+002
           591  4.54682e+002  5.91000e+002 -4.50781e+001  1.13025e+001  4.38500e+002
           592  4.54859e+002  5.92000e+002 -4.50815e+001  1.13025e+001  4.38667e+002
           593  4.55027e+002  5.93000e+002 -4.50825e+001  1.13026e+001  4.38833e+002
           594  4.55192e+002  5.94000e+002 -4.50837e+001  1.13026e+001  4.39000e+002
           595  4.55357e+002  5.95000e+002 -4.50831e+001  1.13026e+001  4.39167e+002
           596  4.55526e+002  5.96000e+002 -4.50831e+001  1.13026e+001  4.39333e+002
           597  4.55696e+002  5.97000e+002 -4.50827e+001  1.13026e+001  4.39500e+002
           598  4.55869e+002  5.98000e+002 -4.50825e+001  1.13026e+001  4.39667e+002
           599  4.56030e+002  5.99000e+002 -4.50839e+001  1.13025e+001  4.39833e+002
           600  4.56202e+002  6.00000e+002 -4.50846e+001  1.13025e+001  4.40000e+002
           601  4.56368e+002  6.01000e+002 -4.50844e+001  1.13025e+001  4.40167e+002
           602  4.56531e+002  6.02000e+002 -4.50833e+001  1.13025e+001  4.40333e+002
           603  4.56705e+002  6.03000e+002 -4.50792e+001  1.13025e+001  4.40500e+002
           604  4.56870e+002  6.04000e+002 -4.50779e+001  1.13025e+001  4.40667e+002
           605  4.57039e+002  6.05000e+002 -4.50773e+001  1.13025e+001  4.40833e+002
           606  4.57205e+002  6.06000e+002 -4.50772e+001  1.13025e+001  4.41000e+002
           607  4.57379e+002  6.07000e+002 -4.50775e+001  1.13025e+001  4.41167e+002
           608  4.57542e+002  6.08000e+002 -4.50773e+001  1.13026e+001  4.41333e+002
           609  4.57714e+002  6.09000e+002 -4.50775e+001  1.13026e+001  4.41500e+002
           610  4.57882e+002  6.10000e+002 -4.50782e+001  1.13026e+001  4.41667e+002
           611  4.58046e+002  6.11000e+002 -4.50780e+001  1.13026e+001  4.41833e+002
           612  4.58213e+002  6.12000e+002 -4.50781e+001  1.13026e+001  4.42000e+002
           613  4.58388e+002  6.13000e+002 -4.50779e+001  1.13026e+001  4.42167e+002
           614  4.58550e+002  6.14000e+002 -4.50767e+001  1.13026e+001  4.42333e+002
           615  4.58715e+002  6.15000e+002 -4.50775e+001  1.13026e+001  4.42500e+002
           616  4.58886e+002  6.16000e+002 -4.50775e+001  1.13025e+001  4.42667e+002
           617  4.59053e+002  6.17000e+002 -4.50773e+001  1.13025e+001  4.42833e+002
           618  4.59224e+002  6.18000e+002 -4.50767e+001  1.13024e+001  4.43000e+002
           619  4.59387e+002  6.19000e+002 -4.50762e+001  1.13024e+001  4.43167e+002
           620  4.59550e+002  6.20000e+002 -4.50771e+001  1.13023e+001  4.43333e+002
           621  4.59720e+002  6.21000e+002 -4.50783e+001  1.13023e+001  4.43500e+002
           622  4.59892e+002  6.22000e+002 -4.50794e+001  1.13023e+001  4.43667e+002
           623  4.60066e+002  6.23000e+002 -4.50795e+001  1.13023e+001  4.43833e+002
           624  4.60233e+002  6.24000e+002 -4.50805e+001  1.13023e+001  4.44000e+002
           625  4.60400e+002  6.25000e+002 -4.50812e+001  1.13023e+001  4.44167e+002
           626  4.60566e+002  6.26000e+002 -4.50814e+001  1.13023e+001  4.44333e+002
           627  4.60730e+002  6.27000e+002 -4.50840e+001  1.13023e+001  4.44500e+002
           628  4.60902e+002  6.28000e+002 -4.50836e+001  1.13023e+001  4.44667e+002
           629  4.61068e+002  6.29000e+002 -4.50820e+001  1.13023e+001  4.44833e+002
           630  4.61241e+002  6.30000e+002 -4.50818e+001  1.13023e+001  4.45000e+002
           631  4.61407e+002  6.31000e+002 -4.50819e+001  1.13023e+001  4.45167e+002
           632  4.61565e+002  6.32000e+002 -4.50819e+001  1.13023e+001  4.45333e+002
           633  4.61741e+002  6.33000e+002 -4.50807e+001  1.13023e+001  4.45500e+002
           634  4.61908e+002  6.34000e+002 -4.50785e+001  1.13022e+001  4.45667e+002
           635  4.62069e+002  6.35000e+002 -4.50768e+001  1.13022e+001  4.45833e+002
           636  4.62243e+002  6.36000e+002 -4.50725e+001  1.13022e+001  4.46000e+002
           637  4.62411e+002  6.37000e+002 -4.50701e+001  1.13022e+001  4.46167e+002
           638  4.62582e+002  6.38000e+002 -4.50675e+001  1.13022e+001  4.46333e+002
           639  4.62749e+002  6.39000e+002 -4.50640e+001  1.13022e+001  4.46500e+002
           640  4.62912e+002  6.40000e+002 -4.50616e+001  1.13023e+001  4.46667e+002
           641  4.63080e+002  6.41000e+002 -4.50590e+001  1.13023e+001  4.46833e+002
           642  4.63250e+002  6.42000e+002 -4.50579e+001  1.13023e+001  4.47000e+002
           643  4.63423e+002  6.43000e+002 -4.50575e+001  1.13023e+001  4.47167e+002
           644  4.63588e+002  6.44000e+002 -4.50544e+001  1.13023e+001  4.47333e+002
           645  4.63760e+002  6.45000e+002 -4.50520e+001  1.13023e+001  4.47500e+002
           646  4.63920e+002  6.46000e+002 -4.50508e+001  1.13023e+001  4.47667e+002
           647  4.64086e+002  6.47000e+002 -4.50514e+001  1.13023e+001  4.47833e+002
           648  4.64260e+002  6.48000e+002 -4.50515e+001  1.13022e+001  4.48000e+002
           649  4.64426e+002  6.49000e+002 -4.50519e+001  1.13022e+001  4.48167e+002
           650  4.64593e+002  6.50000e+002 -4.50530e+001  1.13022e+001  4.48333e+002
           651  4.64761e+002  6.51000e+002 -4.50541e+001  1.13022e+001  4.48500e+002
           652  4.64930e+002  6.52000e+002 -4.50588e+001  1.13022e+001  4.48667e+002
           653  4.65106e+002  6.53000e+002 -4.50603e+001  1.13022e+001  4.48833e+002
           654  4.65270e+002  6.54000e+002 -4.50614e+001  1.13023e+001  4.49000e+002
           655  4.65433e+002  6.55000e+002 -4.50641e+001  1.13023e+001  4.49167e+002
           656  4.65599e+002  6.56000e+002 -4.50709e+001  1.13024e+001  4.49333e+002
           657  4.65770e+002  6.57000e+002 -4.50764e+001  1.13024e+001  4.49500e+002
           658  4.65931e+002  6.58000e+002 -4.50814e+001  1.13024e+001  4.49667e+002
           659  4.66104e+002  6.59000e+002 -4.50863e+001  1.13025e+001  4.49833e+002
           660  4.66272e+002  6.60000e+002 -4.50903e+001  1.13025e+001  4.50000e+002
           661  4.66438e+002  6.61000e+002 -4.50931e+001  1.13025e+001  4.50167e+002
           662  4.66601e+002  6.62000e+002 -4.50949e+001  1.13025e+001  4.50333e+002
           663  4.66775e+002  6.63000e+002 -4.50969e+001  1.13025e+001  4.50500e+002
           664  4.66939e+002  6.64000e+002 -4.51033e+001  1.13024e+001  4.50667e+002
           665  4.67112e+002  6.65000e+002 -4.51060e+001  1.13024e+001  4.50833e+002
           666  4.67276e+002  6.66000e+002 -4.51078e+001  1.13024e+001  4.51000e+002
           667  4.67441e+002  6.67000e+002 -4.51089e+001  1.13024e+001  4.51167e+002
           668  4.67605e+002  6.68000e+002 -4.51040e+001  1.13023e+001  4.51333e+002
           669  4.67768e+002  6.69000e+002 -4.51032e+001  1.13023e+001  4.51500e+002
           670  4.67941e+002  6.70000e+002 -4.51037e+001  1.13023e+001  4.51667e+002
           671  4.68111e+002  6.71000e+002 -4.51040e+001  1.13023e+001  4.51833e+002
           672  4.68277e+002  6.72000e+002 -4.51013e+001  1.13023e+001  4.52000e+002
           673  4.68442e+002  6.73000e+002 -4.50992e+001  1.13023e+001  4.52167e+002
           674  4.68612e+002  6.74000e+002 -4.50969e+001  1.13023e+001  4.52333e+002
           675  4.68785e+002  6.75000e+002 -4.50945e+001  1.13023e+001  4.52500e+002
           676  4.68946e+002  6.76000e+002 -4.50925e+001  1.13023e+001  4.52667e+002
           677  4.69112e+002  6.77000e+002 -4.50909e+001  1.13023e+001  4.52833e+002
           678  4.69283e+002  6.78000e+002 -4.50891e+001  1.13023e+001  4.53000e+002
           679  4.69449e+002  6.79000e+002 -4.50877e+001  1.13024e+001  4.53167e+002
           680  4.69611e+002  6.80000e+002 -4.50856e+001  1.13024e+001  4.53333e+002
           681  4.69782e+002  6.81000e+002 -4.50844e+001  1.13024e+001  4.53500e+002
           682  4.69939e+002  6.82000e+002 -4.50830e+001  1.13025e+001  4.53667e+002
           683  4.70109e+002  6.83000e+002 -4.50821e+001  1.13025e+001  4.53833e+002
           684  4.70278e+002  6.84000e+002 -4.50824e+001  1.13026e+001  4.54000e+002
           685  4.70447e+002  6.85000e+002 -4.50808e+001  1.13026e+001  4.54167e+002
           686  4.70613e+002  6.86000e+002 -4.50768e+001  1.13027e+001  4.54333e+002
           687  4.70780e+002  6.87000e+002 -4.50723e+001  1.13027e+001  4.54500e+002
           688  4.70951e+002  6.88000e+002 -4.50687e+001  1.13027e+001  4.54667e+002
           689  4.71117e+002  6.89000e+002 -4.50658e+001  1.13028e+001  4.54833e+002
           690  4.71281e+002  6.90000e+002 -4.50632e+001  1.13028e+001  4.55000e+002
           691  4.71450e+002  6.91000e+002 -4.50613e+001  1.13028e+001  4.55167e+002
           692  4.71618e+002  6.92000e+002 -4.50602e+001  1.13029e+001  4.55333e+002
           693  4.71787e+002  6.93000e+002 -4.50613e+001  1.13029e+001  4.55500e+002
           694  4.71956e+002  6.94000e+002 -4.50625e+001  1.13029e+001  4.55667e+002
           695  4.72119e+002  6.95000e+002 -4.50628e+001  1.13030e+001  4.55833e+002
           696  4.72294e+002  6.96000e+002 -4.50668e+001  1.13030e+001  4.56000e+002
           697  4.72458e+002  6.97000e+002 -4.50703e+001  1.13031e+001  4.56167e+002
           698  4.72623e+002  6.98000e+002 -4.50734e+001  1.13031e+001  4.56333e+002
           699  4.72786e+002  6.99000e+002 -4.50769e+001  1.13031e+001  4.56500e+002
           700  4.72955e+002  7.00000e+002 -4.50873e+001  1.13030e+001  4.56667e+002
           701  4.73127e+002  7.01000e+002 -4.50908e+001  1.13030e+001  4.56833e+002
           702  4.73293e+002  7.02000e+002 -4.50937e+001  1.13028e+001  4.57000e+002
           703  4.73459e+002  7.03000e+002 -4.50970e+001  1.13027e+001  4.57167e+002
           704  4.73623e+002  7.04000e+002 -4.50993e+001  1.13025e+001  4.57333e+002
           705  4.73789e+002  7.05000e+002 -4.51014e+001  1.13023e+001  4.57500e+002
           706  4.73959e+002  7.06000e+002 -4.51030e+001  1.13022e+001  4.57667e+002
           707  4.74126e+002  7.07000e+002 -4.51052e+001  1.13021e+001  4.57833e+002
           708  4.74292e+002  7.08000e+002 -4.51033e+001  1.13021e+001  4.58000e+002
           709  4.74455e+002  7.09000e+002 -4.51033e+001  1.13020e+001  4.58167e+002
           710  4.74623e+002  7.10000e+002 -4.51027e+001  1.13020e+001  4.58333e+002
           711  4.74790e+002  7.11000e+002 -4.51013e+001  1.13020e+001  4.58500e+002
           712  4.74959e+002  7.12000e+002 -4.50998e+001  1.13021e+001  4.58667e+002
           713  4.75125e+002  7.13000e+002 -4.50982e+001  1.13022e+001  4.58833e+002
           714  4.75293e+002  7.14000e+002 -4.50958e+001  1.13022e+001  4.59000e+002
           715  4.75467e+002  7.15000e+002 -4.50934e+001  1.13023e+001  4.59167e+002
           716  4.75622e+002  7.16000e+002 -4.50890e+001  1.13024e+001  4.59333e+002
           717  4.75789e+002  7.17000e+002 -4.50867e+001  1.13024e+001  4.59500e+002
           718  4.75957e+002  7.18000e+002 -4.50857e+001  1.13025e+001  4.59667e+002
           719  4.76128e+002  7.19000e+002 -4.50848e+001  1.13026e+001  4.59833e+002
           720  4.76297e+002  7.20000e+002 -4.50817e+001  1.13027e+001  4.60000e+002
           721  4.76463e+002  7.21000e+002 -4.50796e+001  1.13028e+001  4.60167e+002
           722  4.76634e+002  7.22000e+002 -4.50780e+001  1.13028e+001  4.60333e+002
           723  4.76796e+002  7.23000e+002 -4.50767e+001  1.13029e+001  4.60500e+002
           724  4.76960e+002  7.24000e+002 -4.50782e+001  1.13030e+001  4.60667e+002
           725  4.77128e+002  7.25000e+002 -4.50757e+001  1.13030e+001  4.60833e+002
           726  4.77297e+002  7.26000e+002 -4.50732e+001  1.13030e+001  4.61000e+002
           727  4.77461e+002  7.27000e+002 -4.50714e+001  1.13030e+001  4.61167e+002
           728  4.77630e+002  7.28000e+002 -4.50699e+001  1.13030e+001  4.61333e+002
           729  4.77800e+002  7.29000e+002 -4.50693e+001  1.13030e+001  4.61500e+002
           730  4.77963e+002  7.30000e+002 -4.50686e+001  1.13029e+001  4.61667e+002
           731  4.78126e+002  7.31000e+002 -4.50676e+001  1.13029e+001  4.61833e+002
           732  4.78295e+002  7.32000e+002 -4.50671e+001  1.13029e+001  4.62000e+002
           733  4.78461e+002  7.33000e+002 -4.50666e+001  1.13029e+001  4.62167e+002
           734  4.78628e+002  7.34000e+002 -4.50677e+001  1.13029e+001  4.62333e+002
           735  4.78792e+002  7.35000e+002 -4.50697e+001  1.13029e+001  4.62500e+002
           736  4.78968e+002  7.36000e+002 -4.50719e+001  1.13028e+001  4.62667e+002
           737  4.79137e+002  7.37000e+002 -4.50756e+001  1.13028e+001  4.62833e+002
           738  4.79296e+002  7.38000e+002 -4.50777e+001  1.13028e+001  4.63000e+002
           739  4.79465e+002  7.39000e+002 -4.50795e+001  1.13028e+001  4.63167e+002
           740  4.79632e+002  7.40000e+002 -4.50812e+001  1.13027e+001  4.63333e+002
           741  4.79800e+002  7.41000e+002 -4.50837e+001  1.13027e+001  4.63500e+002
           742  4.79971e+002  7.42000e+002 -4.50842e+001  1.13026e+001  4.63667e+002
           743  4.80130e+002  7.43000e+002 -4.50845e+001  1.13026e+001  4.63833e+002
           744  4.80295e+002  7.44000e+002 -4.50845e+001  1.13026e+001  4.64000e+002
           745  4.80466e+002  7.45000e+002 -4.50830e+001  1.13026e+001  4.64167e+002
           746  4.80633e+002  7.46000e+002 -4.50813e+001  1.13026e+001  4.64333e+002
           747  4.80796e+002  7.47000e+002 -4.50793e+001  1.13025e+001  4.64500e+002
           748  4.80968e+002  7.48000e+002 -4.50769e+001  1.13025e+001  4.64667e+002
           749  4.81136e+002  7.49000e+002 -4.50720e+001  1.13026e+001  4.64833e+002
           750  4.81302e+002  7.50000e+002 -4.50687e+001  1.13026e+001  4.65000e+002
           751  4.81465e+002  7.51000e+002 -4.50650e+001  1.13026e+001  4.65167e+002
           752  4.81635e+002  7.52000e+002 -4.50612e+001  1.13026e+001  4.65333e+002
           753  4.81802e+002  7.53000e+002 -4.50551e+001  1.13026e+001  4.65500e+002
           754  4.81966e+002  7.54000e+002 -4.50498e+001  1.13026e+001  4.65667e+002
           755  4.82133e+002  7.55000e+002 -4.50458e+001  1.13026e+001  4.65833e+002
           756  4.82300e+002  7.56000e+002 -4.50423e+001  1.13027e+001  4.66000e+002
           757  4.82468e+002  7.57000e+002 -4.50370e+001  1.13027e+001  4.66167e+002
           758  4.82630e+002  7.58000e+002 -4.50333e+001  1.13028e+001  4.66333e+002
           759  4.82801e+002  7.59000e+002 -4.50295e+001  1.13028e+001  4.66500e+002
           760  4.82966e+002  7.60000e+002 -4.50252e+001  1.13029e+001  4.66667e+002
           761  4.83136e+002  7.61000e+002 -4.50231e+001  1.13029e+001  4.66833e+002
           762  4.83301e+002  7.62000e+002 -4.50212e+001  1.13030e+001  4.67000e+002
           763  4.83469e+002  7.63000e+002 -4.50190e+001  1.13030e+001  4.67167e+002
           764  4.83638e+002  7.64000e+002 -4.50164e+001  1.13030e+001  4.67333e+002
           765  4.83805e+002  7.65000e+002 -4.50167e+001  1.13030e+001  4.67500e+002
           766  4.83970e+002  7.66000e+002 -4.50153e+001  1.13030e+001  4.67667e+002
           767  4.84136e+002  7.67000e+002 -4.50137e+001  1.13030e+001  4.67833e+002
           768  4.84299e+002  7.68000e+002 -4.50130e+001  1.13030e+001  4.68000e+002
           769  4.84463e+002  7.69000e+002 -4.50123e+001  1.13029e+001  4.68167e+002
           770  4.84635e+002  7.70000e+002 -4.50119e+001  1.13029e+001  4.68333e+002
           771  4.84801e+002  7.71000e+002 -4.50119e+001  1.13029e+001  4.68500e+002
           772  4.84974e+002  7.72000e+002 -4.50120e+001  1.13028e+001  4.68667e+002
           773  4.85136e+002  7.73000e+002 -4.50135e+001  1.13028e+001  4.68833e+002
           774  4.85303e+002  7.74000e+002 -4.50145e+001  1.13028e+001  4.69000e+002
           775  4.85470e+002  7.75000e+002 -4.50152e+001  1.13028e+001  4.69167e+002
           776  4.85636e+002  7.76000e+002 -4.50163e+001  1.13028e+001  4.69333e+002
           777  4.85799e+002  7.77000e+002 -4.50198e+001  1.13028e+001  4.69500e+002
           778  4.85965e+002  7.78000e+002 -4.50206e+001  1.13028e+001  4.69667e+002
           779  4.86129e+002  7.79000e+002 -4.50206e+001  1.13028e+001  4.69833e+002
           780  4.86302e+002  7.80000e+002 -4.50211e+001  1.13028e+001  4.70000e+002
           781  4.86474e+002  7.81000e+002 -4.50202e+001  1.13028e+001  4.70167e+002
           782  4.86642e+002  7.82000e+002 -4.50195e+001  1.13027e+001  4.70333e+002
           783  4.86796e+002  7.83000e+002 -4.50200e+001  1.13027e+001  4.70500e+002
           784  4.86974e+002  7.84000e+002 -4.50213e+001  1.13027e+001  4.70667e+002
           785  4.87138e+002  7.85000e+002 -4.50199e+001  1.13028e+001  4.70833e+002
           786  4.87307e+002  7.86000e+002 -4.50191e+001  1.13028e+001  4.71000e+002
           787  4.87470e+002  7.87000e+002 -4.50190e+001  1.13028e+001  4.71167e+002
           788  4.87639e+002  7.88000e+002 -4.50187e+001  1.13029e+001  4.71333e+002
           789  4.87803e+002  7.89000e+002 -4.50167e+001  1.13030e+001  4.71500e+002
           790  4.87971e+002  7.90000e+002 -4.50160e+001  1.13030e+001  4.71667e+002
           791  4.88140e+002  7.91000e+002 -4.50161e+001  1.13031e+001  4.71833e+002
           792  4.88306e+002  7.92000e+002 -4.50166e+001  1.13031e+001  4.72000e+002
           793  4.88476e+002  7.93000e+002 -4.50167e+001  1.13031e+001  4.72167e+002
           794  4.88642e+002  7.94000e+002 -4.50164e+001  1.13031e+001  4.72333e+002
           795  4.88811e+002  7.95000e+002 -4.50168e+001  1.13031e+001  4.72500e+002
           796  4.88974e+002  7.96000e+002 -4.50175e+001  1.13031e+001  4.72667e+002
           797  4.89145e+002  7.97000e+002 -4.50176e+001  1.13031e+001  4.72833e+002
           798  4.89307e+002  7.98000e+002 -4.50172e+001  1.13031e+001  4.73000e+002
           799  4.89475e+002  7.99000e+002 -4.50187e+001  1.13031e+001  4.73167e+002
           800  4.89638e+002  8.00000e+002 -4.50207e+001  1.13031e+001  4.73333e+002
           801  4.89805e+002  8.01000e+002 -4.50231e+001  1.13031e+001  4.73500e+002
           802  4.89974e+002  8.02000e+002 -4.50277e+001  1.13030e+001  4.73667e+002
           803  4.90144e+002  8.03000e+002 -4.50311e+001  1.13030e+001  4.73833e+002
           804  4.90311e+002  8.04000e+002 -4.50338e+001  1.13030e+001  4.74000e+002
           805  4.90477e+002  8.05000e+002 -4.50361e+001  1.13029e+001  4.74167e+002
           806  4.90638e+002  8.06000e+002 -4.50417e+001  1.13029e+001  4.74333e+002
           807  4.90806e+002  8.07000e+002 -4.50458e+001  1.13029e+001  4.74500e+002
           808  4.90975e+002  8.08000e+002 -4.50499e+001  1.13028e+001  4.74667e+002
           809  4.91135e+002  8.09000e+002 -4.50536e+001  1.13028e+001  4.74833e+002
           810  4.91303e+002  8.10000e+002 -4.50589e+001  1.13028e+001  4.75000e+002
           811  4.91470e+002  8.11000e+002 -4.50625e+001  1.13027e+001  4.75167e+002
           812  4.91642e+002  8.12000e+002 -4.50650e+001  1.13027e+001  4.75333e+002
           813  4.91811e+002  8.13000e+002 -4.50670e+001  1.13027e+001  4.75500e+002
           814  4.91975e+002  8.14000e+002 -4.50684e+001  1.13026e+001  4.75667e+002
           815  4.92136e+002  8.15000e+002 -4.50698e+001  1.13026e+001  4.75833e+002
           816  4.92310e+002  8.16000e+002 -4.50711e+001  1.13026e+001  4.76000e+002
           817  4.92477e+002  8.17000e+002 -4.50716e+001  1.13025e+001  4.76167e+002
           818  4.92638e+002  8.18000e+002 -4.50707e+001  1.13025e+001  4.76333e+002
           819  4.92811e+002  8.19000e+002 -4.50696e+001  1.13025e+001  4.76500e+002
           820  4.92968e+002  8.20000e+002 -4.50676e+001  1.13025e+001  4.76667e+002
           821  4.93135e+002  8.21000e+002 -4.50656e+001  1.13025e+001  4.76833e+002
           822  4.93306e+002  8.22000e+002 -4.50605e+001  1.13025e+001  4.77000e+002
           823  4.93471e+002  8.23000e+002 -4.50559e+001  1.13026e+001  4.77167e+002
           824  4.93639e+002  8.24000e+002 -4.50518e+001  1.13026e+001  4.77333e+002
           825  4.93808e+002  8.25000e+002 -4.50483e+001  1.13027e+001  4.77500e+002
           826  4.93979e+002  8.26000e+002 -4.50416e+001  1.13027e+001  4.77667e+002
           827  4.94143e+002  8.27000e+002 -4.50375e+001  1.13028e+001  4.77833e+002
           828  4.94307e+002  8.28000e+002 -4.50344e+001  1.13028e+001  4.78000e+002
           829  4.94478e+002  8.29000e+002 -4.50322e+001  1.13029e+001  4.78167e+002
           830  4.94647e+002  8.30000e+002 -4.50282e+001  1.13029e+001  4.78333e+002
           831  4.94814e+002  8.31000e+002 -4.50246e+001  1.13030e+001  4.78500e+002
           832  4.94973e+002  8.32000e+002 -4.50220e+001  1.13030e+001  4.78667e+002
           833  4.95141e+002  8.33000e+002 -4.50206e+001  1.13031e+001  4.78833e+002
           834  4.95305e+002  8.34000e+002 -4.50226e+001  1.13031e+001  4.79000e+002
           835  4.95468e+002  8.35000e+002 -4.50226e+001  1.13031e+001  4.79167e+002
           836  4.95642e+002  8.36000e+002 -4.50234e+001  1.13031e+001  4.79333e+002
           837  4.95803e+002  8.37000e+002 -4.50250e+001  1.13030e+001  4.79500e+002
           838  4.95968e+002  8.38000e+002 -4.50275e+001  1.13030e+001  4.79667e+002
           839  4.96136e+002  8.39000e+002 -4.50287e+001  1.13029e+001  4.79833e+002
           840  4.96303e+002  8.40000e+002 -4.50308e+001  1.13029e+001  4.80000e+002
           841  4.96470e+002  8.41000e+002 -4.50334e+001  1.13029e+001  4.80167e+002
           842  4.96638e+002  8.42000e+002 -4.50376e+001  1.13028e+001  4.80333e+002
           843  4.96802e+002  8.43000e+002 -4.50409e+001  1.13028e+001  4.80500e+002
           844  4.96973e+002  8.44000e+002 -4.50440e+001  1.13028e+001  4.80667e+002
           845  4.97133e+002  8.45000e+002 -4.50470e+001  1.13027e+001  4.80833e+002
           846  4.97300e+002  8.46000e+002 -4.50509e+001  1.13027e+001  4.81000e+002
           847  4.97464e+002  8.47000e+002 -4.50545e+001  1.13027e+001  4.81167e+002
           848  4.97633e+002  8.48000e+002 -4.50589e+001  1.13026e+001  4.81333e+002
           849  4.97797e+002  8.49000e+002 -4.50634e+001  1.13026e+001  4.81500e+002
           850  4.97962e+002  8.50000e+002 -4.50656e+001  1.13026e+001  4.81667e+002
           851  4.98134e+002  8.51000e+002 -4.50685e+001  1.13025e+001  4.81833e+002
           852  4.98298e+002  8.52000e+002 -4.50716e+001  1.13025e+001  4.82000e+002
           853  4.98457e+002  8.53000e+002 -4.50741e+001  1.13025e+001  4.82167e+002
           854  4.98629e+002  8.54000e+002 -4.50777e+001  1.13025e+001  4.82333e+002
           855  4.98802e+002  8.55000e+002 -4.50799e+001  1.13025e+001  4.82500e+002
           856  4.98964e+002  8.56000e+002 -4.50810e+001  1.13025e+001  4.82667e+002
           857  4.99128e+002  8.57000e+002 -4.50831e+001  1.13025e+001  4.82833e+002
           858  4.99287e+002  8.58000e+002 -4.50828e+001  1.13026e+001  4.83000e+002
           859  4.99462e+002  8.59000e+002 -4.50825e+001  1.13026e+001  4.83167e+002
           860  4.99628e+002  8.60000e+002 -4.50814e+001  1.13027e+001  4.83333e+002
           861  4.99792e+002  8.61000e+002 -4.50801e+001  1.13027e+001  4.83500e+002
           862  4.99960e+002  8.62000e+002 -4.50779e+001  1.13028e+001  4.83667e+002
           863  5.00126e+002  8.63000e+002 -4.50772e+001  1.13028e+001  4.83833e+002
           864  5.00291e+002  8.64000e+002 -4.50758e+001  1.13029e+001  4.84000e+002
           865  5.00464e+002  8.65000e+002 -4.50745e+001  1.13029e+001  4.84167e+002
           866  5.00632e+002  8.66000e+002 -4.50718e+001  1.13030e+001  4.84333e+002
           867  5.00799e+002  8.67000e+002 -4.50701e+001  1.13030e+001  4.84500e+002
           868  5.00956e+002  8.68000e+002 -4.50689e+001  1.13030e+001  4.84667e+002
           869  5.01130e+002  8.69000e+002 -4.50674e+001  1.13030e+001  4.84833e+002
           870  5.01297e+002  8.70000e+002 -4.50653e+001  1.13031e+001  4.85000e+002
           871  5.01464e+002  8.71000e+002 -4.50628e+001  1.13031e+001  4.85167e+002
           872  5.01628e+002  8.72000e+002 -4.50612e+001  1.13031e+001  4.85333e+002
           873  5.01790e+002  8.73000e+002 -4.50596e+001  1.13031e+001  4.85500e+002
           874  5.01958e+002  8.74000e+002 -4.50584e+001  1.13030e+001  4.85667e+002
           875  5.02126e+002  8.75000e+002 -4.50569e+001  1.13030e+001  4.85833e+002
           876  5.02292e+002  8.76000e+002 -4.50557e+001  1.13030e+001  4.86000e+002
           877  5.02459e+002  8.77000e+002 -4.50537e+001  1.13030e+001  4.86167e+002
           878  5.02627e+002  8.78000e+002 -4.50514e+001  1.13030e+001  4.86333e+002
           879  5.02799e+002  8.79000e+002 -4.50503e+001  1.13030e+001  4.86500e+002
           880  5.02957e+002  8.80000e+002 -4.50499e+001  1.13030e+001  4.86667e+002
           881  5.03123e+002  8.81000e+002 -4.50497e+001  1.13030e+001  4.86833e+002
           882  5.03290e+002  8.82000e+002 -4.50498e+001  1.13030e+001  4.87000e+002
           883  5.03457e+002  8.83000e+002 -4.50497e+001  1.13030e+001  4.87167e+002
           884  5.03624e+002  8.84000e+002 -4.50502e+001  1.13030e+001  4.87333e+002
           885  5.03787e+002  8.85000e+002 -4.50513e+001  1.13029e+001  4.87500e+002
           886  5.03956e+002  8.86000e+002 -4.50521e+001  1.13029e+001  4.87667e+002
           887  5.04124e+002  8.87000e+002 -4.50509e+001  1.13029e+001  4.87833e+002
           888  5.04290e+002  8.88000e+002 -4.50502e+001  1.13029e+001  4.88000e+002
           889  5.04453e+002  8.89000e+002 -4.50507e+001  1.13029e+001  4.88167e+002
           890  5.04618e+002  8.90000e+002 -4.50554e+001  1.13029e+001  4.88333e+002
           891  5.04784e+002  8.91000e+002 -4.50580e+001  1.13028e+001  4.88500e+002
           892  5.04950e+002  8.92000e+002 -4.50501e+001  1.13028e+001  4.88667e+002
           893  5.05120e+002  8.93000e+002 -4.50452e+001  1.13028e+001  4.88833e+002
           894  5.05283e+002  8.94000e+002 -4.50420e+001  1.13028e+001  4.89000e+002
           895  5.05454e+002  8.95000e+002 -4.50386e+001  1.13027e+001  4.89167e+002
           896  5.05618e+002  8.96000e+002 -4.50350e+001  1.13027e+001  4.89333e+002
           897  5.05784e+002  8.97000e+002 -4.50318e+001  1.13026e+001  4.89500e+002
           898  5.05949e+002  8.98000e+002 -4.50215e+001  1.13026e+001  4.89667e+002
           899  5.06117e+002  8.99000e+002 -4.50118e+001  1.13026e+001  4.89833e+002
]5[Zn RR Ar 50 ml/min total calib
