         Index            Ts             t            HF        Weight            Tr
           [#]          [°C]           [s]          [mW]          [mg]          [°C]
             0  2.94392e+002  0.00000e+000 -1.12612e+000  1.11432e+001  2.65000e+002
             1  2.94085e+002  1.00000e+000 -2.34872e+000  1.11440e+001  2.65833e+002
             2  2.94017e+002  2.00000e+000 -1.89345e+000  1.11447e+001  2.66667e+002
             3  2.93979e+002  3.00000e+000 -1.44480e+000  1.11455e+001  2.67500e+002
             4  2.94007e+002  4.00000e+000 -1.72992e+000  1.11466e+001  2.68333e+002
             5  2.94064e+002  5.00000e+000 -2.07014e+000  1.11478e+001  2.69167e+002
             6  2.94181e+002  6.00000e+000 -2.44518e+000  1.11490e+001  2.70000e+002
             7  2.94361e+002  7.00000e+000 -2.83715e+000  1.11503e+001  2.70833e+002
             8  2.94577e+002  8.00000e+000 -3.25094e+000  1.11518e+001  2.71667e+002
             9  2.94859e+002  9.00000e+000 -3.66852e+000  1.11533e+001  2.72500e+002
            10  2.95187e+002  1.00000e+001 -4.07929e+000  1.11551e+001  2.73333e+002
            11  2.95573e+002  1.10000e+001 -4.50694e+000  1.11569e+001  2.74167e+002
            12  2.96013e+002  1.20000e+001 -4.97711e+000  1.11591e+001  2.75000e+002
            13  2.96502e+002  1.30000e+001 -5.43563e+000  1.11613e+001  2.75833e+002
            14  2.97048e+002  1.40000e+001 -5.93085e+000  1.11635e+001  2.76667e+002
            15  2.97651e+002  1.50000e+001 -6.45690e+000  1.11658e+001  2.77500e+002
            16  2.98301e+002  1.60000e+001 -6.99016e+000  1.11684e+001  2.78333e+002
            17  2.99012e+002  1.70000e+001 -7.52421e+000  1.11708e+001  2.79167e+002
            18  2.99772e+002  1.80000e+001 -8.09888e+000  1.11732e+001  2.80000e+002
            19  3.00592e+002  1.90000e+001 -8.77728e+000  1.11755e+001  2.80833e+002
            20  3.01449e+002  2.00000e+001 -9.55623e+000  1.11778e+001  2.81667e+002
            21  3.02335e+002  2.10000e+001 -1.04677e+001  1.11800e+001  2.82500e+002
            22  3.03257e+002  2.20000e+001 -1.13262e+001  1.11822e+001  2.83333e+002
            23  3.04193e+002  2.30000e+001 -1.21448e+001  1.11844e+001  2.84167e+002
            24  3.05138e+002  2.40000e+001 -1.28854e+001  1.11865e+001  2.85000e+002
            25  3.06099e+002  2.50000e+001 -1.34291e+001  1.11884e+001  2.85833e+002
            26  3.07060e+002  2.60000e+001 -1.39719e+001  1.11901e+001  2.86667e+002
            27  3.08034e+002  2.70000e+001 -1.44630e+001  1.11917e+001  2.87500e+002
            28  3.09000e+002  2.80000e+001 -1.49329e+001  1.11931e+001  2.88333e+002
            29  3.09974e+002  2.90000e+001 -1.53659e+001  1.11942e+001  2.89167e+002
            30  3.10934e+002  3.00000e+001 -1.58190e+001  1.11954e+001  2.90000e+002
            31  3.11895e+002  3.10000e+001 -1.62643e+001  1.11966e+001  2.90833e+002
            32  3.12844e+002  3.20000e+001 -1.66958e+001  1.11977e+001  2.91667e+002
            33  3.13803e+002  3.30000e+001 -1.70902e+001  1.11987e+001  2.92500e+002
            34  3.14745e+002  3.40000e+001 -1.75108e+001  1.11999e+001  2.93333e+002
            35  3.15686e+002  3.50000e+001 -1.79266e+001  1.12010e+001  2.94167e+002
            36  3.16619e+002  3.60000e+001 -1.83465e+001  1.12022e+001  2.95000e+002
            37  3.17546e+002  3.70000e+001 -1.87479e+001  1.12034e+001  2.95833e+002
            38  3.18469e+002  3.80000e+001 -1.91526e+001  1.12047e+001  2.96667e+002
            39  3.19390e+002  3.90000e+001 -1.95587e+001  1.12060e+001  2.97500e+002
            40  3.20298e+002  4.00000e+001 -1.99697e+001  1.12073e+001  2.98333e+002
            41  3.21201e+002  4.10000e+001 -2.03547e+001  1.12088e+001  2.99167e+002
            42  3.22096e+002  4.20000e+001 -2.07548e+001  1.12103e+001  3.00000e+002
            43  3.22995e+002  4.30000e+001 -2.11529e+001  1.12117e+001  3.00833e+002
            44  3.23881e+002  4.40000e+001 -2.15437e+001  1.12132e+001  3.01667e+002
            45  3.24758e+002  4.50000e+001 -2.18872e+001  1.12148e+001  3.02500e+002
            46  3.25637e+002  4.60000e+001 -2.22510e+001  1.12163e+001  3.03333e+002
            47  3.26508e+002  4.70000e+001 -2.26187e+001  1.12178e+001  3.04167e+002
            48  3.27380e+002  4.80000e+001 -2.29928e+001  1.12193e+001  3.05000e+002
            49  3.28245e+002  4.90000e+001 -2.33146e+001  1.12208e+001  3.05833e+002
            50  3.29098e+002  5.00000e+001 -2.36557e+001  1.12223e+001  3.06667e+002
            51  3.29953e+002  5.10000e+001 -2.40014e+001  1.12238e+001  3.07500e+002
            52  3.30809e+002  5.20000e+001 -2.43385e+001  1.12253e+001  3.08333e+002
            53  3.31652e+002  5.30000e+001 -2.46334e+001  1.12268e+001  3.09167e+002
            54  3.32501e+002  5.40000e+001 -2.49524e+001  1.12283e+001  3.10000e+002
            55  3.33344e+002  5.50000e+001 -2.52633e+001  1.12297e+001  3.10833e+002
            56  3.34184e+002  5.60000e+001 -2.55717e+001  1.12312e+001  3.11667e+002
            57  3.35031e+002  5.70000e+001 -2.58234e+001  1.12326e+001  3.12500e+002
            58  3.35864e+002  5.80000e+001 -2.61057e+001  1.12340e+001  3.13333e+002
            59  3.36701e+002  5.90000e+001 -2.63909e+001  1.12354e+001  3.14167e+002
            60  3.37533e+002  6.00000e+001 -2.66731e+001  1.12368e+001  3.15000e+002
            61  3.38367e+002  6.10000e+001 -2.69209e+001  1.12380e+001  3.15833e+002
            62  3.39189e+002  6.20000e+001 -2.71859e+001  1.12393e+001  3.16667e+002
            63  3.40021e+002  6.30000e+001 -2.74523e+001  1.12406e+001  3.17500e+002
            64  3.40848e+002  6.40000e+001 -2.77178e+001  1.12419e+001  3.18333e+002
            65  3.41675e+002  6.50000e+001 -2.79639e+001  1.12431e+001  3.19167e+002
            66  3.42491e+002  6.60000e+001 -2.82158e+001  1.12444e+001  3.20000e+002
            67  3.43310e+002  6.70000e+001 -2.84674e+001  1.12455e+001  3.20833e+002
            68  3.44137e+002  6.80000e+001 -2.87188e+001  1.12467e+001  3.21667e+002
            69  3.44957e+002  6.90000e+001 -2.89528e+001  1.12478e+001  3.22500e+002
            70  3.45778e+002  7.00000e+001 -2.91942e+001  1.12489e+001  3.23333e+002
            71  3.46601e+002  7.10000e+001 -2.94360e+001  1.12500e+001  3.24167e+002
            72  3.47421e+002  7.20000e+001 -2.96770e+001  1.12510e+001  3.25000e+002
            73  3.48237e+002  7.30000e+001 -2.99064e+001  1.12520e+001  3.25833e+002
            74  3.49058e+002  7.40000e+001 -3.01403e+001  1.12529e+001  3.26667e+002
            75  3.49875e+002  7.50000e+001 -3.03737e+001  1.12539e+001  3.27500e+002
            76  3.50693e+002  7.60000e+001 -3.06078e+001  1.12549e+001  3.28333e+002
            77  3.51514e+002  7.70000e+001 -3.08313e+001  1.12558e+001  3.29167e+002
            78  3.52331e+002  7.80000e+001 -3.10599e+001  1.12567e+001  3.30000e+002
            79  3.53147e+002  7.90000e+001 -3.12890e+001  1.12577e+001  3.30833e+002
            80  3.53960e+002  8.00000e+001 -3.15180e+001  1.12586e+001  3.31667e+002
            81  3.54780e+002  8.10000e+001 -3.17405e+001  1.12596e+001  3.32500e+002
            82  3.55600e+002  8.20000e+001 -3.19659e+001  1.12606e+001  3.33333e+002
            83  3.56418e+002  8.30000e+001 -3.21926e+001  1.12615e+001  3.34167e+002
            84  3.57239e+002  8.40000e+001 -3.24189e+001  1.12625e+001  3.35000e+002
            85  3.58053e+002  8.50000e+001 -3.26442e+001  1.12635e+001  3.35833e+002
            86  3.58868e+002  8.60000e+001 -3.28711e+001  1.12644e+001  3.36667e+002
            87  3.59679e+002  8.70000e+001 -3.30979e+001  1.12654e+001  3.37500e+002
            88  3.60501e+002  8.80000e+001 -3.33237e+001  1.12663e+001  3.38333e+002
            89  3.61315e+002  8.90000e+001 -3.35483e+001  1.12673e+001  3.39167e+002
            90  3.62136e+002  9.00000e+001 -3.37692e+001  1.12682e+001  3.40000e+002
            91  3.62955e+002  9.10000e+001 -3.39899e+001  1.12691e+001  3.40833e+002
            92  3.63771e+002  9.20000e+001 -3.42089e+001  1.12700e+001  3.41667e+002
            93  3.64594e+002  9.30000e+001 -3.44273e+001  1.12709e+001  3.42500e+002
            94  3.65411e+002  9.40000e+001 -3.46441e+001  1.12718e+001  3.43333e+002
            95  3.66224e+002  9.50000e+001 -3.48607e+001  1.12727e+001  3.44167e+002
            96  3.67042e+002  9.60000e+001 -3.50767e+001  1.12736e+001  3.45000e+002
            97  3.67862e+002  9.70000e+001 -3.52924e+001  1.12744e+001  3.45833e+002
            98  3.68678e+002  9.80000e+001 -3.54977e+001  1.12752e+001  3.46667e+002
            99  3.69501e+002  9.90000e+001 -3.57089e+001  1.12760e+001  3.47500e+002
           100  3.70320e+002  1.00000e+002 -3.59217e+001  1.12768e+001  3.48333e+002
           101  3.71140e+002  1.01000e+002 -3.61357e+001  1.12775e+001  3.49167e+002
           102  3.71960e+002  1.02000e+002 -3.63463e+001  1.12782e+001  3.50000e+002
           103  3.72778e+002  1.03000e+002 -3.65598e+001  1.12790e+001  3.50833e+002
           104  3.73600e+002  1.04000e+002 -3.67745e+001  1.12797e+001  3.51667e+002
           105  3.74410e+002  1.05000e+002 -3.69900e+001  1.12804e+001  3.52500e+002
           106  3.75226e+002  1.06000e+002 -3.72071e+001  1.12811e+001  3.53333e+002
           107  3.76047e+002  1.07000e+002 -3.74221e+001  1.12819e+001  3.54167e+002
           108  3.76868e+002  1.08000e+002 -3.76368e+001  1.12826e+001  3.55000e+002
           109  3.77687e+002  1.09000e+002 -3.78521e+001  1.12833e+001  3.55833e+002
           110  3.78518e+002  1.10000e+002 -3.80707e+001  1.12841e+001  3.56667e+002
           111  3.79341e+002  1.11000e+002 -3.82850e+001  1.12848e+001  3.57500e+002
           112  3.80154e+002  1.12000e+002 -3.84987e+001  1.12855e+001  3.58333e+002
           113  3.80976e+002  1.13000e+002 -3.87127e+001  1.12862e+001  3.59167e+002
           114  3.81800e+002  1.14000e+002 -3.89257e+001  1.12869e+001  3.60000e+002
           115  3.82624e+002  1.15000e+002 -3.91390e+001  1.12875e+001  3.60833e+002
           116  3.83444e+002  1.16000e+002 -3.93525e+001  1.12882e+001  3.61667e+002
           117  3.84264e+002  1.17000e+002 -3.95673e+001  1.12888e+001  3.62500e+002
           118  3.85083e+002  1.18000e+002 -3.97772e+001  1.12894e+001  3.63333e+002
           119  3.85907e+002  1.19000e+002 -3.99894e+001  1.12900e+001  3.64167e+002
           120  3.86728e+002  1.20000e+002 -4.02023e+001  1.12906e+001  3.65000e+002
           121  3.87555e+002  1.21000e+002 -4.04161e+001  1.12912e+001  3.65833e+002
           122  3.88377e+002  1.22000e+002 -4.06286e+001  1.12918e+001  3.66667e+002
           123  3.89199e+002  1.23000e+002 -4.08409e+001  1.12924e+001  3.67500e+002
           124  3.90013e+002  1.24000e+002 -4.10546e+001  1.12931e+001  3.68333e+002
           125  3.90835e+002  1.25000e+002 -4.12693e+001  1.12937e+001  3.69167e+002
           126  3.91662e+002  1.26000e+002 -4.14834e+001  1.12944e+001  3.70000e+002
           127  3.92482e+002  1.27000e+002 -4.16967e+001  1.12951e+001  3.70833e+002
           128  3.93304e+002  1.28000e+002 -4.19104e+001  1.12958e+001  3.71667e+002
           129  3.94128e+002  1.29000e+002 -4.21251e+001  1.12964e+001  3.72500e+002
           130  3.94953e+002  1.30000e+002 -4.23432e+001  1.12971e+001  3.73333e+002
           131  3.95784e+002  1.31000e+002 -4.25607e+001  1.12978e+001  3.74167e+002
           132  3.96612e+002  1.32000e+002 -4.27789e+001  1.12985e+001  3.75000e+002
           133  3.97432e+002  1.33000e+002 -4.29982e+001  1.12992e+001  3.75833e+002
           134  3.98253e+002  1.34000e+002 -4.32204e+001  1.12998e+001  3.76667e+002
           135  3.99075e+002  1.35000e+002 -4.34410e+001  1.13004e+001  3.77500e+002
           136  3.99904e+002  1.36000e+002 -4.36614e+001  1.13010e+001  3.78333e+002
           137  4.00732e+002  1.37000e+002 -4.38831e+001  1.13016e+001  3.79167e+002
           138  4.01553e+002  1.38000e+002 -4.41108e+001  1.13021e+001  3.80000e+002
           139  4.02379e+002  1.39000e+002 -4.43343e+001  1.13026e+001  3.80833e+002
           140  4.03209e+002  1.40000e+002 -4.45569e+001  1.13032e+001  3.81667e+002
           141  4.04029e+002  1.41000e+002 -4.47791e+001  1.13037e+001  3.82500e+002
           142  4.04858e+002  1.42000e+002 -4.50035e+001  1.13041e+001  3.83333e+002
           143  4.05685e+002  1.43000e+002 -4.52251e+001  1.13045e+001  3.84167e+002
           144  4.06506e+002  1.44000e+002 -4.54451e+001  1.13050e+001  3.85000e+002
           145  4.07331e+002  1.45000e+002 -4.56660e+001  1.13054e+001  3.85833e+002
           146  4.08155e+002  1.46000e+002 -4.58868e+001  1.13058e+001  3.86667e+002
           147  4.08982e+002  1.47000e+002 -4.61066e+001  1.13062e+001  3.87500e+002
           148  4.09807e+002  1.48000e+002 -4.63259e+001  1.13067e+001  3.88333e+002
           149  4.10630e+002  1.49000e+002 -4.65459e+001  1.13071e+001  3.89167e+002
           150  4.11466e+002  1.50000e+002 -4.67599e+001  1.13075e+001  3.90000e+002
           151  4.12295e+002  1.51000e+002 -4.69765e+001  1.13080e+001  3.90833e+002
           152  4.13120e+002  1.52000e+002 -4.71949e+001  1.13084e+001  3.91667e+002
           153  4.13948e+002  1.53000e+002 -4.74140e+001  1.13089e+001  3.92500e+002
           154  4.14773e+002  1.54000e+002 -4.76377e+001  1.13094e+001  3.93333e+002
           155  4.15596e+002  1.55000e+002 -4.78579e+001  1.13099e+001  3.94167e+002
           156  4.16428e+002  1.56000e+002 -4.80772e+001  1.13104e+001  3.95000e+002
           157  4.17256e+002  1.57000e+002 -4.82964e+001  1.13108e+001  3.95833e+002
           158  4.18084e+002  1.58000e+002 -4.85185e+001  1.13113e+001  3.96667e+002
           159  4.18910e+002  1.59000e+002 -4.87396e+001  1.13118e+001  3.97500e+002
           160  4.19741e+002  1.60000e+002 -4.89603e+001  1.13122e+001  3.98333e+002
           161  4.20569e+002  1.61000e+002 -4.91809e+001  1.13127e+001  3.99167e+002
           162  4.21403e+002  1.62000e+002 -4.94715e+001  1.13131e+001  4.00000e+002
           163  4.22216e+002  1.63000e+002 -4.98676e+001  1.13136e+001  4.00833e+002
           164  4.23040e+002  1.64000e+002 -5.04687e+001  1.13140e+001  4.01667e+002
           165  4.23857e+002  1.65000e+002 -5.13173e+001  1.13144e+001  4.02500e+002
           166  4.24661e+002  1.66000e+002 -5.27805e+001  1.13149e+001  4.03333e+002
           167  4.25471e+002  1.67000e+002 -5.45096e+001  1.13153e+001  4.04167e+002
           168  4.26277e+002  1.68000e+002 -5.65321e+001  1.13157e+001  4.05000e+002
           169  4.27068e+002  1.69000e+002 -5.87598e+001  1.13161e+001  4.05833e+002
           170  4.27864e+002  1.70000e+002 -6.14901e+001  1.13166e+001  4.06667e+002
           171  4.28644e+002  1.71000e+002 -6.43430e+001  1.13170e+001  4.07500e+002
           172  4.29430e+002  1.72000e+002 -6.73665e+001  1.13174e+001  4.08333e+002
           173  4.30205e+002  1.73000e+002 -7.05081e+001  1.13177e+001  4.09167e+002
           174  4.30977e+002  1.74000e+002 -7.39312e+001  1.13181e+001  4.10000e+002
           175  4.31748e+002  1.75000e+002 -7.74389e+001  1.13184e+001  4.10833e+002
           176  4.32517e+002  1.76000e+002 -8.10168e+001  1.13188e+001  4.11667e+002
           177  4.33282e+002  1.77000e+002 -8.46192e+001  1.13191e+001  4.12500e+002
           178  4.34066e+002  1.78000e+002 -8.71791e+001  1.13195e+001  4.13333e+002
           179  4.34860e+002  1.79000e+002 -8.89682e+001  1.13198e+001  4.14167e+002
           180  4.35664e+002  1.80000e+002 -9.02725e+001  1.13202e+001  4.15000e+002
           181  4.36472e+002  1.81000e+002 -9.12935e+001  1.13205e+001  4.15833e+002
           182  4.37288e+002  1.82000e+002 -9.19893e+001  1.13208e+001  4.16667e+002
           183  4.38118e+002  1.83000e+002 -9.15110e+001  1.13212e+001  4.17500e+002
           184  4.38961e+002  1.84000e+002 -9.06388e+001  1.13215e+001  4.18333e+002
           185  4.39800e+002  1.85000e+002 -8.95873e+001  1.13218e+001  4.19167e+002
           186  4.40655e+002  1.86000e+002 -8.84442e+001  1.13221e+001  4.20000e+002
           187  4.41498e+002  1.87000e+002 -8.72025e+001  1.13224e+001  4.20833e+002
           188  4.42345e+002  1.88000e+002 -8.59938e+001  1.13227e+001  4.21667e+002
           189  4.43194e+002  1.89000e+002 -8.48086e+001  1.13230e+001  4.22500e+002
           190  4.44043e+002  1.90000e+002 -8.36254e+001  1.13233e+001  4.23333e+002
           191  4.44892e+002  1.91000e+002 -8.24452e+001  1.13236e+001  4.24167e+002
           192  4.45742e+002  1.92000e+002 -8.12616e+001  1.13239e+001  4.25000e+002
           193  4.46584e+002  1.93000e+002 -8.01105e+001  1.13242e+001  4.25833e+002
           194  4.47432e+002  1.94000e+002 -7.90230e+001  1.13245e+001  4.26667e+002
           195  4.48287e+002  1.95000e+002 -7.79654e+001  1.13248e+001  4.27500e+002
           196  4.49134e+002  1.96000e+002 -7.69411e+001  1.13251e+001  4.28333e+002
           197  4.49976e+002  1.97000e+002 -7.59656e+001  1.13254e+001  4.29167e+002
           198  4.50828e+002  1.98000e+002 -7.50297e+001  1.13257e+001  4.30000e+002
           199  4.51678e+002  1.99000e+002 -7.41858e+001  1.13260e+001  4.30833e+002
           200  4.52522e+002  2.00000e+002 -7.33549e+001  1.13263e+001  4.31667e+002
           201  4.53367e+002  2.01000e+002 -7.25614e+001  1.13266e+001  4.32500e+002
           202  4.54215e+002  2.02000e+002 -7.18017e+001  1.13269e+001  4.33333e+002
           203  4.55061e+002  2.03000e+002 -7.11241e+001  1.13271e+001  4.34167e+002
           204  4.55906e+002  2.04000e+002 -7.04676e+001  1.13274e+001  4.35000e+002
           205  4.56756e+002  2.05000e+002 -6.98631e+001  1.13277e+001  4.35833e+002
           206  4.57604e+002  2.06000e+002 -6.93076e+001  1.13280e+001  4.36667e+002
           207  4.58445e+002  2.07000e+002 -6.87973e+001  1.13283e+001  4.37500e+002
           208  4.59292e+002  2.08000e+002 -6.82902e+001  1.13286e+001  4.38333e+002
           209  4.60134e+002  2.09000e+002 -6.78369e+001  1.13288e+001  4.39167e+002
           210  4.60967e+002  2.10000e+002 -6.73916e+001  1.13290e+001  4.40000e+002
           211  4.61808e+002  2.11000e+002 -6.70199e+001  1.13292e+001  4.40833e+002
           212  4.62653e+002  2.12000e+002 -6.66480e+001  1.13294e+001  4.41667e+002
           213  4.63497e+002  2.13000e+002 -6.62960e+001  1.13296e+001  4.42500e+002
           214  4.64342e+002  2.14000e+002 -6.59615e+001  1.13298e+001  4.43333e+002
           215  4.65177e+002  2.15000e+002 -6.56932e+001  1.13299e+001  4.44167e+002
           216  4.66024e+002  2.16000e+002 -6.54217e+001  1.13300e+001  4.45000e+002
           217  4.66860e+002  2.17000e+002 -6.51752e+001  1.13302e+001  4.45833e+002
           218  4.67702e+002  2.18000e+002 -6.49591e+001  1.13303e+001  4.46667e+002
           219  4.68543e+002  2.19000e+002 -6.47752e+001  1.13305e+001  4.47500e+002
           220  4.69378e+002  2.20000e+002 -6.45867e+001  1.13307e+001  4.48333e+002
           221  4.70217e+002  2.21000e+002 -6.44081e+001  1.13308e+001  4.49167e+002
           222  4.71058e+002  2.22000e+002 -6.42385e+001  1.13310e+001  4.50000e+002
           223  4.71893e+002  2.23000e+002 -6.41338e+001  1.13312e+001  4.50833e+002
           224  4.72727e+002  2.24000e+002 -6.40030e+001  1.13314e+001  4.51667e+002
           225  4.73570e+002  2.25000e+002 -6.38729e+001  1.13316e+001  4.52500e+002
           226  4.74407e+002  2.26000e+002 -6.37689e+001  1.13318e+001  4.53333e+002
           227  4.75242e+002  2.27000e+002 -6.36930e+001  1.13319e+001  4.54167e+002
           228  4.76083e+002  2.28000e+002 -6.36102e+001  1.13321e+001  4.55000e+002
           229  4.76924e+002  2.29000e+002 -6.35310e+001  1.13323e+001  4.55833e+002
           230  4.77758e+002  2.30000e+002 -6.34587e+001  1.13325e+001  4.56667e+002
           231  4.78602e+002  2.31000e+002 -6.34356e+001  1.13328e+001  4.57500e+002
           232  4.79438e+002  2.32000e+002 -6.33932e+001  1.13330e+001  4.58333e+002
           233  4.80279e+002  2.33000e+002 -6.33549e+001  1.13332e+001  4.59167e+002
           234  4.81107e+002  2.34000e+002 -6.33286e+001  1.13335e+001  4.60000e+002
           235  4.81943e+002  2.35000e+002 -6.33273e+001  1.13337e+001  4.60833e+002
           236  4.82782e+002  2.36000e+002 -6.33094e+001  1.13340e+001  4.61667e+002
           237  4.83618e+002  2.37000e+002 -6.32927e+001  1.13342e+001  4.62500e+002
           238  4.84458e+002  2.38000e+002 -6.32788e+001  1.13344e+001  4.63333e+002
           239  4.85291e+002  2.39000e+002 -6.32879e+001  1.13346e+001  4.64167e+002
           240  4.86130e+002  2.40000e+002 -6.32871e+001  1.13348e+001  4.65000e+002
           241  4.86960e+002  2.41000e+002 -6.32795e+001  1.13350e+001  4.65833e+002
           242  4.87792e+002  2.42000e+002 -6.32719e+001  1.13352e+001  4.66667e+002
           243  4.88626e+002  2.43000e+002 -6.33358e+001  1.13354e+001  4.67500e+002
           244  4.89460e+002  2.44000e+002 -6.33646e+001  1.13355e+001  4.68333e+002
           245  4.90296e+002  2.45000e+002 -6.33875e+001  1.13357e+001  4.69167e+002
           246  4.91132e+002  2.46000e+002 -6.34109e+001  1.13358e+001  4.70000e+002
           247  4.91966e+002  2.47000e+002 -6.34535e+001  1.13358e+001  4.70833e+002
           248  4.92795e+002  2.48000e+002 -6.34883e+001  1.13359e+001  4.71667e+002
           249  4.93633e+002  2.49000e+002 -6.35225e+001  1.13360e+001  4.72500e+002
           250  4.94467e+002  2.50000e+002 -6.35582e+001  1.13360e+001  4.73333e+002
           251  4.95300e+002  2.51000e+002 -6.36085e+001  1.13361e+001  4.74167e+002
           252  4.96129e+002  2.52000e+002 -6.36535e+001  1.13361e+001  4.75000e+002
           253  4.96961e+002  2.53000e+002 -6.36975e+001  1.13361e+001  4.75833e+002
           254  4.97797e+002  2.54000e+002 -6.37428e+001  1.13362e+001  4.76667e+002
           255  4.98629e+002  2.55000e+002 -6.37990e+001  1.13363e+001  4.77500e+002
           256  4.99465e+002  2.56000e+002 -6.38487e+001  1.13363e+001  4.78333e+002
           257  5.00295e+002  2.57000e+002 -6.38978e+001  1.13364e+001  4.79167e+002
           258  5.01130e+002  2.58000e+002 -6.39478e+001  1.13365e+001  4.80000e+002
           259  5.01957e+002  2.59000e+002 -6.40058e+001  1.13365e+001  4.80833e+002
           260  5.02797e+002  2.60000e+002 -6.40589e+001  1.13366e+001  4.81667e+002
           261  5.03626e+002  2.61000e+002 -6.41109e+001  1.13367e+001  4.82500e+002
           262  5.04454e+002  2.62000e+002 -6.41632e+001  1.13367e+001  4.83333e+002
           263  5.05284e+002  2.63000e+002 -6.42188e+001  1.13368e+001  4.84167e+002
           264  5.06119e+002  2.64000e+002 -6.42716e+001  1.13369e+001  4.85000e+002
           265  5.06954e+002  2.65000e+002 -6.43235e+001  1.13369e+001  4.85833e+002
           266  5.07782e+002  2.66000e+002 -6.43758e+001  1.13370e+001  4.86667e+002
           267  5.08611e+002  2.67000e+002 -6.44283e+001  1.13371e+001  4.87500e+002
           268  5.09448e+002  2.68000e+002 -6.44817e+001  1.13373e+001  4.88333e+002
           269  5.10276e+002  2.69000e+002 -6.45350e+001  1.13374e+001  4.89167e+002
           270  5.11107e+002  2.70000e+002 -6.45880e+001  1.13375e+001  4.90000e+002
           271  5.11941e+002  2.71000e+002 -6.46392e+001  1.13377e+001  4.90833e+002
           272  5.12776e+002  2.72000e+002 -6.46927e+001  1.13378e+001  4.91667e+002
           273  5.13602e+002  2.73000e+002 -6.47473e+001  1.13380e+001  4.92500e+002
           274  5.14434e+002  2.74000e+002 -6.48017e+001  1.13381e+001  4.93333e+002
           275  5.15266e+002  2.75000e+002 -6.48560e+001  1.13382e+001  4.94167e+002
           276  5.16092e+002  2.76000e+002 -6.49112e+001  1.13384e+001  4.95000e+002
           277  5.16922e+002  2.77000e+002 -6.49650e+001  1.13385e+001  4.95833e+002
           278  5.17755e+002  2.78000e+002 -6.50183e+001  1.13386e+001  4.96667e+002
           279  5.18588e+002  2.79000e+002 -6.50729e+001  1.13388e+001  4.97500e+002
           280  5.19415e+002  2.80000e+002 -6.51280e+001  1.13389e+001  4.98333e+002
           281  5.20247e+002  2.81000e+002 -6.51833e+001  1.13390e+001  4.99167e+002
           282  5.21072e+002  2.82000e+002 -6.52381e+001  1.13391e+001  5.00000e+002
           283  5.21898e+002  2.83000e+002 -6.52905e+001  1.13393e+001  5.00833e+002
           284  5.22730e+002  2.84000e+002 -6.53412e+001  1.13394e+001  5.01667e+002
           285  5.23564e+002  2.85000e+002 -6.53928e+001  1.13395e+001  5.02500e+002
           286  5.24388e+002  2.86000e+002 -6.54448e+001  1.13396e+001  5.03333e+002
           287  5.25221e+002  2.87000e+002 -6.54967e+001  1.13397e+001  5.04167e+002
           288  5.26046e+002  2.88000e+002 -6.55476e+001  1.13397e+001  5.05000e+002
           289  5.26873e+002  2.89000e+002 -6.55976e+001  1.13398e+001  5.05833e+002
           290  5.27703e+002  2.90000e+002 -6.56461e+001  1.13398e+001  5.06667e+002
           291  5.28526e+002  2.91000e+002 -6.56937e+001  1.13399e+001  5.07500e+002
           292  5.29356e+002  2.92000e+002 -6.57330e+001  1.13399e+001  5.08333e+002
           293  5.30181e+002  2.93000e+002 -6.57761e+001  1.13399e+001  5.09167e+002
           294  5.31006e+002  2.94000e+002 -6.58197e+001  1.13400e+001  5.10000e+002
           295  5.31840e+002  2.95000e+002 -6.58628e+001  1.13400e+001  5.10833e+002
           296  5.32671e+002  2.96000e+002 -6.59007e+001  1.13400e+001  5.11667e+002
           297  5.33494e+002  2.97000e+002 -6.59379e+001  1.13401e+001  5.12500e+002
           298  5.34320e+002  2.98000e+002 -6.59748e+001  1.13401e+001  5.13333e+002
           299  5.35150e+002  2.99000e+002 -6.60118e+001  1.13402e+001  5.14167e+002
           300  5.35978e+002  3.00000e+002 -6.60389e+001  1.13402e+001  5.15000e+002
           301  5.36804e+002  3.01000e+002 -6.60702e+001  1.13402e+001  5.15833e+002
           302  5.37631e+002  3.02000e+002 -6.61007e+001  1.13403e+001  5.16667e+002
           303  5.38456e+002  3.03000e+002 -6.61300e+001  1.13403e+001  5.17500e+002
           304  5.39287e+002  3.04000e+002 -6.61502e+001  1.13404e+001  5.18333e+002
           305  5.40114e+002  3.05000e+002 -6.61740e+001  1.13405e+001  5.19167e+002
           306  5.40938e+002  3.06000e+002 -6.61979e+001  1.13405e+001  5.20000e+002
           307  5.41770e+002  3.07000e+002 -6.62207e+001  1.13406e+001  5.20833e+002
           308  5.42595e+002  3.08000e+002 -6.62370e+001  1.13407e+001  5.21667e+002
           309  5.43418e+002  3.09000e+002 -6.62572e+001  1.13408e+001  5.22500e+002
           310  5.44249e+002  3.10000e+002 -6.62768e+001  1.13408e+001  5.23333e+002
           311  5.45073e+002  3.11000e+002 -6.62960e+001  1.13409e+001  5.24167e+002
           312  5.45900e+002  3.12000e+002 -6.63060e+001  1.13410e+001  5.25000e+002
           313  5.46722e+002  3.13000e+002 -6.63203e+001  1.13411e+001  5.25833e+002
           314  5.47555e+002  3.14000e+002 -6.63355e+001  1.13412e+001  5.26667e+002
           315  5.48377e+002  3.15000e+002 -6.63512e+001  1.13413e+001  5.27500e+002
           316  5.49205e+002  3.16000e+002 -6.63608e+001  1.13414e+001  5.28333e+002
           317  5.50025e+002  3.17000e+002 -6.63730e+001  1.13415e+001  5.29167e+002
           318  5.50847e+002  3.18000e+002 -6.63858e+001  1.13415e+001  5.30000e+002
           319  5.51677e+002  3.19000e+002 -6.63992e+001  1.13416e+001  5.30833e+002
           320  5.52504e+002  3.20000e+002 -6.64091e+001  1.13416e+001  5.31667e+002
           321  5.53334e+002  3.21000e+002 -6.64203e+001  1.13417e+001  5.32500e+002
           322  5.54153e+002  3.22000e+002 -6.64308e+001  1.13417e+001  5.33333e+002
           323  5.54977e+002  3.23000e+002 -6.64412e+001  1.13417e+001  5.34167e+002
           324  5.55804e+002  3.24000e+002 -6.64480e+001  1.13418e+001  5.35000e+002
           325  5.56631e+002  3.25000e+002 -6.64552e+001  1.13418e+001  5.35833e+002
           326  5.57460e+002  3.26000e+002 -6.64614e+001  1.13418e+001  5.36667e+002
           327  5.58284e+002  3.27000e+002 -6.64665e+001  1.13417e+001  5.37500e+002
           328  5.59102e+002  3.28000e+002 -6.64698e+001  1.13417e+001  5.38333e+002
           329  5.59933e+002  3.29000e+002 -6.64734e+001  1.13416e+001  5.39167e+002
           330  5.60759e+002  3.30000e+002 -6.64760e+001  1.13415e+001  5.40000e+002
           331  5.61583e+002  3.31000e+002 -6.64779e+001  1.13415e+001  5.40833e+002
           332  5.62404e+002  3.32000e+002 -6.64722e+001  1.13414e+001  5.41667e+002
           333  5.63232e+002  3.33000e+002 -6.64694e+001  1.13413e+001  5.42500e+002
           334  5.64047e+002  3.34000e+002 -6.64670e+001  1.13413e+001  5.43333e+002
           335  5.64878e+002  3.35000e+002 -6.64641e+001  1.13413e+001  5.44167e+002
           336  5.65701e+002  3.36000e+002 -6.64556e+001  1.13414e+001  5.45000e+002
           337  5.66519e+002  3.37000e+002 -6.64490e+001  1.13414e+001  5.45833e+002
           338  5.67344e+002  3.38000e+002 -6.64424e+001  1.13415e+001  5.46667e+002
           339  5.68166e+002  3.39000e+002 -6.64345e+001  1.13416e+001  5.47500e+002
           340  5.68987e+002  3.40000e+002 -6.64213e+001  1.13417e+001  5.48333e+002
           341  5.69810e+002  3.41000e+002 -6.64106e+001  1.13418e+001  5.49167e+002
           342  5.70644e+002  3.42000e+002 -6.63993e+001  1.13418e+001  5.50000e+002
           343  5.71464e+002  3.43000e+002 -6.63873e+001  1.13419e+001  5.50833e+002
           344  5.72283e+002  3.44000e+002 -6.63754e+001  1.13420e+001  5.51667e+002
           345  5.73104e+002  3.45000e+002 -6.63647e+001  1.13420e+001  5.52500e+002
           346  5.73933e+002  3.46000e+002 -6.63541e+001  1.13421e+001  5.53333e+002
           347  5.74755e+002  3.47000e+002 -6.63430e+001  1.13421e+001  5.54167e+002
           348  5.75582e+002  3.48000e+002 -6.63318e+001  1.13422e+001  5.55000e+002
           349  5.76402e+002  3.49000e+002 -6.63172e+001  1.13422e+001  5.55833e+002
           350  5.77226e+002  3.50000e+002 -6.63044e+001  1.13423e+001  5.56667e+002
           351  5.78039e+002  3.51000e+002 -6.62934e+001  1.13423e+001  5.57500e+002
           352  5.78862e+002  3.52000e+002 -6.62856e+001  1.13424e+001  5.58333e+002
           353  5.79687e+002  3.53000e+002 -6.63224e+001  1.13424e+001  5.59167e+002
]1[Zn RR Ar 50 ml/min total calib
