         Index            Ts             t            HF        Weight            Tr
           [#]          [°C]           [s]          [mW]          [mg]          [°C]
             0  2.91445e+002  0.00000e+000 -4.37819e+001  1.13022e+001  2.65000e+002
             1  2.91277e+002  1.00000e+000 -4.42053e+001  1.13019e+001  2.65333e+002
             2  2.91205e+002  2.00000e+000 -4.38871e+001  1.13016e+001  2.65667e+002
             3  2.91176e+002  3.00000e+000 -4.35923e+001  1.13012e+001  2.66000e+002
             4  2.91207e+002  4.00000e+000 -4.34684e+001  1.13007e+001  2.66333e+002
             5  2.91269e+002  5.00000e+000 -4.34128e+001  1.13002e+001  2.66667e+002
             6  2.91387e+002  6.00000e+000 -4.34697e+001  1.12999e+001  2.67000e+002
             7  2.91545e+002  7.00000e+000 -4.36050e+001  1.12996e+001  2.67333e+002
             8  2.91737e+002  8.00000e+000 -4.37271e+001  1.12995e+001  2.67667e+002
             9  2.91943e+002  9.00000e+000 -4.38329e+001  1.12996e+001  2.68000e+002
            10  2.92175e+002  1.00000e+001 -4.39385e+001  1.12999e+001  2.68333e+002
            11  2.92427e+002  1.10000e+001 -4.40419e+001  1.13002e+001  2.68667e+002
            12  2.92691e+002  1.20000e+001 -4.41298e+001  1.13012e+001  2.69000e+002
            13  2.92969e+002  1.30000e+001 -4.42124e+001  1.13018e+001  2.69333e+002
            14  2.93258e+002  1.40000e+001 -4.42948e+001  1.13024e+001  2.69667e+002
            15  2.93546e+002  1.50000e+001 -4.43803e+001  1.13029e+001  2.70000e+002
            16  2.93841e+002  1.60000e+001 -4.44611e+001  1.13034e+001  2.70333e+002
            17  2.94148e+002  1.70000e+001 -4.45469e+001  1.13038e+001  2.70667e+002
            18  2.94453e+002  1.80000e+001 -4.46378e+001  1.13041e+001  2.71000e+002
            19  2.94759e+002  1.90000e+001 -4.47137e+001  1.13042e+001  2.71333e+002
            20  2.95064e+002  2.00000e+001 -4.47849e+001  1.13042e+001  2.71667e+002
            21  2.95374e+002  2.10000e+001 -4.48074e+001  1.13040e+001  2.72000e+002
            22  2.95689e+002  2.20000e+001 -4.48631e+001  1.13038e+001  2.72333e+002
            23  2.95998e+002  2.30000e+001 -4.49142e+001  1.13037e+001  2.72667e+002
            24  2.96302e+002  2.40000e+001 -4.49578e+001  1.13035e+001  2.73000e+002
            25  2.96618e+002  2.50000e+001 -4.49913e+001  1.13032e+001  2.73333e+002
            26  2.96920e+002  2.60000e+001 -4.50319e+001  1.13030e+001  2.73667e+002
            27  2.97223e+002  2.70000e+001 -4.50715e+001  1.13029e+001  2.74000e+002
            28  2.97527e+002  2.80000e+001 -4.51103e+001  1.13027e+001  2.74333e+002
            29  2.97836e+002  2.90000e+001 -4.51308e+001  1.13027e+001  2.74667e+002
            30  2.98133e+002  3.00000e+001 -4.51585e+001  1.13026e+001  2.75000e+002
            31  2.98432e+002  3.10000e+001 -4.51882e+001  1.13026e+001  2.75333e+002
            32  2.98733e+002  3.20000e+001 -4.52188e+001  1.13025e+001  2.75667e+002
            33  2.99028e+002  3.30000e+001 -4.52385e+001  1.13025e+001  2.76000e+002
            34  2.99332e+002  3.40000e+001 -4.52627e+001  1.13025e+001  2.76333e+002
            35  2.99626e+002  3.50000e+001 -4.52865e+001  1.13024e+001  2.76667e+002
            36  2.99923e+002  3.60000e+001 -4.53078e+001  1.13024e+001  2.77000e+002
            37  3.00216e+002  3.70000e+001 -4.53242e+001  1.13024e+001  2.77333e+002
            38  3.00504e+002  3.80000e+001 -4.53420e+001  1.13024e+001  2.77667e+002
            39  3.00795e+002  3.90000e+001 -4.53584e+001  1.13024e+001  2.78000e+002
            40  3.01087e+002  4.00000e+001 -4.53758e+001  1.13024e+001  2.78333e+002
            41  3.01370e+002  4.10000e+001 -4.53888e+001  1.13025e+001  2.78667e+002
            42  3.01659e+002  4.20000e+001 -4.54024e+001  1.13025e+001  2.79000e+002
            43  3.01947e+002  4.30000e+001 -4.54157e+001  1.13026e+001  2.79333e+002
            44  3.02230e+002  4.40000e+001 -4.54284e+001  1.13026e+001  2.79667e+002
            45  3.02517e+002  4.50000e+001 -4.54320e+001  1.13026e+001  2.80000e+002
            46  3.02803e+002  4.60000e+001 -4.54415e+001  1.13026e+001  2.80333e+002
            47  3.03089e+002  4.70000e+001 -4.54511e+001  1.13026e+001  2.80667e+002
            48  3.03379e+002  4.80000e+001 -4.54593e+001  1.13026e+001  2.81000e+002
            49  3.03656e+002  4.90000e+001 -4.54665e+001  1.13026e+001  2.81333e+002
            50  3.03935e+002  5.00000e+001 -4.54735e+001  1.13026e+001  2.81667e+002
            51  3.04221e+002  5.10000e+001 -4.54800e+001  1.13026e+001  2.82000e+002
            52  3.04501e+002  5.20000e+001 -4.54865e+001  1.13027e+001  2.82333e+002
            53  3.04787e+002  5.30000e+001 -4.54885e+001  1.13027e+001  2.82667e+002
            54  3.05072e+002  5.40000e+001 -4.54920e+001  1.13027e+001  2.83000e+002
            55  3.05350e+002  5.50000e+001 -4.54961e+001  1.13027e+001  2.83333e+002
            56  3.05629e+002  5.60000e+001 -4.55001e+001  1.13028e+001  2.83667e+002
            57  3.05909e+002  5.70000e+001 -4.54990e+001  1.13028e+001  2.84000e+002
            58  3.06190e+002  5.80000e+001 -4.55012e+001  1.13028e+001  2.84333e+002
            59  3.06471e+002  5.90000e+001 -4.55029e+001  1.13028e+001  2.84667e+002
            60  3.06754e+002  6.00000e+001 -4.55044e+001  1.13028e+001  2.85000e+002
            61  3.07032e+002  6.10000e+001 -4.55062e+001  1.13028e+001  2.85333e+002
            62  3.07311e+002  6.20000e+001 -4.55082e+001  1.13028e+001  2.85667e+002
            63  3.07599e+002  6.30000e+001 -4.55098e+001  1.13028e+001  2.86000e+002
            64  3.07881e+002  6.40000e+001 -4.55106e+001  1.13028e+001  2.86333e+002
            65  3.08161e+002  6.50000e+001 -4.55098e+001  1.13028e+001  2.86667e+002
            66  3.08440e+002  6.60000e+001 -4.55102e+001  1.13028e+001  2.87000e+002
            67  3.08728e+002  6.70000e+001 -4.55114e+001  1.13028e+001  2.87333e+002
            68  3.09010e+002  6.80000e+001 -4.55131e+001  1.13028e+001  2.87667e+002
            69  3.09291e+002  6.90000e+001 -4.55156e+001  1.13029e+001  2.88000e+002
            70  3.09579e+002  7.00000e+001 -4.55166e+001  1.13029e+001  2.88333e+002
            71  3.09855e+002  7.10000e+001 -4.55171e+001  1.13029e+001  2.88667e+002
            72  3.10132e+002  7.20000e+001 -4.55177e+001  1.13029e+001  2.89000e+002
            73  3.10423e+002  7.30000e+001 -4.55172e+001  1.13028e+001  2.89333e+002
            74  3.10709e+002  7.40000e+001 -4.55169e+001  1.13028e+001  2.89667e+002
            75  3.10995e+002  7.50000e+001 -4.55165e+001  1.13027e+001  2.90000e+002
            76  3.11285e+002  7.60000e+001 -4.55162e+001  1.13027e+001  2.90333e+002
            77  3.11571e+002  7.70000e+001 -4.55189e+001  1.13026e+001  2.90667e+002
            78  3.11852e+002  7.80000e+001 -4.55214e+001  1.13025e+001  2.91000e+002
            79  3.12133e+002  7.90000e+001 -4.55224e+001  1.13024e+001  2.91333e+002
            80  3.12423e+002  8.00000e+001 -4.55225e+001  1.13024e+001  2.91667e+002
            81  3.12712e+002  8.10000e+001 -4.55220e+001  1.13024e+001  2.92000e+002
            82  3.12995e+002  8.20000e+001 -4.55222e+001  1.13024e+001  2.92333e+002
            83  3.13290e+002  8.30000e+001 -4.55228e+001  1.13024e+001  2.92667e+002
            84  3.13580e+002  8.40000e+001 -4.55228e+001  1.13024e+001  2.93000e+002
            85  3.13863e+002  8.50000e+001 -4.55236e+001  1.13024e+001  2.93333e+002
            86  3.14153e+002  8.60000e+001 -4.55230e+001  1.13024e+001  2.93667e+002
            87  3.14441e+002  8.70000e+001 -4.55215e+001  1.13024e+001  2.94000e+002
            88  3.14736e+002  8.80000e+001 -4.55202e+001  1.13024e+001  2.94333e+002
            89  3.15024e+002  8.90000e+001 -4.55160e+001  1.13025e+001  2.94667e+002
            90  3.15318e+002  9.00000e+001 -4.55134e+001  1.13025e+001  2.95000e+002
            91  3.15607e+002  9.10000e+001 -4.55104e+001  1.13025e+001  2.95333e+002
            92  3.15893e+002  9.20000e+001 -4.55071e+001  1.13025e+001  2.95667e+002
            93  3.16191e+002  9.30000e+001 -4.55031e+001  1.13025e+001  2.96000e+002
            94  3.16477e+002  9.40000e+001 -4.54999e+001  1.13025e+001  2.96333e+002
            95  3.16775e+002  9.50000e+001 -4.54968e+001  1.13025e+001  2.96667e+002
            96  3.17070e+002  9.60000e+001 -4.54939e+001  1.13025e+001  2.97000e+002
            97  3.17367e+002  9.70000e+001 -4.54916e+001  1.13025e+001  2.97333e+002
            98  3.17655e+002  9.80000e+001 -4.54907e+001  1.13025e+001  2.97667e+002
            99  3.17951e+002  9.90000e+001 -4.54903e+001  1.13026e+001  2.98000e+002
           100  3.18243e+002  1.00000e+002 -4.54886e+001  1.13026e+001  2.98333e+002
           101  3.18542e+002  1.01000e+002 -4.54892e+001  1.13027e+001  2.98667e+002
           102  3.18837e+002  1.02000e+002 -4.54897e+001  1.13028e+001  2.99000e+002
           103  3.19137e+002  1.03000e+002 -4.54909e+001  1.13029e+001  2.99333e+002
           104  3.19434e+002  1.04000e+002 -4.54921e+001  1.13030e+001  2.99667e+002
           105  3.19733e+002  1.05000e+002 -4.54964e+001  1.13030e+001  3.00000e+002
           106  3.20022e+002  1.06000e+002 -4.54989e+001  1.13030e+001  3.00333e+002
           107  3.20318e+002  1.07000e+002 -4.55010e+001  1.13030e+001  3.00667e+002
           108  3.20623e+002  1.08000e+002 -4.55028e+001  1.13031e+001  3.01000e+002
           109  3.20919e+002  1.09000e+002 -4.55077e+001  1.13030e+001  3.01333e+002
           110  3.21214e+002  1.10000e+002 -4.55116e+001  1.13030e+001  3.01667e+002
           111  3.21511e+002  1.11000e+002 -4.55145e+001  1.13030e+001  3.02000e+002
           112  3.21809e+002  1.12000e+002 -4.55181e+001  1.13029e+001  3.02333e+002
           113  3.22107e+002  1.13000e+002 -4.55219e+001  1.13029e+001  3.02667e+002
           114  3.22412e+002  1.14000e+002 -4.55277e+001  1.13028e+001  3.03000e+002
           115  3.22709e+002  1.15000e+002 -4.55317e+001  1.13028e+001  3.03333e+002
           116  3.23006e+002  1.16000e+002 -4.55344e+001  1.13028e+001  3.03667e+002
           117  3.23306e+002  1.17000e+002 -4.55369e+001  1.13027e+001  3.04000e+002
           118  3.23611e+002  1.18000e+002 -4.55410e+001  1.13027e+001  3.04333e+002
           119  3.23915e+002  1.19000e+002 -4.55441e+001  1.13026e+001  3.04667e+002
           120  3.24222e+002  1.20000e+002 -4.55471e+001  1.13026e+001  3.05000e+002
           121  3.24523e+002  1.21000e+002 -4.55507e+001  1.13026e+001  3.05333e+002
           122  3.24816e+002  1.22000e+002 -4.55520e+001  1.13025e+001  3.05667e+002
           123  3.25122e+002  1.23000e+002 -4.55535e+001  1.13025e+001  3.06000e+002
           124  3.25433e+002  1.24000e+002 -4.55550e+001  1.13024e+001  3.06333e+002
           125  3.25736e+002  1.25000e+002 -4.55569e+001  1.13024e+001  3.06667e+002
           126  3.26035e+002  1.26000e+002 -4.55593e+001  1.13024e+001  3.07000e+002
           127  3.26332e+002  1.27000e+002 -4.55615e+001  1.13023e+001  3.07333e+002
           128  3.26635e+002  1.28000e+002 -4.55633e+001  1.13023e+001  3.07667e+002
           129  3.26949e+002  1.29000e+002 -4.55648e+001  1.13023e+001  3.08000e+002
           130  3.27249e+002  1.30000e+002 -4.55663e+001  1.13023e+001  3.08333e+002
           131  3.27558e+002  1.31000e+002 -4.55670e+001  1.13023e+001  3.08667e+002
           132  3.27863e+002  1.32000e+002 -4.55667e+001  1.13024e+001  3.09000e+002
           133  3.28169e+002  1.33000e+002 -4.55665e+001  1.13024e+001  3.09333e+002
           134  3.28475e+002  1.34000e+002 -4.55675e+001  1.13025e+001  3.09667e+002
           135  3.28779e+002  1.35000e+002 -4.55694e+001  1.13025e+001  3.10000e+002
           136  3.29090e+002  1.36000e+002 -4.55714e+001  1.13025e+001  3.10333e+002
           137  3.29393e+002  1.37000e+002 -4.55746e+001  1.13025e+001  3.10667e+002
           138  3.29712e+002  1.38000e+002 -4.55749e+001  1.13025e+001  3.11000e+002
           139  3.30020e+002  1.39000e+002 -4.55771e+001  1.13025e+001  3.11333e+002
           140  3.30325e+002  1.40000e+002 -4.55806e+001  1.13026e+001  3.11667e+002
           141  3.30633e+002  1.41000e+002 -4.55844e+001  1.13026e+001  3.12000e+002
           142  3.30943e+002  1.42000e+002 -4.55934e+001  1.13025e+001  3.12333e+002
           143  3.31250e+002  1.43000e+002 -4.55989e+001  1.13025e+001  3.12667e+002
           144  3.31562e+002  1.44000e+002 -4.56041e+001  1.13025e+001  3.13000e+002
           145  3.31864e+002  1.45000e+002 -4.56099e+001  1.13025e+001  3.13333e+002
           146  3.32172e+002  1.46000e+002 -4.56201e+001  1.13025e+001  3.13667e+002
           147  3.32485e+002  1.47000e+002 -4.56270e+001  1.13025e+001  3.14000e+002
           148  3.32792e+002  1.48000e+002 -4.56338e+001  1.13024e+001  3.14333e+002
           149  3.33104e+002  1.49000e+002 -4.56410e+001  1.13024e+001  3.14667e+002
           150  3.33412e+002  1.50000e+002 -4.56496e+001  1.13024e+001  3.15000e+002
           151  3.33725e+002  1.51000e+002 -4.56569e+001  1.13024e+001  3.15333e+002
           152  3.34038e+002  1.52000e+002 -4.56653e+001  1.13024e+001  3.15667e+002
           153  3.34344e+002  1.53000e+002 -4.56740e+001  1.13024e+001  3.16000e+002
           154  3.34665e+002  1.54000e+002 -4.56814e+001  1.13025e+001  3.16333e+002
           155  3.34975e+002  1.55000e+002 -4.56877e+001  1.13025e+001  3.16667e+002
           156  3.35284e+002  1.56000e+002 -4.56942e+001  1.13025e+001  3.17000e+002
           157  3.35604e+002  1.57000e+002 -4.57007e+001  1.13026e+001  3.17333e+002
           158  3.35913e+002  1.58000e+002 -4.57070e+001  1.13026e+001  3.17667e+002
           159  3.36217e+002  1.59000e+002 -4.57124e+001  1.13027e+001  3.18000e+002
           160  3.36539e+002  1.60000e+002 -4.57179e+001  1.13027e+001  3.18333e+002
           161  3.36853e+002  1.61000e+002 -4.57233e+001  1.13027e+001  3.18667e+002
           162  3.37166e+002  1.62000e+002 -4.57259e+001  1.13027e+001  3.19000e+002
           163  3.37481e+002  1.63000e+002 -4.57297e+001  1.13027e+001  3.19333e+002
           164  3.37804e+002  1.64000e+002 -4.57341e+001  1.13027e+001  3.19667e+002
           165  3.38118e+002  1.65000e+002 -4.57390e+001  1.13027e+001  3.20000e+002
           166  3.38429e+002  1.66000e+002 -4.57425e+001  1.13027e+001  3.20333e+002
           167  3.38747e+002  1.67000e+002 -4.57475e+001  1.13027e+001  3.20667e+002
           168  3.39059e+002  1.68000e+002 -4.57530e+001  1.13027e+001  3.21000e+002
           169  3.39375e+002  1.69000e+002 -4.57578e+001  1.13027e+001  3.21333e+002
           170  3.39691e+002  1.70000e+002 -4.57623e+001  1.13027e+001  3.21667e+002
           171  3.40007e+002  1.71000e+002 -4.57660e+001  1.13026e+001  3.22000e+002
           172  3.40323e+002  1.72000e+002 -4.57688e+001  1.13026e+001  3.22333e+002
           173  3.40635e+002  1.73000e+002 -4.57721e+001  1.13026e+001  3.22667e+002
           174  3.40954e+002  1.74000e+002 -4.57749e+001  1.13025e+001  3.23000e+002
           175  3.41268e+002  1.75000e+002 -4.57758e+001  1.13025e+001  3.23333e+002
           176  3.41588e+002  1.76000e+002 -4.57768e+001  1.13025e+001  3.23667e+002
           177  3.41910e+002  1.77000e+002 -4.57768e+001  1.13024e+001  3.24000e+002
           178  3.42225e+002  1.78000e+002 -4.57699e+001  1.13024e+001  3.24333e+002
           179  3.42542e+002  1.79000e+002 -4.57648e+001  1.13024e+001  3.24667e+002
           180  3.42860e+002  1.80000e+002 -4.57601e+001  1.13024e+001  3.25000e+002
           181  3.43189e+002  1.81000e+002 -4.57560e+001  1.13024e+001  3.25333e+002
           182  3.43501e+002  1.82000e+002 -4.57514e+001  1.13025e+001  3.25667e+002
           183  3.43820e+002  1.83000e+002 -4.57412e+001  1.13026e+001  3.26000e+002
           184  3.44143e+002  1.84000e+002 -4.57355e+001  1.13026e+001  3.26333e+002
           185  3.44456e+002  1.85000e+002 -4.57301e+001  1.13027e+001  3.26667e+002
           186  3.44778e+002  1.86000e+002 -4.57247e+001  1.13028e+001  3.27000e+002
           187  3.45093e+002  1.87000e+002 -4.57158e+001  1.13028e+001  3.27333e+002
           188  3.45412e+002  1.88000e+002 -4.57088e+001  1.13029e+001  3.27667e+002
           189  3.45731e+002  1.89000e+002 -4.57031e+001  1.13029e+001  3.28000e+002
           190  3.46049e+002  1.90000e+002 -4.56989e+001  1.13029e+001  3.28333e+002
           191  3.46372e+002  1.91000e+002 -4.56976e+001  1.13029e+001  3.28667e+002
           192  3.46698e+002  1.92000e+002 -4.56949e+001  1.13029e+001  3.29000e+002
           193  3.47020e+002  1.93000e+002 -4.56928e+001  1.13029e+001  3.29333e+002
           194  3.47337e+002  1.94000e+002 -4.56906e+001  1.13029e+001  3.29667e+002
           195  3.47662e+002  1.95000e+002 -4.56870e+001  1.13029e+001  3.30000e+002
           196  3.47975e+002  1.96000e+002 -4.56841e+001  1.13029e+001  3.30333e+002
           197  3.48293e+002  1.97000e+002 -4.56813e+001  1.13029e+001  3.30667e+002
           198  3.48621e+002  1.98000e+002 -4.56775e+001  1.13029e+001  3.31000e+002
           199  3.48932e+002  1.99000e+002 -4.56784e+001  1.13029e+001  3.31333e+002
           200  3.49253e+002  2.00000e+002 -4.56764e+001  1.13028e+001  3.31667e+002
           201  3.49584e+002  2.01000e+002 -4.56731e+001  1.13028e+001  3.32000e+002
           202  3.49895e+002  2.02000e+002 -4.56695e+001  1.13028e+001  3.32333e+002
           203  3.50223e+002  2.03000e+002 -4.56658e+001  1.13028e+001  3.32667e+002
           204  3.50545e+002  2.04000e+002 -4.56641e+001  1.13027e+001  3.33000e+002
           205  3.50869e+002  2.05000e+002 -4.56619e+001  1.13027e+001  3.33333e+002
           206  3.51194e+002  2.06000e+002 -4.56598e+001  1.13027e+001  3.33667e+002
           207  3.51513e+002  2.07000e+002 -4.56567e+001  1.13027e+001  3.34000e+002
           208  3.51832e+002  2.08000e+002 -4.56540e+001  1.13026e+001  3.34333e+002
           209  3.52158e+002  2.09000e+002 -4.56528e+001  1.13026e+001  3.34667e+002
           210  3.52475e+002  2.10000e+002 -4.56522e+001  1.13026e+001  3.35000e+002
           211  3.52806e+002  2.11000e+002 -4.56540e+001  1.13026e+001  3.35333e+002
           212  3.53126e+002  2.12000e+002 -4.56551e+001  1.13026e+001  3.35667e+002
           213  3.53443e+002  2.13000e+002 -4.56556e+001  1.13026e+001  3.36000e+002
           214  3.53769e+002  2.14000e+002 -4.56559e+001  1.13025e+001  3.36333e+002
           215  3.54097e+002  2.15000e+002 -4.56588e+001  1.13025e+001  3.36667e+002
           216  3.54415e+002  2.16000e+002 -4.56604e+001  1.13025e+001  3.37000e+002
           217  3.54743e+002  2.17000e+002 -4.56612e+001  1.13025e+001  3.37333e+002
           218  3.55068e+002  2.18000e+002 -4.56615e+001  1.13025e+001  3.37667e+002
           219  3.55391e+002  2.19000e+002 -4.56648e+001  1.13026e+001  3.38000e+002
           220  3.55721e+002  2.20000e+002 -4.56660e+001  1.13026e+001  3.38333e+002
           221  3.56038e+002  2.21000e+002 -4.56664e+001  1.13026e+001  3.38667e+002
           222  3.56362e+002  2.22000e+002 -4.56668e+001  1.13027e+001  3.39000e+002
           223  3.56685e+002  2.23000e+002 -4.56667e+001  1.13027e+001  3.39333e+002
           224  3.57010e+002  2.24000e+002 -4.56670e+001  1.13027e+001  3.39667e+002
           225  3.57332e+002  2.25000e+002 -4.56671e+001  1.13027e+001  3.40000e+002
           226  3.57663e+002  2.26000e+002 -4.56675e+001  1.13028e+001  3.40333e+002
           227  3.57988e+002  2.27000e+002 -4.56657e+001  1.13027e+001  3.40667e+002
           228  3.58317e+002  2.28000e+002 -4.56654e+001  1.13027e+001  3.41000e+002
           229  3.58644e+002  2.29000e+002 -4.56648e+001  1.13027e+001  3.41333e+002
           230  3.58964e+002  2.30000e+002 -4.56655e+001  1.13027e+001  3.41667e+002
           231  3.59288e+002  2.31000e+002 -4.56680e+001  1.13027e+001  3.42000e+002
           232  3.59610e+002  2.32000e+002 -4.56701e+001  1.13027e+001  3.42333e+002
           233  3.59936e+002  2.33000e+002 -4.56729e+001  1.13027e+001  3.42667e+002
           234  3.60266e+002  2.34000e+002 -4.56754e+001  1.13026e+001  3.43000e+002
           235  3.60588e+002  2.35000e+002 -4.56795e+001  1.13026e+001  3.43333e+002
           236  3.60918e+002  2.36000e+002 -4.56827e+001  1.13026e+001  3.43667e+002
           237  3.61250e+002  2.37000e+002 -4.56851e+001  1.13026e+001  3.44000e+002
           238  3.61576e+002  2.38000e+002 -4.56874e+001  1.13026e+001  3.44333e+002
           239  3.61905e+002  2.39000e+002 -4.56930e+001  1.13026e+001  3.44667e+002
           240  3.62229e+002  2.40000e+002 -4.56967e+001  1.13026e+001  3.45000e+002
           241  3.62562e+002  2.41000e+002 -4.57006e+001  1.13026e+001  3.45333e+002
           242  3.62885e+002  2.42000e+002 -4.57035e+001  1.13026e+001  3.45667e+002
           243  3.63211e+002  2.43000e+002 -4.57061e+001  1.13026e+001  3.46000e+002
           244  3.63538e+002  2.44000e+002 -4.57097e+001  1.13026e+001  3.46333e+002
           245  3.63860e+002  2.45000e+002 -4.57132e+001  1.13025e+001  3.46667e+002
           246  3.64195e+002  2.46000e+002 -4.57159e+001  1.13025e+001  3.47000e+002
           247  3.64522e+002  2.47000e+002 -4.57158e+001  1.13025e+001  3.47333e+002
           248  3.64850e+002  2.48000e+002 -4.57167e+001  1.13025e+001  3.47667e+002
           249  3.65174e+002  2.49000e+002 -4.57170e+001  1.13025e+001  3.48000e+002
           250  3.65498e+002  2.50000e+002 -4.57171e+001  1.13025e+001  3.48333e+002
           251  3.65835e+002  2.51000e+002 -4.57153e+001  1.13025e+001  3.48667e+002
           252  3.66159e+002  2.52000e+002 -4.57141e+001  1.13025e+001  3.49000e+002
           253  3.66487e+002  2.53000e+002 -4.57138e+001  1.13026e+001  3.49333e+002
           254  3.66808e+002  2.54000e+002 -4.57141e+001  1.13026e+001  3.49667e+002
           255  3.67128e+002  2.55000e+002 -4.57101e+001  1.13026e+001  3.50000e+002
           256  3.67468e+002  2.56000e+002 -4.57095e+001  1.13027e+001  3.50333e+002
           257  3.67798e+002  2.57000e+002 -4.57084e+001  1.13027e+001  3.50667e+002
           258  3.68127e+002  2.58000e+002 -4.57071e+001  1.13028e+001  3.51000e+002
           259  3.68456e+002  2.59000e+002 -4.57064e+001  1.13028e+001  3.51333e+002
           260  3.68787e+002  2.60000e+002 -4.57067e+001  1.13029e+001  3.51667e+002
           261  3.69115e+002  2.61000e+002 -4.57080e+001  1.13029e+001  3.52000e+002
           262  3.69441e+002  2.62000e+002 -4.57094e+001  1.13029e+001  3.52333e+002
           263  3.69771e+002  2.63000e+002 -4.57136e+001  1.13029e+001  3.52667e+002
           264  3.70101e+002  2.64000e+002 -4.57161e+001  1.13029e+001  3.53000e+002
           265  3.70432e+002  2.65000e+002 -4.57181e+001  1.13029e+001  3.53333e+002
           266  3.70766e+002  2.66000e+002 -4.57197e+001  1.13029e+001  3.53667e+002
           267  3.71098e+002  2.67000e+002 -4.57237e+001  1.13028e+001  3.54000e+002
           268  3.71430e+002  2.68000e+002 -4.57261e+001  1.13028e+001  3.54333e+002
           269  3.71751e+002  2.69000e+002 -4.57278e+001  1.13028e+001  3.54667e+002
           270  3.72072e+002  2.70000e+002 -4.57303e+001  1.13027e+001  3.55000e+002
           271  3.72403e+002  2.71000e+002 -4.57349e+001  1.13027e+001  3.55333e+002
           272  3.72738e+002  2.72000e+002 -4.57383e+001  1.13026e+001  3.55667e+002
           273  3.73066e+002  2.73000e+002 -4.57418e+001  1.13025e+001  3.56000e+002
           274  3.73399e+002  2.74000e+002 -4.57447e+001  1.13025e+001  3.56333e+002
           275  3.73726e+002  2.75000e+002 -4.57478e+001  1.13024e+001  3.56667e+002
           276  3.74056e+002  2.76000e+002 -4.57523e+001  1.13024e+001  3.57000e+002
           277  3.74384e+002  2.77000e+002 -4.57557e+001  1.13024e+001  3.57333e+002
           278  3.74709e+002  2.78000e+002 -4.57578e+001  1.13023e+001  3.57667e+002
           279  3.75042e+002  2.79000e+002 -4.57602e+001  1.13024e+001  3.58000e+002
           280  3.75371e+002  2.80000e+002 -4.57627e+001  1.13024e+001  3.58333e+002
           281  3.75705e+002  2.81000e+002 -4.57647e+001  1.13025e+001  3.58667e+002
           282  3.76032e+002  2.82000e+002 -4.57669e+001  1.13025e+001  3.59000e+002
           283  3.76369e+002  2.83000e+002 -4.57679e+001  1.13026e+001  3.59333e+002
           284  3.76699e+002  2.84000e+002 -4.57684e+001  1.13026e+001  3.59667e+002
           285  3.77028e+002  2.85000e+002 -4.57689e+001  1.13027e+001  3.60000e+002
           286  3.77358e+002  2.86000e+002 -4.57691e+001  1.13027e+001  3.60333e+002
           287  3.77691e+002  2.87000e+002 -4.57703e+001  1.13027e+001  3.60667e+002
           288  3.78024e+002  2.88000e+002 -4.57677e+001  1.13027e+001  3.61000e+002
           289  3.78353e+002  2.89000e+002 -4.57672e+001  1.13027e+001  3.61333e+002
           290  3.78678e+002  2.90000e+002 -4.57674e+001  1.13027e+001  3.61667e+002
           291  3.79014e+002  2.91000e+002 -4.57677e+001  1.13027e+001  3.62000e+002
           292  3.79349e+002  2.92000e+002 -4.57653e+001  1.13027e+001  3.62333e+002
           293  3.79682e+002  2.93000e+002 -4.57644e+001  1.13027e+001  3.62667e+002
           294  3.80015e+002  2.94000e+002 -4.57636e+001  1.13027e+001  3.63000e+002
           295  3.80354e+002  2.95000e+002 -4.57624e+001  1.13028e+001  3.63333e+002
           296  3.80679e+002  2.96000e+002 -4.57637e+001  1.13028e+001  3.63667e+002
           297  3.81007e+002  2.97000e+002 -4.57639e+001  1.13028e+001  3.64000e+002
           298  3.81337e+002  2.98000e+002 -4.57648e+001  1.13029e+001  3.64333e+002
           299  3.81672e+002  2.99000e+002 -4.57667e+001  1.13029e+001  3.64667e+002
           300  3.82002e+002  3.00000e+002 -4.57671e+001  1.13029e+001  3.65000e+002
           301  3.82342e+002  3.01000e+002 -4.57676e+001  1.13029e+001  3.65333e+002
           302  3.82671e+002  3.02000e+002 -4.57683e+001  1.13029e+001  3.65667e+002
           303  3.82998e+002  3.03000e+002 -4.57693e+001  1.13029e+001  3.66000e+002
           304  3.83325e+002  3.04000e+002 -4.57715e+001  1.13028e+001  3.66333e+002
           305  3.83658e+002  3.05000e+002 -4.57738e+001  1.13028e+001  3.66667e+002
           306  3.83993e+002  3.06000e+002 -4.57761e+001  1.13027e+001  3.67000e+002
           307  3.84330e+002  3.07000e+002 -4.57788e+001  1.13027e+001  3.67333e+002
           308  3.84662e+002  3.08000e+002 -4.57843e+001  1.13026e+001  3.67667e+002
           309  3.84996e+002  3.09000e+002 -4.57875e+001  1.13025e+001  3.68000e+002
           310  3.85320e+002  3.10000e+002 -4.57899e+001  1.13025e+001  3.68333e+002
           311  3.85658e+002  3.11000e+002 -4.57919e+001  1.13024e+001  3.68667e+002
           312  3.85990e+002  3.12000e+002 -4.57935e+001  1.13024e+001  3.69000e+002
           313  3.86323e+002  3.13000e+002 -4.57949e+001  1.13024e+001  3.69333e+002
           314  3.86655e+002  3.14000e+002 -4.57962e+001  1.13024e+001  3.69667e+002
           315  3.86986e+002  3.15000e+002 -4.57976e+001  1.13024e+001  3.70000e+002
           316  3.87314e+002  3.16000e+002 -4.57996e+001  1.13024e+001  3.70333e+002
           317  3.87656e+002  3.17000e+002 -4.58011e+001  1.13025e+001  3.70667e+002
           318  3.87983e+002  3.18000e+002 -4.58039e+001  1.13025e+001  3.71000e+002
           319  3.88310e+002  3.19000e+002 -4.58065e+001  1.13025e+001  3.71333e+002
           320  3.88650e+002  3.20000e+002 -4.58056e+001  1.13025e+001  3.71667e+002
           321  3.88991e+002  3.21000e+002 -4.58073e+001  1.13025e+001  3.72000e+002
           322  3.89320e+002  3.22000e+002 -4.58100e+001  1.13026e+001  3.72333e+002
           323  3.89658e+002  3.23000e+002 -4.58123e+001  1.13026e+001  3.72667e+002
           324  3.89986e+002  3.24000e+002 -4.58174e+001  1.13026e+001  3.73000e+002
           325  3.90322e+002  3.25000e+002 -4.58202e+001  1.13027e+001  3.73333e+002
           326  3.90652e+002  3.26000e+002 -4.58228e+001  1.13027e+001  3.73667e+002
           327  3.90984e+002  3.27000e+002 -4.58260e+001  1.13028e+001  3.74000e+002
           328  3.91319e+002  3.28000e+002 -4.58326e+001  1.13028e+001  3.74333e+002
           329  3.91648e+002  3.29000e+002 -4.58364e+001  1.13029e+001  3.74667e+002
           330  3.91982e+002  3.30000e+002 -4.58383e+001  1.13029e+001  3.75000e+002
           331  3.92314e+002  3.31000e+002 -4.58401e+001  1.13030e+001  3.75333e+002
           332  3.92648e+002  3.32000e+002 -4.58422e+001  1.13030e+001  3.75667e+002
           333  3.92983e+002  3.33000e+002 -4.58450e+001  1.13030e+001  3.76000e+002
           334  3.93324e+002  3.34000e+002 -4.58486e+001  1.13030e+001  3.76333e+002
           335  3.93645e+002  3.35000e+002 -4.58522e+001  1.13029e+001  3.76667e+002
           336  3.93977e+002  3.36000e+002 -4.58550e+001  1.13029e+001  3.77000e+002
           337  3.94311e+002  3.37000e+002 -4.58580e+001  1.13029e+001  3.77333e+002
           338  3.94647e+002  3.38000e+002 -4.58608e+001  1.13028e+001  3.77667e+002
           339  3.94981e+002  3.39000e+002 -4.58637e+001  1.13028e+001  3.78000e+002
           340  3.95318e+002  3.40000e+002 -4.58648e+001  1.13028e+001  3.78333e+002
           341  3.95639e+002  3.41000e+002 -4.58680e+001  1.13027e+001  3.78667e+002
           342  3.95977e+002  3.42000e+002 -4.58710e+001  1.13027e+001  3.79000e+002
           343  3.96314e+002  3.43000e+002 -4.58744e+001  1.13027e+001  3.79333e+002
           344  3.96646e+002  3.44000e+002 -4.58783e+001  1.13027e+001  3.79667e+002
           345  3.96986e+002  3.45000e+002 -4.58824e+001  1.13026e+001  3.80000e+002
           346  3.97318e+002  3.46000e+002 -4.58859e+001  1.13026e+001  3.80333e+002
           347  3.97650e+002  3.47000e+002 -4.58886e+001  1.13025e+001  3.80667e+002
           348  3.97983e+002  3.48000e+002 -4.58919e+001  1.13025e+001  3.81000e+002
           349  3.98315e+002  3.49000e+002 -4.58966e+001  1.13024e+001  3.81333e+002
           350  3.98648e+002  3.50000e+002 -4.58997e+001  1.13023e+001  3.81667e+002
           351  3.98988e+002  3.51000e+002 -4.59020e+001  1.13023e+001  3.82000e+002
           352  3.99319e+002  3.52000e+002 -4.59036e+001  1.13022e+001  3.82333e+002
           353  3.99656e+002  3.53000e+002 -4.59050e+001  1.13022e+001  3.82667e+002
           354  3.99983e+002  3.54000e+002 -4.59068e+001  1.13022e+001  3.83000e+002
           355  4.00319e+002  3.55000e+002 -4.59076e+001  1.13022e+001  3.83333e+002
           356  4.00659e+002  3.56000e+002 -4.59078e+001  1.13022e+001  3.83667e+002
           357  4.00989e+002  3.57000e+002 -4.59063e+001  1.13023e+001  3.84000e+002
           358  4.01318e+002  3.58000e+002 -4.59057e+001  1.13023e+001  3.84333e+002
           359  4.01658e+002  3.59000e+002 -4.59051e+001  1.13024e+001  3.84667e+002
           360  4.01992e+002  3.60000e+002 -4.59054e+001  1.13025e+001  3.85000e+002
           361  4.02325e+002  3.61000e+002 -4.59030e+001  1.13026e+001  3.85333e+002
           362  4.02654e+002  3.62000e+002 -4.59027e+001  1.13028e+001  3.85667e+002
           363  4.02991e+002  3.63000e+002 -4.59033e+001  1.13029e+001  3.86000e+002
           364  4.03324e+002  3.64000e+002 -4.59044e+001  1.13029e+001  3.86333e+002
           365  4.03660e+002  3.65000e+002 -4.59057e+001  1.13030e+001  3.86667e+002
           366  4.03994e+002  3.66000e+002 -4.59070e+001  1.13031e+001  3.87000e+002
           367  4.04329e+002  3.67000e+002 -4.59088e+001  1.13031e+001  3.87333e+002
           368  4.04666e+002  3.68000e+002 -4.59123e+001  1.13032e+001  3.87667e+002
           369  4.04996e+002  3.69000e+002 -4.59175e+001  1.13031e+001  3.88000e+002
           370  4.05331e+002  3.70000e+002 -4.59212e+001  1.13031e+001  3.88333e+002
           371  4.05663e+002  3.71000e+002 -4.59245e+001  1.13031e+001  3.88667e+002
           372  4.05998e+002  3.72000e+002 -4.59269e+001  1.13031e+001  3.89000e+002
           373  4.06327e+002  3.73000e+002 -4.59308e+001  1.13030e+001  3.89333e+002
           374  4.06665e+002  3.74000e+002 -4.59350e+001  1.13030e+001  3.89667e+002
           375  4.07002e+002  3.75000e+002 -4.59394e+001  1.13029e+001  3.90000e+002
           376  4.07337e+002  3.76000e+002 -4.59431e+001  1.13029e+001  3.90333e+002
           377  4.07669e+002  3.77000e+002 -4.59465e+001  1.13029e+001  3.90667e+002
           378  4.08008e+002  3.78000e+002 -4.59482e+001  1.13029e+001  3.91000e+002
           379  4.08337e+002  3.79000e+002 -4.59511e+001  1.13029e+001  3.91333e+002
           380  4.08672e+002  3.80000e+002 -4.59533e+001  1.13028e+001  3.91667e+002
           381  4.09008e+002  3.81000e+002 -4.59533e+001  1.13028e+001  3.92000e+002
           382  4.09341e+002  3.82000e+002 -4.59561e+001  1.13028e+001  3.92333e+002
           383  4.09676e+002  3.83000e+002 -4.59600e+001  1.13027e+001  3.92667e+002
           384  4.10017e+002  3.84000e+002 -4.59628e+001  1.13027e+001  3.93000e+002
           385  4.10348e+002  3.85000e+002 -4.59610e+001  1.13027e+001  3.93333e+002
           386  4.10676e+002  3.86000e+002 -4.59604e+001  1.13027e+001  3.93667e+002
           387  4.11020e+002  3.87000e+002 -4.59600e+001  1.13027e+001  3.94000e+002
           388  4.11357e+002  3.88000e+002 -4.59605e+001  1.13027e+001  3.94333e+002
           389  4.11690e+002  3.89000e+002 -4.59613e+001  1.13027e+001  3.94667e+002
           390  4.12028e+002  3.90000e+002 -4.59622e+001  1.13028e+001  3.95000e+002
           391  4.12356e+002  3.91000e+002 -4.59617e+001  1.13028e+001  3.95333e+002
           392  4.12689e+002  3.92000e+002 -4.59597e+001  1.13028e+001  3.95667e+002
           393  4.13028e+002  3.93000e+002 -4.59547e+001  1.13029e+001  3.96000e+002
           394  4.13361e+002  3.94000e+002 -4.59536e+001  1.13029e+001  3.96333e+002
           395  4.13696e+002  3.95000e+002 -4.59543e+001  1.13030e+001  3.96667e+002
           396  4.14027e+002  3.96000e+002 -4.59554e+001  1.13030e+001  3.97000e+002
           397  4.14365e+002  3.97000e+002 -4.59576e+001  1.13031e+001  3.97333e+002
           398  4.14696e+002  3.98000e+002 -4.59588e+001  1.13032e+001  3.97667e+002
           399  4.15030e+002  3.99000e+002 -4.59601e+001  1.13032e+001  3.98000e+002
           400  4.15375e+002  4.00000e+002 -4.59602e+001  1.13033e+001  3.98333e+002
           401  4.15710e+002  4.01000e+002 -4.59597e+001  1.13033e+001  3.98667e+002
           402  4.16040e+002  4.02000e+002 -4.59604e+001  1.13033e+001  3.99000e+002
           403  4.16380e+002  4.03000e+002 -4.59617e+001  1.13033e+001  3.99333e+002
           404  4.16715e+002  4.04000e+002 -4.59641e+001  1.13033e+001  3.99667e+002
           405  4.17045e+002  4.05000e+002 -4.59704e+001  1.13033e+001  4.00000e+002
           406  4.17383e+002  4.06000e+002 -4.59740e+001  1.13032e+001  4.00333e+002
           407  4.17720e+002  4.07000e+002 -4.59766e+001  1.13032e+001  4.00667e+002
           408  4.18053e+002  4.08000e+002 -4.59793e+001  1.13032e+001  4.01000e+002
           409  4.18388e+002  4.09000e+002 -4.59860e+001  1.13032e+001  4.01333e+002
           410  4.18719e+002  4.10000e+002 -4.59974e+001  1.13032e+001  4.01667e+002
           411  4.19058e+002  4.11000e+002 -4.60107e+001  1.13031e+001  4.02000e+002
           412  4.19398e+002  4.12000e+002 -4.60192e+001  1.13031e+001  4.02333e+002
           413  4.19730e+002  4.13000e+002 -4.60333e+001  1.13031e+001  4.02667e+002
           414  4.20060e+002  4.14000e+002 -4.60442e+001  1.13030e+001  4.03000e+002
           415  4.20401e+002  4.15000e+002 -4.60554e+001  1.13030e+001  4.03333e+002
           416  4.20734e+002  4.16000e+002 -4.60667e+001  1.13029e+001  4.03667e+002
           417  4.21064e+002  4.17000e+002 -4.60987e+001  1.13029e+001  4.04000e+002
           418  4.21403e+002  4.18000e+002 -4.61432e+001  1.13028e+001  4.04333e+002
           419  4.21739e+002  4.19000e+002 -4.62367e+001  1.13028e+001  4.04667e+002
           420  4.22070e+002  4.20000e+002 -4.63485e+001  1.13028e+001  4.05000e+002
           421  4.22397e+002  4.21000e+002 -4.66883e+001  1.13027e+001  4.05333e+002
           422  4.22727e+002  4.22000e+002 -4.72887e+001  1.13028e+001  4.05667e+002
           423  4.23056e+002  4.23000e+002 -4.80753e+001  1.13028e+001  4.06000e+002
           424  4.23380e+002  4.24000e+002 -4.89959e+001  1.13028e+001  4.06333e+002
           425  4.23688e+002  4.25000e+002 -5.01972e+001  1.13029e+001  4.06667e+002
           426  4.24006e+002  4.26000e+002 -5.16160e+001  1.13029e+001  4.07000e+002
           427  4.24311e+002  4.27000e+002 -5.31758e+001  1.13030e+001  4.07333e+002
           428  4.24623e+002  4.28000e+002 -5.48307e+001  1.13031e+001  4.07667e+002
           429  4.24930e+002  4.29000e+002 -5.67197e+001  1.13031e+001  4.08000e+002
           430  4.25226e+002  4.30000e+002 -5.86955e+001  1.13032e+001  4.08333e+002
           431  4.25529e+002  4.31000e+002 -6.07830e+001  1.13032e+001  4.08667e+002
           432  4.25825e+002  4.32000e+002 -6.29345e+001  1.13032e+001  4.09000e+002
           433  4.26119e+002  4.33000e+002 -6.52600e+001  1.13032e+001  4.09333e+002
           434  4.26411e+002  4.34000e+002 -6.75719e+001  1.13032e+001  4.09667e+002
           435  4.26700e+002  4.35000e+002 -6.98389e+001  1.13032e+001  4.10000e+002
           436  4.27005e+002  4.36000e+002 -7.16259e+001  1.13033e+001  4.10333e+002
           437  4.27322e+002  4.37000e+002 -7.27767e+001  1.13033e+001  4.10667e+002
           438  4.27653e+002  4.38000e+002 -7.27600e+001  1.13033e+001  4.11000e+002
           439  4.27977e+002  4.39000e+002 -7.27507e+001  1.13034e+001  4.11333e+002
           440  4.28313e+002  4.40000e+002 -7.27645e+001  1.13034e+001  4.11667e+002
           441  4.28650e+002  4.41000e+002 -7.28010e+001  1.13035e+001  4.12000e+002
           442  4.28985e+002  4.42000e+002 -7.29325e+001  1.13036e+001  4.12333e+002
           443  4.29309e+002  4.43000e+002 -7.30846e+001  1.13037e+001  4.12667e+002
           444  4.29643e+002  4.44000e+002 -7.32931e+001  1.13038e+001  4.13000e+002
           445  4.29971e+002  4.45000e+002 -7.35580e+001  1.13039e+001  4.13333e+002
           446  4.30311e+002  4.46000e+002 -7.38712e+001  1.13039e+001  4.13667e+002
           447  4.30637e+002  4.47000e+002 -7.41700e+001  1.13039e+001  4.14000e+002
           448  4.30960e+002  4.48000e+002 -7.44824e+001  1.13040e+001  4.14333e+002
           449  4.31286e+002  4.49000e+002 -7.48234e+001  1.13040e+001  4.14667e+002
           450  4.31620e+002  4.50000e+002 -7.50202e+001  1.13039e+001  4.15000e+002
           451  4.31954e+002  4.51000e+002 -7.48367e+001  1.13039e+001  4.15333e+002
           452  4.32299e+002  4.52000e+002 -7.42032e+001  1.13039e+001  4.15667e+002
           453  4.32651e+002  4.53000e+002 -7.33282e+001  1.13039e+001  4.16000e+002
           454  4.32998e+002  4.54000e+002 -7.22511e+001  1.13038e+001  4.16333e+002
           455  4.33356e+002  4.55000e+002 -7.11458e+001  1.13038e+001  4.16667e+002
           456  4.33712e+002  4.56000e+002 -7.00661e+001  1.13038e+001  4.17000e+002
           457  4.34065e+002  4.57000e+002 -6.90042e+001  1.13038e+001  4.17333e+002
           458  4.34417e+002  4.58000e+002 -6.79313e+001  1.13039e+001  4.17667e+002
           459  4.34765e+002  4.59000e+002 -6.68572e+001  1.13039e+001  4.18000e+002
           460  4.35125e+002  4.60000e+002 -6.58045e+001  1.13039e+001  4.18333e+002
           461  4.35477e+002  4.61000e+002 -6.47913e+001  1.13039e+001  4.18667e+002
           462  4.35821e+002  4.62000e+002 -6.38659e+001  1.13039e+001  4.19000e+002
           463  4.36174e+002  4.63000e+002 -6.29605e+001  1.13039e+001  4.19333e+002
           464  4.36525e+002  4.64000e+002 -6.20731e+001  1.13039e+001  4.19667e+002
           465  4.36880e+002  4.65000e+002 -6.12072e+001  1.13038e+001  4.20000e+002
           466  4.37233e+002  4.66000e+002 -6.03883e+001  1.13038e+001  4.20333e+002
           467  4.37581e+002  4.67000e+002 -5.95928e+001  1.13038e+001  4.20667e+002
           468  4.37931e+002  4.68000e+002 -5.88444e+001  1.13038e+001  4.21000e+002
           469  4.38274e+002  4.69000e+002 -5.81434e+001  1.13038e+001  4.21333e+002
           470  4.38627e+002  4.70000e+002 -5.74877e+001  1.13038e+001  4.21667e+002
           471  4.38978e+002  4.71000e+002 -5.68246e+001  1.13038e+001  4.22000e+002
           472  4.39326e+002  4.72000e+002 -5.62130e+001  1.13039e+001  4.22333e+002
           473  4.39669e+002  4.73000e+002 -5.56483e+001  1.13039e+001  4.22667e+002
           474  4.40014e+002  4.74000e+002 -5.51306e+001  1.13039e+001  4.23000e+002
           475  4.40361e+002  4.75000e+002 -5.46199e+001  1.13039e+001  4.23333e+002
           476  4.40704e+002  4.76000e+002 -5.41314e+001  1.13039e+001  4.23667e+002
           477  4.41056e+002  4.77000e+002 -5.36590e+001  1.13039e+001  4.24000e+002
           478  4.41392e+002  4.78000e+002 -5.32757e+001  1.13039e+001  4.24333e+002
           479  4.41744e+002  4.79000e+002 -5.28689e+001  1.13038e+001  4.24667e+002
           480  4.42087e+002  4.80000e+002 -5.24738e+001  1.13038e+001  4.25000e+002
           481  4.42432e+002  4.81000e+002 -5.20919e+001  1.13038e+001  4.25333e+002
           482  4.42776e+002  4.82000e+002 -5.17457e+001  1.13037e+001  4.25667e+002
           483  4.43118e+002  4.83000e+002 -5.14082e+001  1.13037e+001  4.26000e+002
           484  4.43464e+002  4.84000e+002 -5.10955e+001  1.13037e+001  4.26333e+002
           485  4.43806e+002  4.85000e+002 -5.08100e+001  1.13037e+001  4.26667e+002
           486  4.44151e+002  4.86000e+002 -5.05546e+001  1.13037e+001  4.27000e+002
           487  4.44498e+002  4.87000e+002 -5.02946e+001  1.13037e+001  4.27333e+002
           488  4.44836e+002  4.88000e+002 -5.00460e+001  1.13037e+001  4.27667e+002
           489  4.45178e+002  4.89000e+002 -4.98103e+001  1.13037e+001  4.28000e+002
           490  4.45513e+002  4.90000e+002 -4.96249e+001  1.13037e+001  4.28333e+002
           491  4.45856e+002  4.91000e+002 -4.94330e+001  1.13038e+001  4.28667e+002
           492  4.46199e+002  4.92000e+002 -4.92363e+001  1.13038e+001  4.29000e+002
           493  4.46535e+002  4.93000e+002 -4.90654e+001  1.13038e+001  4.29333e+002
           494  4.46877e+002  4.94000e+002 -4.89429e+001  1.13038e+001  4.29667e+002
           495  4.47226e+002  4.95000e+002 -4.87859e+001  1.13038e+001  4.30000e+002
           496  4.47566e+002  4.96000e+002 -4.86225e+001  1.13038e+001  4.30333e+002
           497  4.47901e+002  4.97000e+002 -4.84696e+001  1.13038e+001  4.30667e+002
           498  4.48242e+002  4.98000e+002 -4.83593e+001  1.13039e+001  4.31000e+002
           499  4.48580e+002  4.99000e+002 -4.82299e+001  1.13039e+001  4.31333e+002
           500  4.48925e+002  5.00000e+002 -4.80973e+001  1.13039e+001  4.31667e+002
           501  4.49264e+002  5.01000e+002 -4.79741e+001  1.13039e+001  4.32000e+002
           502  4.49601e+002  5.02000e+002 -4.78930e+001  1.13039e+001  4.32333e+002
           503  4.49948e+002  5.03000e+002 -4.77945e+001  1.13039e+001  4.32667e+002
           504  4.50286e+002  5.04000e+002 -4.76923e+001  1.13039e+001  4.33000e+002
           505  4.50625e+002  5.05000e+002 -4.75844e+001  1.13039e+001  4.33333e+002
           506  4.50965e+002  5.06000e+002 -4.75417e+001  1.13039e+001  4.33667e+002
           507  4.51310e+002  5.07000e+002 -4.74757e+001  1.13039e+001  4.34000e+002
           508  4.51650e+002  5.08000e+002 -4.73996e+001  1.13039e+001  4.34333e+002
           509  4.51987e+002  5.09000e+002 -4.73236e+001  1.13039e+001  4.34667e+002
           510  4.52326e+002  5.10000e+002 -4.72699e+001  1.13039e+001  4.35000e+002
           511  4.52664e+002  5.11000e+002 -4.72086e+001  1.13039e+001  4.35333e+002
           512  4.53004e+002  5.12000e+002 -4.71489e+001  1.13039e+001  4.35667e+002
           513  4.53341e+002  5.13000e+002 -4.70919e+001  1.13039e+001  4.36000e+002
           514  4.53680e+002  5.14000e+002 -4.70531e+001  1.13039e+001  4.36333e+002
           515  4.54023e+002  5.15000e+002 -4.70071e+001  1.13039e+001  4.36667e+002
           516  4.54355e+002  5.16000e+002 -4.69599e+001  1.13040e+001  4.37000e+002
           517  4.54695e+002  5.17000e+002 -4.69139e+001  1.13040e+001  4.37333e+002
           518  4.55035e+002  5.18000e+002 -4.68876e+001  1.13040e+001  4.37667e+002
           519  4.55372e+002  5.19000e+002 -4.68530e+001  1.13040e+001  4.38000e+002
           520  4.55710e+002  5.20000e+002 -4.68185e+001  1.13039e+001  4.38333e+002
           521  4.56048e+002  5.21000e+002 -4.67851e+001  1.13039e+001  4.38667e+002
           522  4.56382e+002  5.22000e+002 -4.67678e+001  1.13039e+001  4.39000e+002
           523  4.56722e+002  5.23000e+002 -4.67409e+001  1.13038e+001  4.39333e+002
           524  4.57064e+002  5.24000e+002 -4.67121e+001  1.13038e+001  4.39667e+002
           525  4.57401e+002  5.25000e+002 -4.66844e+001  1.13038e+001  4.40000e+002
           526  4.57741e+002  5.26000e+002 -4.66684e+001  1.13037e+001  4.40333e+002
           527  4.58078e+002  5.27000e+002 -4.66481e+001  1.13037e+001  4.40667e+002
           528  4.58413e+002  5.28000e+002 -4.66268e+001  1.13036e+001  4.41000e+002
           529  4.58758e+002  5.29000e+002 -4.66072e+001  1.13036e+001  4.41333e+002
           530  4.59088e+002  5.30000e+002 -4.65892e+001  1.13036e+001  4.41667e+002
           531  4.59423e+002  5.31000e+002 -4.65789e+001  1.13036e+001  4.42000e+002
           532  4.59757e+002  5.32000e+002 -4.65658e+001  1.13036e+001  4.42333e+002
           533  4.60096e+002  5.33000e+002 -4.65522e+001  1.13036e+001  4.42667e+002
           534  4.60435e+002  5.34000e+002 -4.65390e+001  1.13037e+001  4.43000e+002
           535  4.60773e+002  5.35000e+002 -4.65358e+001  1.13037e+001  4.43333e+002
           536  4.61104e+002  5.36000e+002 -4.65280e+001  1.13037e+001  4.43667e+002
           537  4.61445e+002  5.37000e+002 -4.65191e+001  1.13037e+001  4.44000e+002
           538  4.61786e+002  5.38000e+002 -4.65101e+001  1.13037e+001  4.44333e+002
           539  4.62117e+002  5.39000e+002 -4.65081e+001  1.13037e+001  4.44667e+002
           540  4.62451e+002  5.40000e+002 -4.65019e+001  1.13037e+001  4.45000e+002
           541  4.62788e+002  5.41000e+002 -4.64957e+001  1.13036e+001  4.45333e+002
           542  4.63131e+002  5.42000e+002 -4.64897e+001  1.13036e+001  4.45667e+002
           543  4.63461e+002  5.43000e+002 -4.64867e+001  1.13035e+001  4.46000e+002
           544  4.63799e+002  5.44000e+002 -4.64829e+001  1.13034e+001  4.46333e+002
           545  4.64140e+002  5.45000e+002 -4.64796e+001  1.13034e+001  4.46667e+002
           546  4.64478e+002  5.46000e+002 -4.64757e+001  1.13033e+001  4.47000e+002
           547  4.64809e+002  5.47000e+002 -4.64736e+001  1.13033e+001  4.47333e+002
           548  4.65145e+002  5.48000e+002 -4.64723e+001  1.13033e+001  4.47667e+002
           549  4.65484e+002  5.49000e+002 -4.64715e+001  1.13033e+001  4.48000e+002
           550  4.65822e+002  5.50000e+002 -4.64719e+001  1.13033e+001  4.48333e+002
           551  4.66158e+002  5.51000e+002 -4.64741e+001  1.13034e+001  4.48667e+002
           552  4.66496e+002  5.52000e+002 -4.64751e+001  1.13034e+001  4.49000e+002
           553  4.66834e+002  5.53000e+002 -4.64760e+001  1.13035e+001  4.49333e+002
           554  4.67171e+002  5.54000e+002 -4.64762e+001  1.13035e+001  4.49667e+002
           555  4.67510e+002  5.55000e+002 -4.64798e+001  1.13035e+001  4.50000e+002
           556  4.67841e+002  5.56000e+002 -4.64810e+001  1.13035e+001  4.50333e+002
           557  4.68172e+002  5.57000e+002 -4.64820e+001  1.13035e+001  4.50667e+002
           558  4.68511e+002  5.58000e+002 -4.64844e+001  1.13034e+001  4.51000e+002
           559  4.68842e+002  5.59000e+002 -4.64866e+001  1.13033e+001  4.51333e+002
           560  4.69182e+002  5.60000e+002 -4.64880e+001  1.13033e+001  4.51667e+002
           561  4.69514e+002  5.61000e+002 -4.64883e+001  1.13033e+001  4.52000e+002
           562  4.69846e+002  5.62000e+002 -4.64881e+001  1.13033e+001  4.52333e+002
           563  4.70194e+002  5.63000e+002 -4.64864e+001  1.13033e+001  4.52667e+002
           564  4.70531e+002  5.64000e+002 -4.64868e+001  1.13033e+001  4.53000e+002
           565  4.70860e+002  5.65000e+002 -4.64880e+001  1.13034e+001  4.53333e+002
           566  4.71203e+002  5.66000e+002 -4.64892e+001  1.13034e+001  4.53667e+002
           567  4.71535e+002  5.67000e+002 -4.64904e+001  1.13035e+001  4.54000e+002
           568  4.71868e+002  5.68000e+002 -4.64903e+001  1.13036e+001  4.54333e+002
           569  4.72207e+002  5.69000e+002 -4.64899e+001  1.13037e+001  4.54667e+002
           570  4.72543e+002  5.70000e+002 -4.64888e+001  1.13037e+001  4.55000e+002
           571  4.72876e+002  5.71000e+002 -4.64867e+001  1.13038e+001  4.55333e+002
           572  4.73203e+002  5.72000e+002 -4.64858e+001  1.13038e+001  4.55667e+002
           573  4.73548e+002  5.73000e+002 -4.64857e+001  1.13039e+001  4.56000e+002
           574  4.73879e+002  5.74000e+002 -4.64859e+001  1.13039e+001  4.56333e+002
           575  4.74216e+002  5.75000e+002 -4.64863e+001  1.13039e+001  4.56667e+002
           576  4.74546e+002  5.76000e+002 -4.64870e+001  1.13039e+001  4.57000e+002
           577  4.74889e+002  5.77000e+002 -4.64879e+001  1.13039e+001  4.57333e+002
           578  4.75211e+002  5.78000e+002 -4.64897e+001  1.13039e+001  4.57667e+002
           579  4.75552e+002  5.79000e+002 -4.64916e+001  1.13039e+001  4.58000e+002
           580  4.75892e+002  5.80000e+002 -4.64937e+001  1.13039e+001  4.58333e+002
           581  4.76224e+002  5.81000e+002 -4.64961e+001  1.13038e+001  4.58667e+002
           582  4.76557e+002  5.82000e+002 -4.64989e+001  1.13038e+001  4.59000e+002
           583  4.76898e+002  5.83000e+002 -4.65054e+001  1.13037e+001  4.59333e+002
           584  4.77235e+002  5.84000e+002 -4.65096e+001  1.13036e+001  4.59667e+002
           585  4.77572e+002  5.85000e+002 -4.65138e+001  1.13036e+001  4.60000e+002
           586  4.77904e+002  5.86000e+002 -4.65167e+001  1.13035e+001  4.60333e+002
           587  4.78244e+002  5.87000e+002 -4.65211e+001  1.13035e+001  4.60667e+002
           588  4.78577e+002  5.88000e+002 -4.65242e+001  1.13034e+001  4.61000e+002
           589  4.78909e+002  5.89000e+002 -4.65268e+001  1.13034e+001  4.61333e+002
           590  4.79247e+002  5.90000e+002 -4.65292e+001  1.13034e+001  4.61667e+002
           591  4.79581e+002  5.91000e+002 -4.65310e+001  1.13034e+001  4.62000e+002
           592  4.79915e+002  5.92000e+002 -4.65330e+001  1.13033e+001  4.62333e+002
           593  4.80250e+002  5.93000e+002 -4.65357e+001  1.13033e+001  4.62667e+002
           594  4.80589e+002  5.94000e+002 -4.65398e+001  1.13033e+001  4.63000e+002
           595  4.80925e+002  5.95000e+002 -4.65410e+001  1.13033e+001  4.63333e+002
           596  4.81263e+002  5.96000e+002 -4.65439e+001  1.13033e+001  4.63667e+002
           597  4.81599e+002  5.97000e+002 -4.65475e+001  1.13033e+001  4.64000e+002
           598  4.81926e+002  5.98000e+002 -4.65517e+001  1.13034e+001  4.64333e+002
           599  4.82259e+002  5.99000e+002 -4.65561e+001  1.13034e+001  4.64667e+002
           600  4.82599e+002  6.00000e+002 -4.65622e+001  1.13035e+001  4.65000e+002
           601  4.82931e+002  6.01000e+002 -4.65662e+001  1.13036e+001  4.65333e+002
           602  4.83265e+002  6.02000e+002 -4.65704e+001  1.13036e+001  4.65667e+002
           603  4.83602e+002  6.03000e+002 -4.65747e+001  1.13037e+001  4.66000e+002
           604  4.83935e+002  6.04000e+002 -4.65818e+001  1.13038e+001  4.66333e+002
           605  4.84260e+002  6.05000e+002 -4.65871e+001  1.13038e+001  4.66667e+002
           606  4.84599e+002  6.06000e+002 -4.65922e+001  1.13039e+001  4.67000e+002
           607  4.84940e+002  6.07000e+002 -4.65977e+001  1.13039e+001  4.67333e+002
           608  4.85276e+002  6.08000e+002 -4.66041e+001  1.13039e+001  4.67667e+002
           609  4.85605e+002  6.09000e+002 -4.66111e+001  1.13039e+001  4.68000e+002
           610  4.85939e+002  6.10000e+002 -4.66182e+001  1.13039e+001  4.68333e+002
           611  4.86279e+002  6.11000e+002 -4.66245e+001  1.13039e+001  4.68667e+002
           612  4.86611e+002  6.12000e+002 -4.66301e+001  1.13038e+001  4.69000e+002
           613  4.86946e+002  6.13000e+002 -4.66363e+001  1.13038e+001  4.69333e+002
           614  4.87280e+002  6.14000e+002 -4.66422e+001  1.13037e+001  4.69667e+002
           615  4.87613e+002  6.15000e+002 -4.66481e+001  1.13036e+001  4.70000e+002
           616  4.87949e+002  6.16000e+002 -4.66531e+001  1.13035e+001  4.70333e+002
           617  4.88289e+002  6.17000e+002 -4.66552e+001  1.13034e+001  4.70667e+002
           618  4.88619e+002  6.18000e+002 -4.66559e+001  1.13033e+001  4.71000e+002
           619  4.88954e+002  6.19000e+002 -4.66559e+001  1.13032e+001  4.71333e+002
           620  4.89293e+002  6.20000e+002 -4.66499e+001  1.13032e+001  4.71667e+002
           621  4.89632e+002  6.21000e+002 -4.66476e+001  1.13032e+001  4.72000e+002
           622  4.89958e+002  6.22000e+002 -4.66457e+001  1.13032e+001  4.72333e+002
           623  4.90291e+002  6.23000e+002 -4.66442e+001  1.13032e+001  4.72667e+002
           624  4.90630e+002  6.24000e+002 -4.66365e+001  1.13033e+001  4.73000e+002
           625  4.90970e+002  6.25000e+002 -4.66327e+001  1.13034e+001  4.73333e+002
           626  4.91302e+002  6.26000e+002 -4.66307e+001  1.13035e+001  4.73667e+002
           627  4.91636e+002  6.27000e+002 -4.66287e+001  1.13037e+001  4.74000e+002
           628  4.91967e+002  6.28000e+002 -4.66220e+001  1.13038e+001  4.74333e+002
           629  4.92299e+002  6.29000e+002 -4.66193e+001  1.13040e+001  4.74667e+002
           630  4.92632e+002  6.30000e+002 -4.66168e+001  1.13041e+001  4.75000e+002
           631  4.92972e+002  6.31000e+002 -4.66136e+001  1.13042e+001  4.75333e+002
           632  4.93313e+002  6.32000e+002 -4.66172e+001  1.13043e+001  4.75667e+002
           633  4.93643e+002  6.33000e+002 -4.66172e+001  1.13043e+001  4.76000e+002
           634  4.93977e+002  6.34000e+002 -4.66165e+001  1.13043e+001  4.76333e+002
           635  4.94313e+002  6.35000e+002 -4.66157e+001  1.13043e+001  4.76667e+002
           636  4.94645e+002  6.36000e+002 -4.66176e+001  1.13042e+001  4.77000e+002
           637  4.94975e+002  6.37000e+002 -4.66181e+001  1.13041e+001  4.77333e+002
           638  4.95308e+002  6.38000e+002 -4.66185e+001  1.13041e+001  4.77667e+002
           639  4.95644e+002  6.39000e+002 -4.66193e+001  1.13040e+001  4.78000e+002
           640  4.95978e+002  6.40000e+002 -4.66216e+001  1.13039e+001  4.78333e+002
           641  4.96317e+002  6.41000e+002 -4.66239e+001  1.13039e+001  4.78667e+002
           642  4.96648e+002  6.42000e+002 -4.66267e+001  1.13038e+001  4.79000e+002
           643  4.96981e+002  6.43000e+002 -4.66293e+001  1.13038e+001  4.79333e+002
           644  4.97308e+002  6.44000e+002 -4.66307e+001  1.13038e+001  4.79667e+002
           645  4.97645e+002  6.45000e+002 -4.66322e+001  1.13038e+001  4.80000e+002
           646  4.97988e+002  6.46000e+002 -4.66343e+001  1.13037e+001  4.80333e+002
           647  4.98321e+002  6.47000e+002 -4.66361e+001  1.13037e+001  4.80667e+002
           648  4.98653e+002  6.48000e+002 -4.66401e+001  1.13037e+001  4.81000e+002
           649  4.98991e+002  6.49000e+002 -4.66437e+001  1.13037e+001  4.81333e+002
           650  4.99325e+002  6.50000e+002 -4.66463e+001  1.13037e+001  4.81667e+002
           651  4.99648e+002  6.51000e+002 -4.66487e+001  1.13037e+001  4.82000e+002
           652  4.99987e+002  6.52000e+002 -4.66514e+001  1.13037e+001  4.82333e+002
           653  5.00320e+002  6.53000e+002 -4.66544e+001  1.13037e+001  4.82667e+002
           654  5.00660e+002  6.54000e+002 -4.66559e+001  1.13037e+001  4.83000e+002
           655  5.00993e+002  6.55000e+002 -4.66571e+001  1.13037e+001  4.83333e+002
           656  5.01325e+002  6.56000e+002 -4.66597e+001  1.13037e+001  4.83667e+002
           657  5.01660e+002  6.57000e+002 -4.66621e+001  1.13037e+001  4.84000e+002
           658  5.01989e+002  6.58000e+002 -4.66647e+001  1.13037e+001  4.84333e+002
           659  5.02327e+002  6.59000e+002 -4.66666e+001  1.13037e+001  4.84667e+002
           660  5.02654e+002  6.60000e+002 -4.66639e+001  1.13036e+001  4.85000e+002
           661  5.02994e+002  6.61000e+002 -4.66608e+001  1.13036e+001  4.85333e+002
           662  5.03324e+002  6.62000e+002 -4.66578e+001  1.13036e+001  4.85667e+002
           663  5.03662e+002  6.63000e+002 -4.66547e+001  1.13037e+001  4.86000e+002
           664  5.03999e+002  6.64000e+002 -4.66492e+001  1.13037e+001  4.86333e+002
           665  5.04321e+002  6.65000e+002 -4.66452e+001  1.13037e+001  4.86667e+002
           666  5.04656e+002  6.66000e+002 -4.66412e+001  1.13038e+001  4.87000e+002
           667  5.04992e+002  6.67000e+002 -4.66377e+001  1.13038e+001  4.87333e+002
           668  5.05325e+002  6.68000e+002 -4.66309e+001  1.13038e+001  4.87667e+002
           669  5.05660e+002  6.69000e+002 -4.66259e+001  1.13039e+001  4.88000e+002
           670  5.05992e+002  6.70000e+002 -4.66213e+001  1.13039e+001  4.88333e+002
           671  5.06326e+002  6.71000e+002 -4.66171e+001  1.13039e+001  4.88667e+002
           672  5.06651e+002  6.72000e+002 -4.66133e+001  1.13039e+001  4.89000e+002
           673  5.06993e+002  6.73000e+002 -4.66092e+001  1.13039e+001  4.89333e+002
           674  5.07324e+002  6.74000e+002 -4.66055e+001  1.13039e+001  4.89667e+002
           675  5.07661e+002  6.75000e+002 -4.66024e+001  1.13040e+001  4.90000e+002
           676  5.07986e+002  6.76000e+002 -4.66012e+001  1.13040e+001  4.90333e+002
           677  5.08323e+002  6.77000e+002 -4.65978e+001  1.13040e+001  4.90667e+002
           678  5.08656e+002  6.78000e+002 -4.65936e+001  1.13040e+001  4.91000e+002
           679  5.08991e+002  6.79000e+002 -4.65893e+001  1.13041e+001  4.91333e+002
           680  5.09321e+002  6.80000e+002 -4.65845e+001  1.13041e+001  4.91667e+002
           681  5.09659e+002  6.81000e+002 -4.65794e+001  1.13041e+001  4.92000e+002
           682  5.09988e+002  6.82000e+002 -4.65752e+001  1.13041e+001  4.92333e+002
           683  5.10324e+002  6.83000e+002 -4.65711e+001  1.13041e+001  4.92667e+002
           684  5.10658e+002  6.84000e+002 -4.65684e+001  1.13041e+001  4.93000e+002
           685  5.10986e+002  6.85000e+002 -4.65654e+001  1.13041e+001  4.93333e+002
           686  5.11318e+002  6.86000e+002 -4.65623e+001  1.13041e+001  4.93667e+002
           687  5.11657e+002  6.87000e+002 -4.65591e+001  1.13041e+001  4.94000e+002
           688  5.11984e+002  6.88000e+002 -4.65537e+001  1.13041e+001  4.94333e+002
           689  5.12319e+002  6.89000e+002 -4.65489e+001  1.13041e+001  4.94667e+002
           690  5.12651e+002  6.90000e+002 -4.65450e+001  1.13041e+001  4.95000e+002
           691  5.12977e+002  6.91000e+002 -4.65417e+001  1.13041e+001  4.95333e+002
           692  5.13318e+002  6.92000e+002 -4.65382e+001  1.13041e+001  4.95667e+002
           693  5.13646e+002  6.93000e+002 -4.65392e+001  1.13041e+001  4.96000e+002
           694  5.13980e+002  6.94000e+002 -4.65378e+001  1.13041e+001  4.96333e+002
           695  5.14317e+002  6.95000e+002 -4.65352e+001  1.13042e+001  4.96667e+002
           696  5.14646e+002  6.96000e+002 -4.65320e+001  1.13042e+001  4.97000e+002
           697  5.14982e+002  6.97000e+002 -4.65285e+001  1.13042e+001  4.97333e+002
           698  5.15320e+002  6.98000e+002 -4.65249e+001  1.13043e+001  4.97667e+002
           699  5.15648e+002  6.99000e+002 -4.65221e+001  1.13043e+001  4.98000e+002
           700  5.15980e+002  7.00000e+002 -4.65198e+001  1.13043e+001  4.98333e+002
           701  5.16318e+002  7.01000e+002 -4.65182e+001  1.13043e+001  4.98667e+002
           702  5.16647e+002  7.02000e+002 -4.65151e+001  1.13043e+001  4.99000e+002
           703  5.16979e+002  7.03000e+002 -4.65114e+001  1.13043e+001  4.99333e+002
           704  5.17311e+002  7.04000e+002 -4.65075e+001  1.13044e+001  4.99667e+002
           705  5.17639e+002  7.05000e+002 -4.65000e+001  1.13044e+001  5.00000e+002
           706  5.17972e+002  7.06000e+002 -4.64939e+001  1.13044e+001  5.00333e+002
           707  5.18310e+002  7.07000e+002 -4.64878e+001  1.13044e+001  5.00667e+002
           708  5.18639e+002  7.08000e+002 -4.64814e+001  1.13044e+001  5.01000e+002
           709  5.18969e+002  7.09000e+002 -4.64751e+001  1.13044e+001  5.01333e+002
           710  5.19306e+002  7.10000e+002 -4.64701e+001  1.13044e+001  5.01667e+002
           711  5.19636e+002  7.11000e+002 -4.64652e+001  1.13044e+001  5.02000e+002
           712  5.19974e+002  7.12000e+002 -4.64611e+001  1.13044e+001  5.02333e+002
           713  5.20300e+002  7.13000e+002 -4.64577e+001  1.13045e+001  5.02667e+002
           714  5.20632e+002  7.14000e+002 -4.64561e+001  1.13045e+001  5.03000e+002
           715  5.20959e+002  7.15000e+002 -4.64539e+001  1.13045e+001  5.03333e+002
           716  5.21296e+002  7.16000e+002 -4.64519e+001  1.13045e+001  5.03667e+002
           717  5.21627e+002  7.17000e+002 -4.64539e+001  1.13046e+001  5.04000e+002
           718  5.21952e+002  7.18000e+002 -4.64529e+001  1.13046e+001  5.04333e+002
           719  5.22287e+002  7.19000e+002 -4.64513e+001  1.13045e+001  5.04667e+002
           720  5.22624e+002  7.20000e+002 -4.64491e+001  1.13045e+001  5.05000e+002
           721  5.22950e+002  7.21000e+002 -4.64537e+001  1.13045e+001  5.05333e+002
           722  5.23285e+002  7.22000e+002 -4.64539e+001  1.13044e+001  5.05667e+002
           723  5.23614e+002  7.23000e+002 -4.64532e+001  1.13044e+001  5.06000e+002
           724  5.23949e+002  7.24000e+002 -4.64527e+001  1.13043e+001  5.06333e+002
           725  5.24284e+002  7.25000e+002 -4.64490e+001  1.13042e+001  5.06667e+002
           726  5.24617e+002  7.26000e+002 -4.64476e+001  1.13042e+001  5.07000e+002
           727  5.24944e+002  7.27000e+002 -4.64474e+001  1.13041e+001  5.07333e+002
           728  5.25278e+002  7.28000e+002 -4.64474e+001  1.13041e+001  5.07667e+002
           729  5.25609e+002  7.29000e+002 -4.64465e+001  1.13041e+001  5.08000e+002
           730  5.25941e+002  7.30000e+002 -4.64457e+001  1.13041e+001  5.08333e+002
           731  5.26281e+002  7.31000e+002 -4.64451e+001  1.13041e+001  5.08667e+002
           732  5.26611e+002  7.32000e+002 -4.64449e+001  1.13041e+001  5.09000e+002
           733  5.26934e+002  7.33000e+002 -4.64443e+001  1.13041e+001  5.09333e+002
           734  5.27266e+002  7.34000e+002 -4.64423e+001  1.13041e+001  5.09667e+002
           735  5.27601e+002  7.35000e+002 -4.64400e+001  1.13041e+001  5.10000e+002
           736  5.27936e+002  7.36000e+002 -4.64375e+001  1.13042e+001  5.10333e+002
           737  5.28266e+002  7.37000e+002 -4.64358e+001  1.13042e+001  5.10667e+002
           738  5.28592e+002  7.38000e+002 -4.64339e+001  1.13042e+001  5.11000e+002
           739  5.28929e+002  7.39000e+002 -4.64317e+001  1.13042e+001  5.11333e+002
           740  5.29261e+002  7.40000e+002 -4.64297e+001  1.13043e+001  5.11667e+002
           741  5.29590e+002  7.41000e+002 -4.64269e+001  1.13043e+001  5.12000e+002
           742  5.29922e+002  7.42000e+002 -4.64246e+001  1.13043e+001  5.12333e+002
           743  5.30250e+002  7.43000e+002 -4.64221e+001  1.13044e+001  5.12667e+002
           744  5.30582e+002  7.44000e+002 -4.64196e+001  1.13044e+001  5.13000e+002
           745  5.30917e+002  7.45000e+002 -4.64172e+001  1.13044e+001  5.13333e+002
           746  5.31245e+002  7.46000e+002 -4.64145e+001  1.13044e+001  5.13667e+002
           747  5.31584e+002  7.47000e+002 -4.64116e+001  1.13044e+001  5.14000e+002
           748  5.31911e+002  7.48000e+002 -4.64083e+001  1.13044e+001  5.14333e+002
           749  5.32243e+002  7.49000e+002 -4.64056e+001  1.13044e+001  5.14667e+002
           750  5.32577e+002  7.50000e+002 -4.64032e+001  1.13044e+001  5.15000e+002
           751  5.32906e+002  7.51000e+002 -4.64018e+001  1.13045e+001  5.15333e+002
           752  5.33234e+002  7.52000e+002 -4.63997e+001  1.13045e+001  5.15667e+002
           753  5.33567e+002  7.53000e+002 -4.63981e+001  1.13045e+001  5.16000e+002
           754  5.33899e+002  7.54000e+002 -4.63975e+001  1.13046e+001  5.16333e+002
           755  5.34230e+002  7.55000e+002 -4.63971e+001  1.13046e+001  5.16667e+002
           756  5.34565e+002  7.56000e+002 -4.63971e+001  1.13046e+001  5.17000e+002
           757  5.34893e+002  7.57000e+002 -4.63992e+001  1.13045e+001  5.17333e+002
           758  5.35229e+002  7.58000e+002 -4.64001e+001  1.13044e+001  5.17667e+002
           759  5.35561e+002  7.59000e+002 -4.64007e+001  1.13044e+001  5.18000e+002
           760  5.35884e+002  7.60000e+002 -4.64010e+001  1.13043e+001  5.18333e+002
           761  5.36220e+002  7.61000e+002 -4.64042e+001  1.13042e+001  5.18667e+002
           762  5.36551e+002  7.62000e+002 -4.64057e+001  1.13042e+001  5.19000e+002
           763  5.36879e+002  7.63000e+002 -4.64061e+001  1.13041e+001  5.19333e+002
           764  5.37215e+002  7.64000e+002 -4.64059e+001  1.13041e+001  5.19667e+002
           765  5.37545e+002  7.65000e+002 -4.64056e+001  1.13041e+001  5.20000e+002
           766  5.37872e+002  7.66000e+002 -4.64048e+001  1.13041e+001  5.20333e+002
           767  5.38205e+002  7.67000e+002 -4.64038e+001  1.13041e+001  5.20667e+002
           768  5.38542e+002  7.68000e+002 -4.64025e+001  1.13042e+001  5.21000e+002
           769  5.38872e+002  7.69000e+002 -4.63988e+001  1.13042e+001  5.21333e+002
           770  5.39204e+002  7.70000e+002 -4.63965e+001  1.13043e+001  5.21667e+002
           771  5.39532e+002  7.71000e+002 -4.63939e+001  1.13043e+001  5.22000e+002
           772  5.39868e+002  7.72000e+002 -4.63914e+001  1.13044e+001  5.22333e+002
           773  5.40200e+002  7.73000e+002 -4.63870e+001  1.13044e+001  5.22667e+002
           774  5.40532e+002  7.74000e+002 -4.63843e+001  1.13045e+001  5.23000e+002
           775  5.40860e+002  7.75000e+002 -4.63828e+001  1.13046e+001  5.23333e+002
           776  5.41190e+002  7.76000e+002 -4.63818e+001  1.13046e+001  5.23667e+002
           777  5.41526e+002  7.77000e+002 -4.63793e+001  1.13047e+001  5.24000e+002
           778  5.41852e+002  7.78000e+002 -4.63771e+001  1.13047e+001  5.24333e+002
           779  5.42184e+002  7.79000e+002 -4.63743e+001  1.13047e+001  5.24667e+002
           780  5.42514e+002  7.80000e+002 -4.63712e+001  1.13048e+001  5.25000e+002
           781  5.42852e+002  7.81000e+002 -4.63714e+001  1.13048e+001  5.25333e+002
           782  5.43179e+002  7.82000e+002 -4.63715e+001  1.13048e+001  5.25667e+002
           783  5.43511e+002  7.83000e+002 -4.63714e+001  1.13048e+001  5.26000e+002
           784  5.43836e+002  7.84000e+002 -4.63718e+001  1.13049e+001  5.26333e+002
           785  5.44171e+002  7.85000e+002 -4.63716e+001  1.13049e+001  5.26667e+002
           786  5.44503e+002  7.86000e+002 -4.63708e+001  1.13048e+001  5.27000e+002
           787  5.44825e+002  7.87000e+002 -4.63702e+001  1.13048e+001  5.27333e+002
           788  5.45158e+002  7.88000e+002 -4.63696e+001  1.13048e+001  5.27667e+002
           789  5.45494e+002  7.89000e+002 -4.63696e+001  1.13048e+001  5.28000e+002
           790  5.45824e+002  7.90000e+002 -4.63708e+001  1.13048e+001  5.28333e+002
           791  5.46149e+002  7.91000e+002 -4.63696e+001  1.13047e+001  5.28667e+002
           792  5.46486e+002  7.92000e+002 -4.63692e+001  1.13046e+001  5.29000e+002
           793  5.46822e+002  7.93000e+002 -4.63693e+001  1.13046e+001  5.29333e+002
           794  5.47151e+002  7.94000e+002 -4.63654e+001  1.13045e+001  5.29667e+002
           795  5.47482e+002  7.95000e+002 -4.63647e+001  1.13044e+001  5.30000e+002
           796  5.47817e+002  7.96000e+002 -4.63639e+001  1.13043e+001  5.30333e+002
           797  5.48143e+002  7.97000e+002 -4.63634e+001  1.13043e+001  5.30667e+002
           798  5.48478e+002  7.98000e+002 -4.63617e+001  1.13042e+001  5.31000e+002
           799  5.48808e+002  7.99000e+002 -4.63609e+001  1.13042e+001  5.31333e+002
           800  5.49137e+002  8.00000e+002 -4.63607e+001  1.13042e+001  5.31667e+002
           801  5.49468e+002  8.01000e+002 -4.63614e+001  1.13042e+001  5.32000e+002
           802  5.49798e+002  8.02000e+002 -4.63629e+001  1.13042e+001  5.32333e+002
           803  5.50129e+002  8.03000e+002 -4.63629e+001  1.13043e+001  5.32667e+002
           804  5.50460e+002  8.04000e+002 -4.63630e+001  1.13043e+001  5.33000e+002
           805  5.50793e+002  8.05000e+002 -4.63627e+001  1.13043e+001  5.33333e+002
           806  5.51120e+002  8.06000e+002 -4.63622e+001  1.13043e+001  5.33667e+002
           807  5.51455e+002  8.07000e+002 -4.63611e+001  1.13044e+001  5.34000e+002
           808  5.51789e+002  8.08000e+002 -4.63589e+001  1.13044e+001  5.34333e+002
           809  5.52117e+002  8.09000e+002 -4.63561e+001  1.13045e+001  5.34667e+002
           810  5.52452e+002  8.10000e+002 -4.63547e+001  1.13045e+001  5.35000e+002
           811  5.52780e+002  8.11000e+002 -4.63520e+001  1.13046e+001  5.35333e+002
           812  5.53113e+002  8.12000e+002 -4.63494e+001  1.13047e+001  5.35667e+002
           813  5.53439e+002  8.13000e+002 -4.63472e+001  1.13047e+001  5.36000e+002
           814  5.53770e+002  8.14000e+002 -4.63422e+001  1.13048e+001  5.36333e+002
           815  5.54101e+002  8.15000e+002 -4.63389e+001  1.13048e+001  5.36667e+002
           816  5.54437e+002  8.16000e+002 -4.63353e+001  1.13049e+001  5.37000e+002
           817  5.54764e+002  8.17000e+002 -4.63311e+001  1.13049e+001  5.37333e+002
           818  5.55096e+002  8.18000e+002 -4.63258e+001  1.13050e+001  5.37667e+002
           819  5.55423e+002  8.19000e+002 -4.63222e+001  1.13050e+001  5.38000e+002
           820  5.55750e+002  8.20000e+002 -4.63188e+001  1.13050e+001  5.38333e+002
           821  5.56084e+002  8.21000e+002 -4.63150e+001  1.13050e+001  5.38667e+002
           822  5.56414e+002  8.22000e+002 -4.63132e+001  1.13050e+001  5.39000e+002
           823  5.56745e+002  8.23000e+002 -4.63106e+001  1.13050e+001  5.39333e+002
           824  5.57076e+002  8.24000e+002 -4.63082e+001  1.13050e+001  5.39667e+002
           825  5.57410e+002  8.25000e+002 -4.63061e+001  1.13050e+001  5.40000e+002
           826  5.57742e+002  8.26000e+002 -4.63017e+001  1.13050e+001  5.40333e+002
           827  5.58069e+002  8.27000e+002 -4.62990e+001  1.13049e+001  5.40667e+002
           828  5.58403e+002  8.28000e+002 -4.62980e+001  1.13049e+001  5.41000e+002
           829  5.58732e+002  8.29000e+002 -4.62978e+001  1.13049e+001  5.41333e+002
           830  5.59067e+002  8.30000e+002 -4.63002e+001  1.13048e+001  5.41667e+002
           831  5.59393e+002  8.31000e+002 -4.63006e+001  1.13048e+001  5.42000e+002
           832  5.59722e+002  8.32000e+002 -4.62998e+001  1.13048e+001  5.42333e+002
           833  5.60058e+002  8.33000e+002 -4.62992e+001  1.13047e+001  5.42667e+002
           834  5.60386e+002  8.34000e+002 -4.63013e+001  1.13047e+001  5.43000e+002
           835  5.60720e+002  8.35000e+002 -4.63018e+001  1.13047e+001  5.43333e+002
           836  5.61045e+002  8.36000e+002 -4.63019e+001  1.13047e+001  5.43667e+002
           837  5.61380e+002  8.37000e+002 -4.63024e+001  1.13047e+001  5.44000e+002
           838  5.61706e+002  8.38000e+002 -4.63050e+001  1.13047e+001  5.44333e+002
           839  5.62032e+002  8.39000e+002 -4.63067e+001  1.13047e+001  5.44667e+002
           840  5.62366e+002  8.40000e+002 -4.63069e+001  1.13047e+001  5.45000e+002
           841  5.62706e+002  8.41000e+002 -4.63067e+001  1.13047e+001  5.45333e+002
           842  5.63033e+002  8.42000e+002 -4.63049e+001  1.13047e+001  5.45667e+002
           843  5.63362e+002  8.43000e+002 -4.63035e+001  1.13048e+001  5.46000e+002
           844  5.63688e+002  8.44000e+002 -4.63015e+001  1.13048e+001  5.46333e+002
           845  5.64020e+002  8.45000e+002 -4.62993e+001  1.13049e+001  5.46667e+002
           846  5.64350e+002  8.46000e+002 -4.62959e+001  1.13049e+001  5.47000e+002
           847  5.64680e+002  8.47000e+002 -4.62920e+001  1.13049e+001  5.47333e+002
           848  5.65013e+002  8.48000e+002 -4.62875e+001  1.13050e+001  5.47667e+002
           849  5.65352e+002  8.49000e+002 -4.62831e+001  1.13050e+001  5.48000e+002
           850  5.65685e+002  8.50000e+002 -4.62742e+001  1.13050e+001  5.48333e+002
           851  5.66008e+002  8.51000e+002 -4.62680e+001  1.13051e+001  5.48667e+002
           852  5.66343e+002  8.52000e+002 -4.62620e+001  1.13051e+001  5.49000e+002
           853  5.66666e+002  8.53000e+002 -4.62555e+001  1.13052e+001  5.49333e+002
           854  5.66992e+002  8.54000e+002 -4.62464e+001  1.13052e+001  5.49667e+002
           855  5.67332e+002  8.55000e+002 -4.62383e+001  1.13053e+001  5.50000e+002
           856  5.67657e+002  8.56000e+002 -4.62313e+001  1.13053e+001  5.50333e+002
           857  5.67988e+002  8.57000e+002 -4.62246e+001  1.13054e+001  5.50667e+002
           858  5.68322e+002  8.58000e+002 -4.62180e+001  1.13055e+001  5.51000e+002
           859  5.68647e+002  8.59000e+002 -4.62114e+001  1.13055e+001  5.51333e+002
           860  5.68984e+002  8.60000e+002 -4.62054e+001  1.13056e+001  5.51667e+002
           861  5.69316e+002  8.61000e+002 -4.61993e+001  1.13056e+001  5.52000e+002
           862  5.69646e+002  8.62000e+002 -4.61938e+001  1.13056e+001  5.52333e+002
           863  5.69973e+002  8.63000e+002 -4.61892e+001  1.13056e+001  5.52667e+002
           864  5.70305e+002  8.64000e+002 -4.61852e+001  1.13056e+001  5.53000e+002
           865  5.70631e+002  8.65000e+002 -4.61811e+001  1.13056e+001  5.53333e+002
           866  5.70955e+002  8.66000e+002 -4.61777e+001  1.13055e+001  5.53667e+002
           867  5.71289e+002  8.67000e+002 -4.61743e+001  1.13055e+001  5.54000e+002
           868  5.71622e+002  8.68000e+002 -4.61721e+001  1.13055e+001  5.54333e+002
           869  5.71950e+002  8.69000e+002 -4.61704e+001  1.13055e+001  5.54667e+002
           870  5.72287e+002  8.70000e+002 -4.61686e+001  1.13055e+001  5.55000e+002
           871  5.72615e+002  8.71000e+002 -4.61675e+001  1.13054e+001  5.55333e+002
           872  5.72941e+002  8.72000e+002 -4.61685e+001  1.13054e+001  5.55667e+002
           873  5.73271e+002  8.73000e+002 -4.61707e+001  1.13054e+001  5.56000e+002
           874  5.73605e+002  8.74000e+002 -4.61736e+001  1.13054e+001  5.56333e+002
           875  5.73935e+002  8.75000e+002 -4.61771e+001  1.13055e+001  5.56667e+002
           876  5.74263e+002  8.76000e+002 -4.61824e+001  1.13055e+001  5.57000e+002
           877  5.74586e+002  8.77000e+002 -4.61886e+001  1.13054e+001  5.57333e+002
           878  5.74916e+002  8.78000e+002 -4.61951e+001  1.13054e+001  5.57667e+002
           879  5.75249e+002  8.79000e+002 -4.62014e+001  1.13054e+001  5.58000e+002
           880  5.75581e+002  8.80000e+002 -4.62082e+001  1.13054e+001  5.58333e+002
           881  5.75910e+002  8.81000e+002 -4.62147e+001  1.13054e+001  5.58667e+002
           882  5.76243e+002  8.82000e+002 -4.62207e+001  1.13053e+001  5.59000e+002
           883  5.76573e+002  8.83000e+002 -4.62266e+001  1.13053e+001  5.59333e+002
           884  5.76899e+002  8.84000e+002 -4.62329e+001  1.13053e+001  5.59667e+002
           885  5.77223e+002  8.85000e+002 -4.62384e+001  1.13053e+001  5.60000e+002
]7[Zn RR Ar 50 ml/min total calib
