         Index            Ts             t            HF        Weight            Tr
           [#]          [°C]           [s]          [mW]          [mg]          [°C]
             0  3.97462e+002  0.00000e+000 -4.54744e+001  1.13188e+001  3.80000e+002
             1  3.97417e+002  1.00000e+000 -4.54809e+001  1.13187e+001  3.80083e+002
             2  3.97416e+002  2.00000e+000 -4.54883e+001  1.13185e+001  3.80167e+002
             3  3.97420e+002  3.00000e+000 -4.54969e+001  1.13184e+001  3.80250e+002
             4  3.97442e+002  4.00000e+000 -4.55072e+001  1.13181e+001  3.80333e+002
             5  3.97473e+002  5.00000e+000 -4.55207e+001  1.13179e+001  3.80417e+002
             6  3.97509e+002  6.00000e+000 -4.55373e+001  1.13178e+001  3.80500e+002
             7  3.97550e+002  7.00000e+000 -4.55557e+001  1.13176e+001  3.80583e+002
             8  3.97596e+002  8.00000e+000 -4.55914e+001  1.13175e+001  3.80667e+002
             9  3.97651e+002  9.00000e+000 -4.56173e+001  1.13175e+001  3.80750e+002
            10  3.97704e+002  1.00000e+001 -4.56413e+001  1.13175e+001  3.80833e+002
            11  3.97772e+002  1.10000e+001 -4.56646e+001  1.13175e+001  3.80917e+002
            12  3.97841e+002  1.20000e+001 -4.56996e+001  1.13176e+001  3.81000e+002
            13  3.97914e+002  1.30000e+001 -4.57253e+001  1.13177e+001  3.81083e+002
            14  3.97980e+002  1.40000e+001 -4.57478e+001  1.13177e+001  3.81167e+002
            15  3.98062e+002  1.50000e+001 -4.57696e+001  1.13178e+001  3.81250e+002
            16  3.98134e+002  1.60000e+001 -4.57942e+001  1.13178e+001  3.81333e+002
            17  3.98211e+002  1.70000e+001 -4.58163e+001  1.13179e+001  3.81417e+002
            18  3.98292e+002  1.80000e+001 -4.58356e+001  1.13179e+001  3.81500e+002
            19  3.98365e+002  1.90000e+001 -4.58539e+001  1.13179e+001  3.81583e+002
            20  3.98445e+002  2.00000e+001 -4.58622e+001  1.13179e+001  3.81667e+002
            21  3.98525e+002  2.10000e+001 -4.58758e+001  1.13178e+001  3.81750e+002
            22  3.98606e+002  2.20000e+001 -4.58895e+001  1.13178e+001  3.81833e+002
            23  3.98693e+002  2.30000e+001 -4.59021e+001  1.13178e+001  3.81917e+002
            24  3.98776e+002  2.40000e+001 -4.59057e+001  1.13177e+001  3.82000e+002
            25  3.98855e+002  2.50000e+001 -4.59149e+001  1.13177e+001  3.82083e+002
            26  3.98934e+002  2.60000e+001 -4.59249e+001  1.13176e+001  3.82167e+002
            27  3.99013e+002  2.70000e+001 -4.59347e+001  1.13175e+001  3.82250e+002
            28  3.99093e+002  2.80000e+001 -4.59371e+001  1.13174e+001  3.82333e+002
            29  3.99178e+002  2.90000e+001 -4.59429e+001  1.13173e+001  3.82417e+002
            30  3.99261e+002  3.00000e+001 -4.59490e+001  1.13173e+001  3.82500e+002
            31  3.99337e+002  3.10000e+001 -4.59548e+001  1.13172e+001  3.82583e+002
            32  3.99408e+002  3.20000e+001 -4.59564e+001  1.13171e+001  3.82667e+002
            33  3.99496e+002  3.30000e+001 -4.59569e+001  1.13170e+001  3.82750e+002
            34  3.99574e+002  3.40000e+001 -4.59568e+001  1.13169e+001  3.82833e+002
            35  3.99652e+002  3.50000e+001 -4.59576e+001  1.13168e+001  3.82917e+002
            36  3.99734e+002  3.60000e+001 -4.59542e+001  1.13168e+001  3.83000e+002
            37  3.99812e+002  3.70000e+001 -4.59516e+001  1.13167e+001  3.83083e+002
            38  3.99888e+002  3.80000e+001 -4.59507e+001  1.13166e+001  3.83167e+002
            39  3.99967e+002  3.90000e+001 -4.59498e+001  1.13165e+001  3.83250e+002
            40  4.00040e+002  4.00000e+001 -4.59411e+001  1.13164e+001  3.83333e+002
            41  4.00115e+002  4.10000e+001 -4.59359e+001  1.13163e+001  3.83417e+002
            42  4.00192e+002  4.20000e+001 -4.59316e+001  1.13163e+001  3.83500e+002
            43  4.00266e+002  4.30000e+001 -4.59280e+001  1.13162e+001  3.83583e+002
            44  4.00335e+002  4.40000e+001 -4.59243e+001  1.13162e+001  3.83667e+002
            45  4.00418e+002  4.50000e+001 -4.59184e+001  1.13161e+001  3.83750e+002
            46  4.00490e+002  4.60000e+001 -4.59135e+001  1.13161e+001  3.83833e+002
            47  4.00571e+002  4.70000e+001 -4.59088e+001  1.13160e+001  3.83917e+002
            48  4.00643e+002  4.80000e+001 -4.59045e+001  1.13160e+001  3.84000e+002
            49  4.00720e+002  4.90000e+001 -4.58977e+001  1.13160e+001  3.84083e+002
            50  4.00789e+002  5.00000e+001 -4.58918e+001  1.13160e+001  3.84167e+002
            51  4.00865e+002  5.10000e+001 -4.58855e+001  1.13160e+001  3.84250e+002
            52  4.00940e+002  5.20000e+001 -4.58790e+001  1.13160e+001  3.84333e+002
            53  4.01017e+002  5.30000e+001 -4.58707e+001  1.13159e+001  3.84417e+002
            54  4.01088e+002  5.40000e+001 -4.58625e+001  1.13159e+001  3.84500e+002
            55  4.01160e+002  5.50000e+001 -4.58544e+001  1.13159e+001  3.84583e+002
            56  4.01237e+002  5.60000e+001 -4.58462e+001  1.13158e+001  3.84667e+002
            57  4.01305e+002  5.70000e+001 -4.58371e+001  1.13158e+001  3.84750e+002
            58  4.01386e+002  5.80000e+001 -4.58297e+001  1.13158e+001  3.84833e+002
            59  4.01458e+002  5.90000e+001 -4.58223e+001  1.13158e+001  3.84917e+002
            60  4.01530e+002  6.00000e+001 -4.58140e+001  1.13157e+001  3.85000e+002
            61  4.01596e+002  6.10000e+001 -4.58044e+001  1.13158e+001  3.85083e+002
            62  4.01674e+002  6.20000e+001 -4.57960e+001  1.13158e+001  3.85167e+002
            63  4.01746e+002  6.30000e+001 -4.57879e+001  1.13158e+001  3.85250e+002
            64  4.01821e+002  6.40000e+001 -4.57796e+001  1.13158e+001  3.85333e+002
            65  4.01900e+002  6.50000e+001 -4.57767e+001  1.13159e+001  3.85417e+002
            66  4.01970e+002  6.60000e+001 -4.57725e+001  1.13159e+001  3.85500e+002
            67  4.02039e+002  6.70000e+001 -4.57675e+001  1.13159e+001  3.85583e+002
            68  4.02111e+002  6.80000e+001 -4.57621e+001  1.13159e+001  3.85667e+002
            69  4.02183e+002  6.90000e+001 -4.57587e+001  1.13159e+001  3.85750e+002
            70  4.02255e+002  7.00000e+001 -4.57544e+001  1.13158e+001  3.85833e+002
            71  4.02331e+002  7.10000e+001 -4.57496e+001  1.13157e+001  3.85917e+002
            72  4.02404e+002  7.20000e+001 -4.57450e+001  1.13156e+001  3.86000e+002
            73  4.02465e+002  7.30000e+001 -4.57449e+001  1.13155e+001  3.86083e+002
            74  4.02546e+002  7.40000e+001 -4.57416e+001  1.13153e+001  3.86167e+002
            75  4.02614e+002  7.50000e+001 -4.57376e+001  1.13152e+001  3.86250e+002
            76  4.02693e+002  7.60000e+001 -4.57342e+001  1.13151e+001  3.86333e+002
            77  4.02767e+002  7.70000e+001 -4.57296e+001  1.13149e+001  3.86417e+002
            78  4.02840e+002  7.80000e+001 -4.57259e+001  1.13148e+001  3.86500e+002
            79  4.02911e+002  7.90000e+001 -4.57219e+001  1.13146e+001  3.86583e+002
            80  4.02979e+002  8.00000e+001 -4.57177e+001  1.13145e+001  3.86667e+002
            81  4.03058e+002  8.10000e+001 -4.57146e+001  1.13144e+001  3.86750e+002
            82  4.03128e+002  8.20000e+001 -4.57118e+001  1.13143e+001  3.86833e+002
            83  4.03197e+002  8.30000e+001 -4.57078e+001  1.13143e+001  3.86917e+002
            84  4.03273e+002  8.40000e+001 -4.57032e+001  1.13142e+001  3.87000e+002
            85  4.03345e+002  8.50000e+001 -4.57010e+001  1.13142e+001  3.87083e+002
            86  4.03420e+002  8.60000e+001 -4.56979e+001  1.13141e+001  3.87167e+002
            87  4.03493e+002  8.70000e+001 -4.56939e+001  1.13141e+001  3.87250e+002
            88  4.03566e+002  8.80000e+001 -4.56895e+001  1.13141e+001  3.87333e+002
            89  4.03638e+002  8.90000e+001 -4.56846e+001  1.13141e+001  3.87417e+002
            90  4.03715e+002  9.00000e+001 -4.56793e+001  1.13141e+001  3.87500e+002
            91  4.03787e+002  9.10000e+001 -4.56727e+001  1.13141e+001  3.87583e+002
            92  4.03864e+002  9.20000e+001 -4.56657e+001  1.13141e+001  3.87667e+002
            93  4.03938e+002  9.30000e+001 -4.56571e+001  1.13141e+001  3.87750e+002
            94  4.04007e+002  9.40000e+001 -4.56497e+001  1.13142e+001  3.87833e+002
            95  4.04078e+002  9.50000e+001 -4.56425e+001  1.13142e+001  3.87917e+002
            96  4.04158e+002  9.60000e+001 -4.56354e+001  1.13142e+001  3.88000e+002
            97  4.04232e+002  9.70000e+001 -4.56269e+001  1.13143e+001  3.88083e+002
            98  4.04306e+002  9.80000e+001 -4.56205e+001  1.13143e+001  3.88167e+002
            99  4.04379e+002  9.90000e+001 -4.56159e+001  1.13143e+001  3.88250e+002
           100  4.04459e+002  1.00000e+002 -4.56115e+001  1.13144e+001  3.88333e+002
           101  4.04537e+002  1.01000e+002 -4.56084e+001  1.13144e+001  3.88417e+002
           102  4.04611e+002  1.02000e+002 -4.56048e+001  1.13145e+001  3.88500e+002
           103  4.04685e+002  1.03000e+002 -4.56012e+001  1.13145e+001  3.88583e+002
           104  4.04757e+002  1.04000e+002 -4.55975e+001  1.13145e+001  3.88667e+002
           105  4.04831e+002  1.05000e+002 -4.55994e+001  1.13145e+001  3.88750e+002
           106  4.04907e+002  1.06000e+002 -4.55989e+001  1.13145e+001  3.88833e+002
           107  4.04979e+002  1.07000e+002 -4.55976e+001  1.13144e+001  3.88917e+002
           108  4.05050e+002  1.08000e+002 -4.55961e+001  1.13144e+001  3.89000e+002
           109  4.05130e+002  1.09000e+002 -4.55976e+001  1.13143e+001  3.89083e+002
           110  4.05205e+002  1.10000e+002 -4.55967e+001  1.13142e+001  3.89167e+002
           111  4.05285e+002  1.11000e+002 -4.55965e+001  1.13140e+001  3.89250e+002
           112  4.05362e+002  1.12000e+002 -4.55969e+001  1.13139e+001  3.89333e+002
           113  4.05434e+002  1.13000e+002 -4.55967e+001  1.13137e+001  3.89417e+002
           114  4.05514e+002  1.14000e+002 -4.55969e+001  1.13135e+001  3.89500e+002
           115  4.05582e+002  1.15000e+002 -4.55965e+001  1.13133e+001  3.89583e+002
           116  4.05653e+002  1.16000e+002 -4.55961e+001  1.13132e+001  3.89667e+002
           117  4.05729e+002  1.17000e+002 -4.55953e+001  1.13130e+001  3.89750e+002
           118  4.05807e+002  1.18000e+002 -4.55944e+001  1.13129e+001  3.89833e+002
           119  4.05885e+002  1.19000e+002 -4.55930e+001  1.13127e+001  3.89917e+002
           120  4.05958e+002  1.20000e+002 -4.55914e+001  1.13126e+001  3.90000e+002
           121  4.06032e+002  1.21000e+002 -4.55895e+001  1.13126e+001  3.90083e+002
           122  4.06113e+002  1.22000e+002 -4.55876e+001  1.13125e+001  3.90167e+002
           123  4.06191e+002  1.23000e+002 -4.55838e+001  1.13124e+001  3.90250e+002
           124  4.06269e+002  1.24000e+002 -4.55791e+001  1.13124e+001  3.90333e+002
           125  4.06342e+002  1.25000e+002 -4.55702e+001  1.13123e+001  3.90417e+002
           126  4.06416e+002  1.26000e+002 -4.55638e+001  1.13123e+001  3.90500e+002
           127  4.06494e+002  1.27000e+002 -4.55580e+001  1.13122e+001  3.90583e+002
           128  4.06569e+002  1.28000e+002 -4.55529e+001  1.13121e+001  3.90667e+002
           129  4.06647e+002  1.29000e+002 -4.55454e+001  1.13120e+001  3.90750e+002
           130  4.06723e+002  1.30000e+002 -4.55391e+001  1.13120e+001  3.90833e+002
           131  4.06799e+002  1.31000e+002 -4.55321e+001  1.13119e+001  3.90917e+002
           132  4.06874e+002  1.32000e+002 -4.55255e+001  1.13119e+001  3.91000e+002
           133  4.06956e+002  1.33000e+002 -4.55186e+001  1.13120e+001  3.91083e+002
           134  4.07029e+002  1.34000e+002 -4.55123e+001  1.13120e+001  3.91167e+002
           135  4.07107e+002  1.35000e+002 -4.55062e+001  1.13121e+001  3.91250e+002
           136  4.07184e+002  1.36000e+002 -4.55002e+001  1.13122e+001  3.91333e+002
           137  4.07259e+002  1.37000e+002 -4.54942e+001  1.13123e+001  3.91417e+002
           138  4.07341e+002  1.38000e+002 -4.54909e+001  1.13124e+001  3.91500e+002
           139  4.07416e+002  1.39000e+002 -4.54868e+001  1.13124e+001  3.91583e+002
           140  4.07500e+002  1.40000e+002 -4.54830e+001  1.13125e+001  3.91667e+002
           141  4.07572e+002  1.41000e+002 -4.54788e+001  1.13126e+001  3.91750e+002
           142  4.07642e+002  1.42000e+002 -4.54761e+001  1.13126e+001  3.91833e+002
           143  4.07724e+002  1.43000e+002 -4.54717e+001  1.13125e+001  3.91917e+002
           144  4.07800e+002  1.44000e+002 -4.54677e+001  1.13125e+001  3.92000e+002
           145  4.07876e+002  1.45000e+002 -4.54640e+001  1.13125e+001  3.92083e+002
           146  4.07956e+002  1.46000e+002 -4.54628e+001  1.13124e+001  3.92167e+002
           147  4.08034e+002  1.47000e+002 -4.54610e+001  1.13124e+001  3.92250e+002
           148  4.08110e+002  1.48000e+002 -4.54593e+001  1.13123e+001  3.92333e+002
           149  4.08193e+002  1.49000e+002 -4.54581e+001  1.13122e+001  3.92417e+002
           150  4.08273e+002  1.50000e+002 -4.54580e+001  1.13121e+001  3.92500e+002
           151  4.08347e+002  1.51000e+002 -4.54580e+001  1.13120e+001  3.92583e+002
           152  4.08427e+002  1.52000e+002 -4.54577e+001  1.13119e+001  3.92667e+002
           153  4.08503e+002  1.53000e+002 -4.54570e+001  1.13118e+001  3.92750e+002
           154  4.08577e+002  1.54000e+002 -4.54586e+001  1.13116e+001  3.92833e+002
           155  4.08655e+002  1.55000e+002 -4.54579e+001  1.13115e+001  3.92917e+002
           156  4.08728e+002  1.56000e+002 -4.54565e+001  1.13114e+001  3.93000e+002
           157  4.08813e+002  1.57000e+002 -4.54553e+001  1.13114e+001  3.93083e+002
           158  4.08892e+002  1.58000e+002 -4.54524e+001  1.13113e+001  3.93167e+002
           159  4.08969e+002  1.59000e+002 -4.54490e+001  1.13113e+001  3.93250e+002
           160  4.09044e+002  1.60000e+002 -4.54446e+001  1.13113e+001  3.93333e+002
           161  4.09128e+002  1.61000e+002 -4.54402e+001  1.13113e+001  3.93417e+002
           162  4.09202e+002  1.62000e+002 -4.54305e+001  1.13113e+001  3.93500e+002
           163  4.09276e+002  1.63000e+002 -4.54220e+001  1.13113e+001  3.93583e+002
           164  4.09356e+002  1.64000e+002 -4.54141e+001  1.13113e+001  3.93667e+002
           165  4.09434e+002  1.65000e+002 -4.54070e+001  1.13113e+001  3.93750e+002
           166  4.09518e+002  1.66000e+002 -4.53972e+001  1.13114e+001  3.93833e+002
           167  4.09600e+002  1.67000e+002 -4.53892e+001  1.13114e+001  3.93917e+002
           168  4.09674e+002  1.68000e+002 -4.53814e+001  1.13115e+001  3.94000e+002
           169  4.09748e+002  1.69000e+002 -4.53736e+001  1.13115e+001  3.94083e+002
           170  4.09832e+002  1.70000e+002 -4.53645e+001  1.13116e+001  3.94167e+002
           171  4.09912e+002  1.71000e+002 -4.53576e+001  1.13116e+001  3.94250e+002
           172  4.09986e+002  1.72000e+002 -4.53512e+001  1.13117e+001  3.94333e+002
           173  4.10066e+002  1.73000e+002 -4.53451e+001  1.13117e+001  3.94417e+002
           174  4.10152e+002  1.74000e+002 -4.53439e+001  1.13117e+001  3.94500e+002
           175  4.10228e+002  1.75000e+002 -4.53415e+001  1.13118e+001  3.94583e+002
           176  4.10306e+002  1.76000e+002 -4.53387e+001  1.13118e+001  3.94667e+002
           177  4.10383e+002  1.77000e+002 -4.53354e+001  1.13118e+001  3.94750e+002
           178  4.10464e+002  1.78000e+002 -4.53350e+001  1.13117e+001  3.94833e+002
           179  4.10541e+002  1.79000e+002 -4.53332e+001  1.13117e+001  3.94917e+002
           180  4.10623e+002  1.80000e+002 -4.53313e+001  1.13116e+001  3.95000e+002
           181  4.10702e+002  1.81000e+002 -4.53305e+001  1.13116e+001  3.95083e+002
           182  4.10785e+002  1.82000e+002 -4.53310e+001  1.13114e+001  3.95167e+002
           183  4.10856e+002  1.83000e+002 -4.53295e+001  1.13113e+001  3.95250e+002
           184  4.10933e+002  1.84000e+002 -4.53282e+001  1.13113e+001  3.95333e+002
           185  4.11020e+002  1.85000e+002 -4.53265e+001  1.13112e+001  3.95417e+002
           186  4.11098e+002  1.86000e+002 -4.53267e+001  1.13111e+001  3.95500e+002
           187  4.11178e+002  1.87000e+002 -4.53277e+001  1.13110e+001  3.95583e+002
           188  4.11258e+002  1.88000e+002 -4.53287e+001  1.13109e+001  3.95667e+002
           189  4.11338e+002  1.89000e+002 -4.53306e+001  1.13108e+001  3.95750e+002
           190  4.11411e+002  1.90000e+002 -4.53346e+001  1.13107e+001  3.95833e+002
           191  4.11493e+002  1.91000e+002 -4.53373e+001  1.13107e+001  3.95917e+002
           192  4.11573e+002  1.92000e+002 -4.53388e+001  1.13106e+001  3.96000e+002
           193  4.11654e+002  1.93000e+002 -4.53397e+001  1.13105e+001  3.96083e+002
           194  4.11732e+002  1.94000e+002 -4.53432e+001  1.13104e+001  3.96167e+002
           195  4.11810e+002  1.95000e+002 -4.53441e+001  1.13102e+001  3.96250e+002
           196  4.11896e+002  1.96000e+002 -4.53440e+001  1.13101e+001  3.96333e+002
           197  4.11977e+002  1.97000e+002 -4.53439e+001  1.13100e+001  3.96417e+002
           198  4.12057e+002  1.98000e+002 -4.53448e+001  1.13099e+001  3.96500e+002
           199  4.12134e+002  1.99000e+002 -4.53446e+001  1.13098e+001  3.96583e+002
           200  4.12213e+002  2.00000e+002 -4.53428e+001  1.13098e+001  3.96667e+002
           201  4.12291e+002  2.01000e+002 -4.53396e+001  1.13097e+001  3.96750e+002
           202  4.12375e+002  2.02000e+002 -4.53317e+001  1.13097e+001  3.96833e+002
           203  4.12449e+002  2.03000e+002 -4.53267e+001  1.13097e+001  3.96917e+002
           204  4.12534e+002  2.04000e+002 -4.53217e+001  1.13097e+001  3.97000e+002
           205  4.12611e+002  2.05000e+002 -4.53166e+001  1.13097e+001  3.97083e+002
           206  4.12691e+002  2.06000e+002 -4.53095e+001  1.13098e+001  3.97167e+002
           207  4.12770e+002  2.07000e+002 -4.53027e+001  1.13099e+001  3.97250e+002
           208  4.12851e+002  2.08000e+002 -4.52960e+001  1.13099e+001  3.97333e+002
           209  4.12937e+002  2.09000e+002 -4.52898e+001  1.13099e+001  3.97417e+002
           210  4.13015e+002  2.10000e+002 -4.52800e+001  1.13100e+001  3.97500e+002
           211  4.13096e+002  2.11000e+002 -4.52734e+001  1.13100e+001  3.97583e+002
           212  4.13178e+002  2.12000e+002 -4.52673e+001  1.13100e+001  3.97667e+002
           213  4.13260e+002  2.13000e+002 -4.52617e+001  1.13101e+001  3.97750e+002
           214  4.13339e+002  2.14000e+002 -4.52561e+001  1.13100e+001  3.97833e+002
           215  4.13419e+002  2.15000e+002 -4.52516e+001  1.13100e+001  3.97917e+002
           216  4.13500e+002  2.16000e+002 -4.52482e+001  1.13100e+001  3.98000e+002
           217  4.13583e+002  2.17000e+002 -4.52446e+001  1.13100e+001  3.98083e+002
           218  4.13661e+002  2.18000e+002 -4.52473e+001  1.13099e+001  3.98167e+002
           219  4.13740e+002  2.19000e+002 -4.52479e+001  1.13099e+001  3.98250e+002
           220  4.13825e+002  2.20000e+002 -4.52480e+001  1.13099e+001  3.98333e+002
           221  4.13906e+002  2.21000e+002 -4.52476e+001  1.13098e+001  3.98417e+002
           222  4.13980e+002  2.22000e+002 -4.52523e+001  1.13098e+001  3.98500e+002
           223  4.14067e+002  2.23000e+002 -4.52552e+001  1.13097e+001  3.98583e+002
           224  4.14149e+002  2.24000e+002 -4.52582e+001  1.13096e+001  3.98667e+002
           225  4.14221e+002  2.25000e+002 -4.52606e+001  1.13096e+001  3.98750e+002
           226  4.14308e+002  2.26000e+002 -4.52674e+001  1.13095e+001  3.98833e+002
           227  4.14385e+002  2.27000e+002 -4.52716e+001  1.13094e+001  3.98917e+002
           228  4.14466e+002  2.28000e+002 -4.52743e+001  1.13093e+001  3.99000e+002
           229  4.14545e+002  2.29000e+002 -4.52766e+001  1.13092e+001  3.99083e+002
           230  4.14629e+002  2.30000e+002 -4.52790e+001  1.13091e+001  3.99167e+002
           231  4.14714e+002  2.31000e+002 -4.52815e+001  1.13090e+001  3.99250e+002
           232  4.14796e+002  2.32000e+002 -4.52838e+001  1.13090e+001  3.99333e+002
           233  4.14872e+002  2.33000e+002 -4.52857e+001  1.13089e+001  3.99417e+002
           234  4.14953e+002  2.34000e+002 -4.52868e+001  1.13088e+001  3.99500e+002
           235  4.15032e+002  2.35000e+002 -4.52843e+001  1.13088e+001  3.99583e+002
           236  4.15116e+002  2.36000e+002 -4.52836e+001  1.13088e+001  3.99667e+002
           237  4.15197e+002  2.37000e+002 -4.52835e+001  1.13088e+001  3.99750e+002
           238  4.15279e+002  2.38000e+002 -4.52825e+001  1.13088e+001  3.99833e+002
           239  4.15358e+002  2.39000e+002 -4.52791e+001  1.13089e+001  3.99917e+002
           240  4.15435e+002  2.40000e+002 -4.52770e+001  1.13090e+001  4.00000e+002
           241  4.15515e+002  2.41000e+002 -4.52748e+001  1.13090e+001  4.00083e+002
           242  4.15600e+002  2.42000e+002 -4.52725e+001  1.13091e+001  4.00167e+002
           243  4.15683e+002  2.43000e+002 -4.52681e+001  1.13091e+001  4.00250e+002
           244  4.15765e+002  2.44000e+002 -4.52660e+001  1.13091e+001  4.00333e+002
           245  4.15845e+002  2.45000e+002 -4.52643e+001  1.13091e+001  4.00417e+002
           246  4.15932e+002  2.46000e+002 -4.52617e+001  1.13091e+001  4.00500e+002
           247  4.16014e+002  2.47000e+002 -4.52559e+001  1.13090e+001  4.00583e+002
           248  4.16098e+002  2.48000e+002 -4.52505e+001  1.13090e+001  4.00667e+002
           249  4.16172e+002  2.49000e+002 -4.52454e+001  1.13089e+001  4.00750e+002
           250  4.16257e+002  2.50000e+002 -4.52407e+001  1.13089e+001  4.00833e+002
           251  4.16340e+002  2.51000e+002 -4.52374e+001  1.13088e+001  4.00917e+002
           252  4.16423e+002  2.52000e+002 -4.52341e+001  1.13087e+001  4.01000e+002
           253  4.16500e+002  2.53000e+002 -4.52317e+001  1.13087e+001  4.01083e+002
           254  4.16581e+002  2.54000e+002 -4.52307e+001  1.13087e+001  4.01167e+002
           255  4.16663e+002  2.55000e+002 -4.52251e+001  1.13087e+001  4.01250e+002
           256  4.16749e+002  2.56000e+002 -4.52220e+001  1.13086e+001  4.01333e+002
           257  4.16828e+002  2.57000e+002 -4.52205e+001  1.13086e+001  4.01417e+002
           258  4.16910e+002  2.58000e+002 -4.52194e+001  1.13086e+001  4.01500e+002
           259  4.16992e+002  2.59000e+002 -4.52229e+001  1.13086e+001  4.01583e+002
           260  4.17078e+002  2.60000e+002 -4.52236e+001  1.13085e+001  4.01667e+002
           261  4.17157e+002  2.61000e+002 -4.52232e+001  1.13085e+001  4.01750e+002
           262  4.17240e+002  2.62000e+002 -4.52228e+001  1.13084e+001  4.01833e+002
           263  4.17315e+002  2.63000e+002 -4.52268e+001  1.13083e+001  4.01917e+002
           264  4.17398e+002  2.64000e+002 -4.52278e+001  1.13082e+001  4.02000e+002
           265  4.17484e+002  2.65000e+002 -4.52285e+001  1.13081e+001  4.02083e+002
           266  4.17563e+002  2.66000e+002 -4.52286e+001  1.13080e+001  4.02167e+002
           267  4.17648e+002  2.67000e+002 -4.52296e+001  1.13079e+001  4.02250e+002
           268  4.17727e+002  2.68000e+002 -4.52303e+001  1.13079e+001  4.02333e+002
           269  4.17808e+002  2.69000e+002 -4.52307e+001  1.13078e+001  4.02417e+002
           270  4.17891e+002  2.70000e+002 -4.52308e+001  1.13078e+001  4.02500e+002
           271  4.17972e+002  2.71000e+002 -4.52281e+001  1.13078e+001  4.02583e+002
           272  4.18055e+002  2.72000e+002 -4.52256e+001  1.13078e+001  4.02667e+002
           273  4.18141e+002  2.73000e+002 -4.52232e+001  1.13077e+001  4.02750e+002
           274  4.18219e+002  2.74000e+002 -4.52210e+001  1.13077e+001  4.02833e+002
           275  4.18303e+002  2.75000e+002 -4.52161e+001  1.13077e+001  4.02917e+002
           276  4.18381e+002  2.76000e+002 -4.52126e+001  1.13077e+001  4.03000e+002
           277  4.18467e+002  2.77000e+002 -4.52081e+001  1.13077e+001  4.03083e+002
           278  4.18553e+002  2.78000e+002 -4.52038e+001  1.13077e+001  4.03167e+002
           279  4.18628e+002  2.79000e+002 -4.51950e+001  1.13077e+001  4.03250e+002
           280  4.18714e+002  2.80000e+002 -4.51878e+001  1.13077e+001  4.03333e+002
           281  4.18792e+002  2.81000e+002 -4.51810e+001  1.13078e+001  4.03417e+002
           282  4.18873e+002  2.82000e+002 -4.51748e+001  1.13078e+001  4.03500e+002
           283  4.18960e+002  2.83000e+002 -4.51671e+001  1.13078e+001  4.03583e+002
           284  4.19036e+002  2.84000e+002 -4.51592e+001  1.13079e+001  4.03667e+002
           285  4.19119e+002  2.85000e+002 -4.51509e+001  1.13079e+001  4.03750e+002
           286  4.19199e+002  2.86000e+002 -4.51428e+001  1.13079e+001  4.03833e+002
           287  4.19291e+002  2.87000e+002 -4.51327e+001  1.13079e+001  4.03917e+002
           288  4.19372e+002  2.88000e+002 -4.51252e+001  1.13079e+001  4.04000e+002
           289  4.19454e+002  2.89000e+002 -4.51196e+001  1.13079e+001  4.04083e+002
           290  4.19534e+002  2.90000e+002 -4.51154e+001  1.13079e+001  4.04167e+002
           291  4.19624e+002  2.91000e+002 -4.51117e+001  1.13079e+001  4.04250e+002
           292  4.19696e+002  2.92000e+002 -4.51089e+001  1.13080e+001  4.04333e+002
           293  4.19783e+002  2.93000e+002 -4.51074e+001  1.13080e+001  4.04417e+002
           294  4.19867e+002  2.94000e+002 -4.51059e+001  1.13080e+001  4.04500e+002
           295  4.19950e+002  2.95000e+002 -4.51097e+001  1.13080e+001  4.04583e+002
           296  4.20028e+002  2.96000e+002 -4.51113e+001  1.13080e+001  4.04667e+002
           297  4.20116e+002  2.97000e+002 -4.51131e+001  1.13080e+001  4.04750e+002
           298  4.20195e+002  2.98000e+002 -4.51157e+001  1.13079e+001  4.04833e+002
           299  4.20282e+002  2.99000e+002 -4.51254e+001  1.13078e+001  4.04917e+002
           300  4.20365e+002  3.00000e+002 -4.51296e+001  1.13077e+001  4.05000e+002
           301  4.20436e+002  3.01000e+002 -4.51333e+001  1.13076e+001  4.05083e+002
           302  4.20519e+002  3.02000e+002 -4.51375e+001  1.13075e+001  4.05167e+002
           303  4.20607e+002  3.03000e+002 -4.51445e+001  1.13074e+001  4.05250e+002
           304  4.20695e+002  3.04000e+002 -4.51512e+001  1.13072e+001  4.05333e+002
           305  4.20773e+002  3.05000e+002 -4.51598e+001  1.13071e+001  4.05417e+002
           306  4.20856e+002  3.06000e+002 -4.51699e+001  1.13070e+001  4.05500e+002
           307  4.20932e+002  3.07000e+002 -4.51847e+001  1.13069e+001  4.05583e+002
           308  4.21017e+002  3.08000e+002 -4.52005e+001  1.13068e+001  4.05667e+002
           309  4.21098e+002  3.09000e+002 -4.52205e+001  1.13068e+001  4.05750e+002
           310  4.21187e+002  3.10000e+002 -4.52449e+001  1.13067e+001  4.05833e+002
           311  4.21266e+002  3.11000e+002 -4.52657e+001  1.13067e+001  4.05917e+002
           312  4.21347e+002  3.12000e+002 -4.52834e+001  1.13066e+001  4.06000e+002
           313  4.21425e+002  3.13000e+002 -4.53018e+001  1.13066e+001  4.06083e+002
           314  4.21510e+002  3.14000e+002 -4.53212e+001  1.13066e+001  4.06167e+002
           315  4.21586e+002  3.15000e+002 -4.53668e+001  1.13066e+001  4.06250e+002
           316  4.21669e+002  3.16000e+002 -4.54012e+001  1.13066e+001  4.06333e+002
           317  4.21757e+002  3.17000e+002 -4.54556e+001  1.13067e+001  4.06417e+002
           318  4.21833e+002  3.18000e+002 -4.55483e+001  1.13067e+001  4.06500e+002
           319  4.21915e+002  3.19000e+002 -4.57262e+001  1.13068e+001  4.06583e+002
           320  4.21994e+002  3.20000e+002 -4.59249e+001  1.13068e+001  4.06667e+002
           321  4.22072e+002  3.21000e+002 -4.61623e+001  1.13068e+001  4.06750e+002
           322  4.22152e+002  3.22000e+002 -4.64201e+001  1.13068e+001  4.06833e+002
           323  4.22237e+002  3.23000e+002 -4.67021e+001  1.13068e+001  4.06917e+002
           324  4.22312e+002  3.24000e+002 -4.70186e+001  1.13067e+001  4.07000e+002
           325  4.22384e+002  3.25000e+002 -4.73667e+001  1.13067e+001  4.07083e+002
           326  4.22462e+002  3.26000e+002 -4.77674e+001  1.13066e+001  4.07167e+002
           327  4.22532e+002  3.27000e+002 -4.82217e+001  1.13066e+001  4.07250e+002
           328  4.22606e+002  3.28000e+002 -4.87253e+001  1.13065e+001  4.07333e+002
           329  4.22683e+002  3.29000e+002 -4.92323e+001  1.13065e+001  4.07417e+002
           330  4.22757e+002  3.30000e+002 -4.97597e+001  1.13065e+001  4.07500e+002
           331  4.22830e+002  3.31000e+002 -5.03034e+001  1.13065e+001  4.07583e+002
           332  4.22901e+002  3.32000e+002 -5.09149e+001  1.13066e+001  4.07667e+002
           333  4.22970e+002  3.33000e+002 -5.15223e+001  1.13066e+001  4.07750e+002
           334  4.23043e+002  3.34000e+002 -5.21556e+001  1.13066e+001  4.07833e+002
           335  4.23115e+002  3.35000e+002 -5.28191e+001  1.13066e+001  4.07917e+002
           336  4.23184e+002  3.36000e+002 -5.35102e+001  1.13066e+001  4.08000e+002
           337  4.23251e+002  3.37000e+002 -5.42022e+001  1.13065e+001  4.08083e+002
           338  4.23320e+002  3.38000e+002 -5.49086e+001  1.13065e+001  4.08167e+002
           339  4.23387e+002  3.39000e+002 -5.56129e+001  1.13065e+001  4.08250e+002
           340  4.23453e+002  3.40000e+002 -5.63742e+001  1.13064e+001  4.08333e+002
           341  4.23523e+002  3.41000e+002 -5.71074e+001  1.13063e+001  4.08417e+002
           342  4.23593e+002  3.42000e+002 -5.78383e+001  1.13062e+001  4.08500e+002
           343  4.23661e+002  3.43000e+002 -5.85600e+001  1.13062e+001  4.08583e+002
           344  4.23731e+002  3.44000e+002 -5.92968e+001  1.13061e+001  4.08667e+002
           345  4.23798e+002  3.45000e+002 -6.00293e+001  1.13060e+001  4.08750e+002
           346  4.23864e+002  3.46000e+002 -6.07620e+001  1.13059e+001  4.08833e+002
           347  4.23931e+002  3.47000e+002 -6.14937e+001  1.13058e+001  4.08917e+002
           348  4.23992e+002  3.48000e+002 -6.22344e+001  1.13058e+001  4.09000e+002
           349  4.24063e+002  3.49000e+002 -6.29679e+001  1.13058e+001  4.09083e+002
           350  4.24120e+002  3.50000e+002 -6.36749e+001  1.13058e+001  4.09167e+002
           351  4.24193e+002  3.51000e+002 -6.43453e+001  1.13059e+001  4.09250e+002
           352  4.24270e+002  3.52000e+002 -6.45627e+001  1.13059e+001  4.09333e+002
           353  4.24344e+002  3.53000e+002 -6.44823e+001  1.13060e+001  4.09417e+002
           354  4.24430e+002  3.54000e+002 -6.41575e+001  1.13061e+001  4.09500e+002
           355  4.24520e+002  3.55000e+002 -6.37773e+001  1.13061e+001  4.09583e+002
           356  4.24599e+002  3.56000e+002 -6.34026e+001  1.13062e+001  4.09667e+002
           357  4.24688e+002  3.57000e+002 -6.30526e+001  1.13062e+001  4.09750e+002
           358  4.24769e+002  3.58000e+002 -6.27045e+001  1.13063e+001  4.09833e+002
           359  4.24852e+002  3.59000e+002 -6.23751e+001  1.13063e+001  4.09917e+002
           360  4.24943e+002  3.60000e+002 -6.21106e+001  1.13063e+001  4.10000e+002
           361  4.25019e+002  3.61000e+002 -6.18481e+001  1.13063e+001  4.10083e+002
           362  4.25108e+002  3.62000e+002 -6.16071e+001  1.13063e+001  4.10167e+002
           363  4.25189e+002  3.63000e+002 -6.13831e+001  1.13063e+001  4.10250e+002
           364  4.25274e+002  3.64000e+002 -6.12235e+001  1.13063e+001  4.10333e+002
           365  4.25354e+002  3.65000e+002 -6.10625e+001  1.13063e+001  4.10417e+002
           366  4.25439e+002  3.66000e+002 -6.09191e+001  1.13064e+001  4.10500e+002
           367  4.25519e+002  3.67000e+002 -6.07927e+001  1.13064e+001  4.10583e+002
           368  4.25601e+002  3.68000e+002 -6.07282e+001  1.13063e+001  4.10667e+002
           369  4.25682e+002  3.69000e+002 -6.06623e+001  1.13063e+001  4.10750e+002
           370  4.25768e+002  3.70000e+002 -6.06140e+001  1.13063e+001  4.10833e+002
           371  4.25841e+002  3.71000e+002 -6.05796e+001  1.13063e+001  4.10917e+002
           372  4.25920e+002  3.72000e+002 -6.06129e+001  1.13062e+001  4.11000e+002
           373  4.26006e+002  3.73000e+002 -6.06488e+001  1.13061e+001  4.11083e+002
           374  4.26084e+002  3.74000e+002 -6.06888e+001  1.13061e+001  4.11167e+002
           375  4.26163e+002  3.75000e+002 -6.07469e+001  1.13060e+001  4.11250e+002
           376  4.26245e+002  3.76000e+002 -6.08260e+001  1.13060e+001  4.11333e+002
           377  4.26321e+002  3.77000e+002 -6.08732e+001  1.13059e+001  4.11417e+002
           378  4.26406e+002  3.78000e+002 -6.09316e+001  1.13058e+001  4.11500e+002
           379  4.26488e+002  3.79000e+002 -6.10084e+001  1.13058e+001  4.11583e+002
           380  4.26565e+002  3.80000e+002 -6.11026e+001  1.13057e+001  4.11667e+002
           381  4.26641e+002  3.81000e+002 -6.11605e+001  1.13057e+001  4.11750e+002
           382  4.26727e+002  3.82000e+002 -6.11129e+001  1.13056e+001  4.11833e+002
           383  4.26815e+002  3.83000e+002 -6.09862e+001  1.13056e+001  4.11917e+002
           384  4.26898e+002  3.84000e+002 -6.06718e+001  1.13056e+001  4.12000e+002
           385  4.26989e+002  3.85000e+002 -6.02846e+001  1.13055e+001  4.12083e+002
           386  4.27070e+002  3.86000e+002 -5.97974e+001  1.13055e+001  4.12167e+002
           387  4.27163e+002  3.87000e+002 -5.92356e+001  1.13055e+001  4.12250e+002
           388  4.27249e+002  3.88000e+002 -5.85998e+001  1.13055e+001  4.12333e+002
           389  4.27347e+002  3.89000e+002 -5.79904e+001  1.13055e+001  4.12417e+002
           390  4.27441e+002  3.90000e+002 -5.73981e+001  1.13055e+001  4.12500e+002
           391  4.27531e+002  3.91000e+002 -5.68131e+001  1.13055e+001  4.12583e+002
           392  4.27631e+002  3.92000e+002 -5.62184e+001  1.13055e+001  4.12667e+002
           393  4.27717e+002  3.93000e+002 -5.56651e+001  1.13055e+001  4.12750e+002
           394  4.27807e+002  3.94000e+002 -5.50994e+001  1.13054e+001  4.12833e+002
           395  4.27895e+002  3.95000e+002 -5.45533e+001  1.13054e+001  4.12917e+002
           396  4.27991e+002  3.96000e+002 -5.40178e+001  1.13053e+001  4.13000e+002
           397  4.28082e+002  3.97000e+002 -5.35330e+001  1.13053e+001  4.13083e+002
           398  4.28178e+002  3.98000e+002 -5.30308e+001  1.13053e+001  4.13167e+002
           399  4.28265e+002  3.99000e+002 -5.25562e+001  1.13053e+001  4.13250e+002
           400  4.28356e+002  4.00000e+002 -5.20995e+001  1.13052e+001  4.13333e+002
           401  4.28450e+002  4.01000e+002 -5.17027e+001  1.13052e+001  4.13417e+002
           402  4.28536e+002  4.02000e+002 -5.13121e+001  1.13052e+001  4.13500e+002
           403  4.28626e+002  4.03000e+002 -5.09455e+001  1.13052e+001  4.13583e+002
           404  4.28707e+002  4.04000e+002 -5.05817e+001  1.13052e+001  4.13667e+002
           405  4.28810e+002  4.05000e+002 -5.02639e+001  1.13052e+001  4.13750e+002
           406  4.28897e+002  4.06000e+002 -4.99309e+001  1.13052e+001  4.13833e+002
           407  4.28983e+002  4.07000e+002 -4.96283e+001  1.13052e+001  4.13917e+002
           408  4.29078e+002  4.08000e+002 -4.93554e+001  1.13052e+001  4.14000e+002
           409  4.29170e+002  4.09000e+002 -4.91238e+001  1.13051e+001  4.14083e+002
           410  4.29258e+002  4.10000e+002 -4.88736e+001  1.13051e+001  4.14167e+002
           411  4.29345e+002  4.11000e+002 -4.86243e+001  1.13050e+001  4.14250e+002
           412  4.29430e+002  4.12000e+002 -4.83704e+001  1.13049e+001  4.14333e+002
           413  4.29522e+002  4.13000e+002 -4.81766e+001  1.13048e+001  4.14417e+002
           414  4.29616e+002  4.14000e+002 -4.79757e+001  1.13047e+001  4.14500e+002
           415  4.29701e+002  4.15000e+002 -4.77864e+001  1.13046e+001  4.14583e+002
           416  4.29778e+002  4.16000e+002 -4.76146e+001  1.13045e+001  4.14667e+002
           417  4.29869e+002  4.17000e+002 -4.74770e+001  1.13045e+001  4.14750e+002
           418  4.29960e+002  4.18000e+002 -4.73213e+001  1.13044e+001  4.14833e+002
           419  4.30043e+002  4.19000e+002 -4.71685e+001  1.13043e+001  4.14917e+002
           420  4.30137e+002  4.20000e+002 -4.70186e+001  1.13043e+001  4.15000e+002
           421  4.30224e+002  4.21000e+002 -4.69200e+001  1.13043e+001  4.15083e+002
           422  4.30312e+002  4.22000e+002 -4.67945e+001  1.13043e+001  4.15167e+002
           423  4.30396e+002  4.23000e+002 -4.66672e+001  1.13043e+001  4.15250e+002
           424  4.30481e+002  4.24000e+002 -4.65424e+001  1.13043e+001  4.15333e+002
           425  4.30571e+002  4.25000e+002 -4.64531e+001  1.13043e+001  4.15417e+002
           426  4.30655e+002  4.26000e+002 -4.63408e+001  1.13044e+001  4.15500e+002
           427  4.30750e+002  4.27000e+002 -4.62311e+001  1.13044e+001  4.15583e+002
           428  4.30836e+002  4.28000e+002 -4.61180e+001  1.13045e+001  4.15667e+002
           429  4.30926e+002  4.29000e+002 -4.60574e+001  1.13046e+001  4.15750e+002
           430  4.31005e+002  4.30000e+002 -4.59641e+001  1.13047e+001  4.15833e+002
           431  4.31092e+002  4.31000e+002 -4.58695e+001  1.13047e+001  4.15917e+002
           432  4.31184e+002  4.32000e+002 -4.57838e+001  1.13048e+001  4.16000e+002
           433  4.31272e+002  4.33000e+002 -4.57455e+001  1.13049e+001  4.16083e+002
           434  4.31349e+002  4.34000e+002 -4.56760e+001  1.13049e+001  4.16167e+002
           435  4.31434e+002  4.35000e+002 -4.56066e+001  1.13050e+001  4.16250e+002
           436  4.31519e+002  4.36000e+002 -4.55331e+001  1.13050e+001  4.16333e+002
           437  4.31604e+002  4.37000e+002 -4.55132e+001  1.13049e+001  4.16417e+002
           438  4.31687e+002  4.38000e+002 -4.54694e+001  1.13049e+001  4.16500e+002
           439  4.31773e+002  4.39000e+002 -4.54215e+001  1.13048e+001  4.16583e+002
           440  4.31863e+002  4.40000e+002 -4.53747e+001  1.13047e+001  4.16667e+002
           441  4.31952e+002  4.41000e+002 -4.53486e+001  1.13046e+001  4.16750e+002
           442  4.32032e+002  4.42000e+002 -4.53116e+001  1.13045e+001  4.16833e+002
           443  4.32111e+002  4.43000e+002 -4.52740e+001  1.13043e+001  4.16917e+002
           444  4.32203e+002  4.44000e+002 -4.52385e+001  1.13042e+001  4.17000e+002
           445  4.32294e+002  4.45000e+002 -4.52159e+001  1.13041e+001  4.17083e+002
           446  4.32376e+002  4.46000e+002 -4.51876e+001  1.13040e+001  4.17167e+002
           447  4.32459e+002  4.47000e+002 -4.51585e+001  1.13039e+001  4.17250e+002
           448  4.32547e+002  4.48000e+002 -4.51299e+001  1.13039e+001  4.17333e+002
           449  4.32634e+002  4.49000e+002 -4.51103e+001  1.13039e+001  4.17417e+002
           450  4.32714e+002  4.50000e+002 -4.50868e+001  1.13039e+001  4.17500e+002
           451  4.32801e+002  4.51000e+002 -4.50638e+001  1.13039e+001  4.17583e+002
           452  4.32885e+002  4.52000e+002 -4.50416e+001  1.13039e+001  4.17667e+002
           453  4.32974e+002  4.53000e+002 -4.50278e+001  1.13040e+001  4.17750e+002
           454  4.33065e+002  4.54000e+002 -4.50100e+001  1.13040e+001  4.17833e+002
           455  4.33142e+002  4.55000e+002 -4.49918e+001  1.13040e+001  4.17917e+002
           456  4.33230e+002  4.56000e+002 -4.49738e+001  1.13040e+001  4.18000e+002
           457  4.33316e+002  4.57000e+002 -4.49609e+001  1.13040e+001  4.18083e+002
           458  4.33399e+002  4.58000e+002 -4.49461e+001  1.13039e+001  4.18167e+002
           459  4.33478e+002  4.59000e+002 -4.49314e+001  1.13039e+001  4.18250e+002
           460  4.33570e+002  4.60000e+002 -4.49167e+001  1.13039e+001  4.18333e+002
           461  4.33655e+002  4.61000e+002 -4.49087e+001  1.13039e+001  4.18417e+002
           462  4.33740e+002  4.62000e+002 -4.48984e+001  1.13039e+001  4.18500e+002
           463  4.33830e+002  4.63000e+002 -4.48873e+001  1.13039e+001  4.18583e+002
           464  4.33904e+002  4.64000e+002 -4.48761e+001  1.13039e+001  4.18667e+002
           465  4.33992e+002  4.65000e+002 -4.48676e+001  1.13040e+001  4.18750e+002
           466  4.34082e+002  4.66000e+002 -4.48591e+001  1.13041e+001  4.18833e+002
           467  4.34167e+002  4.67000e+002 -4.48510e+001  1.13041e+001  4.18917e+002
           468  4.34248e+002  4.68000e+002 -4.48428e+001  1.13042e+001  4.19000e+002
           469  4.34332e+002  4.69000e+002 -4.48390e+001  1.13042e+001  4.19083e+002
           470  4.34417e+002  4.70000e+002 -4.48341e+001  1.13043e+001  4.19167e+002
           471  4.34501e+002  4.71000e+002 -4.48289e+001  1.13043e+001  4.19250e+002
           472  4.34585e+002  4.72000e+002 -4.48237e+001  1.13043e+001  4.19333e+002
           473  4.34672e+002  4.73000e+002 -4.48205e+001  1.13043e+001  4.19417e+002
           474  4.34759e+002  4.74000e+002 -4.48170e+001  1.13042e+001  4.19500e+002
           475  4.34839e+002  4.75000e+002 -4.48153e+001  1.13042e+001  4.19583e+002
           476  4.34925e+002  4.76000e+002 -4.48137e+001  1.13041e+001  4.19667e+002
           477  4.35014e+002  4.77000e+002 -4.48175e+001  1.13041e+001  4.19750e+002
           478  4.35098e+002  4.78000e+002 -4.48193e+001  1.13040e+001  4.19833e+002
           479  4.35178e+002  4.79000e+002 -4.48209e+001  1.13039e+001  4.19917e+002
           480  4.35263e+002  4.80000e+002 -4.48228e+001  1.13039e+001  4.20000e+002
           481  4.35352e+002  4.81000e+002 -4.48272e+001  1.13038e+001  4.20083e+002
           482  4.35432e+002  4.82000e+002 -4.48288e+001  1.13038e+001  4.20167e+002
           483  4.35526e+002  4.83000e+002 -4.48296e+001  1.13037e+001  4.20250e+002
           484  4.35603e+002  4.84000e+002 -4.48302e+001  1.13037e+001  4.20333e+002
           485  4.35690e+002  4.85000e+002 -4.48307e+001  1.13036e+001  4.20417e+002
           486  4.35769e+002  4.86000e+002 -4.48347e+001  1.13036e+001  4.20500e+002
           487  4.35855e+002  4.87000e+002 -4.48356e+001  1.13035e+001  4.20583e+002
           488  4.35940e+002  4.88000e+002 -4.48362e+001  1.13035e+001  4.20667e+002
           489  4.36024e+002  4.89000e+002 -4.48364e+001  1.13034e+001  4.20750e+002
           490  4.36113e+002  4.90000e+002 -4.48301e+001  1.13034e+001  4.20833e+002
           491  4.36191e+002  4.91000e+002 -4.48279e+001  1.13033e+001  4.20917e+002
           492  4.36273e+002  4.92000e+002 -4.48265e+001  1.13033e+001  4.21000e+002
           493  4.36363e+002  4.93000e+002 -4.48240e+001  1.13033e+001  4.21083e+002
           494  4.36439e+002  4.94000e+002 -4.48208e+001  1.13033e+001  4.21167e+002
           495  4.36525e+002  4.95000e+002 -4.48181e+001  1.13033e+001  4.21250e+002
           496  4.36614e+002  4.96000e+002 -4.48157e+001  1.13034e+001  4.21333e+002
           497  4.36700e+002  4.97000e+002 -4.48140e+001  1.13034e+001  4.21417e+002
           498  4.36783e+002  4.98000e+002 -4.48122e+001  1.13034e+001  4.21500e+002
           499  4.36867e+002  4.99000e+002 -4.48110e+001  1.13035e+001  4.21583e+002
           500  4.36947e+002  5.00000e+002 -4.48102e+001  1.13035e+001  4.21667e+002
           501  4.37029e+002  5.01000e+002 -4.48096e+001  1.13036e+001  4.21750e+002
           502  4.37114e+002  5.02000e+002 -4.48099e+001  1.13036e+001  4.21833e+002
           503  4.37200e+002  5.03000e+002 -4.48103e+001  1.13036e+001  4.21917e+002
           504  4.37288e+002  5.04000e+002 -4.48111e+001  1.13036e+001  4.22000e+002
           505  4.37376e+002  5.05000e+002 -4.48116e+001  1.13036e+001  4.22083e+002
           506  4.37457e+002  5.06000e+002 -4.48158e+001  1.13036e+001  4.22167e+002
           507  4.37537e+002  5.07000e+002 -4.48180e+001  1.13036e+001  4.22250e+002
           508  4.37627e+002  5.08000e+002 -4.48199e+001  1.13036e+001  4.22333e+002
           509  4.37712e+002  5.09000e+002 -4.48221e+001  1.13035e+001  4.22417e+002
           510  4.37794e+002  5.10000e+002 -4.48242e+001  1.13035e+001  4.22500e+002
           511  4.37875e+002  5.11000e+002 -4.48256e+001  1.13035e+001  4.22583e+002
           512  4.37957e+002  5.12000e+002 -4.48270e+001  1.13035e+001  4.22667e+002
           513  4.38049e+002  5.13000e+002 -4.48285e+001  1.13035e+001  4.22750e+002
           514  4.38127e+002  5.14000e+002 -4.48313e+001  1.13035e+001  4.22833e+002
           515  4.38217e+002  5.15000e+002 -4.48335e+001  1.13034e+001  4.22917e+002
           516  4.38296e+002  5.16000e+002 -4.48356e+001  1.13034e+001  4.23000e+002
           517  4.38384e+002  5.17000e+002 -4.48375e+001  1.13034e+001  4.23083e+002
           518  4.38465e+002  5.18000e+002 -4.48404e+001  1.13033e+001  4.23167e+002
           519  4.38546e+002  5.19000e+002 -4.48432e+001  1.13033e+001  4.23250e+002
           520  4.38634e+002  5.20000e+002 -4.48455e+001  1.13032e+001  4.23333e+002
           521  4.38719e+002  5.21000e+002 -4.48485e+001  1.13031e+001  4.23417e+002
           522  4.38807e+002  5.22000e+002 -4.48498e+001  1.13031e+001  4.23500e+002
           523  4.38887e+002  5.23000e+002 -4.48499e+001  1.13030e+001  4.23583e+002
           524  4.38975e+002  5.24000e+002 -4.48489e+001  1.13029e+001  4.23667e+002
           525  4.39052e+002  5.25000e+002 -4.48486e+001  1.13029e+001  4.23750e+002
           526  4.39141e+002  5.26000e+002 -4.48471e+001  1.13028e+001  4.23833e+002
           527  4.39224e+002  5.27000e+002 -4.48463e+001  1.13028e+001  4.23917e+002
           528  4.39308e+002  5.28000e+002 -4.48444e+001  1.13028e+001  4.24000e+002
           529  4.39391e+002  5.29000e+002 -4.48423e+001  1.13028e+001  4.24083e+002
           530  4.39474e+002  5.30000e+002 -4.48396e+001  1.13028e+001  4.24167e+002
           531  4.39560e+002  5.31000e+002 -4.48385e+001  1.13028e+001  4.24250e+002
           532  4.39642e+002  5.32000e+002 -4.48372e+001  1.13029e+001  4.24333e+002
           533  4.39726e+002  5.33000e+002 -4.48350e+001  1.13029e+001  4.24417e+002
           534  4.39812e+002  5.34000e+002 -4.48331e+001  1.13030e+001  4.24500e+002
           535  4.39898e+002  5.35000e+002 -4.48317e+001  1.13031e+001  4.24583e+002
           536  4.39971e+002  5.36000e+002 -4.48309e+001  1.13031e+001  4.24667e+002
           537  4.40067e+002  5.37000e+002 -4.48300e+001  1.13031e+001  4.24750e+002
           538  4.40151e+002  5.38000e+002 -4.48310e+001  1.13031e+001  4.24833e+002
           539  4.40231e+002  5.39000e+002 -4.48308e+001  1.13031e+001  4.24917e+002
           540  4.40314e+002  5.40000e+002 -4.48308e+001  1.13031e+001  4.25000e+002
           541  4.40400e+002  5.41000e+002 -4.48305e+001  1.13031e+001  4.25083e+002
           542  4.40492e+002  5.42000e+002 -4.48293e+001  1.13031e+001  4.25167e+002
           543  4.40575e+002  5.43000e+002 -4.48278e+001  1.13030e+001  4.25250e+002
           544  4.40654e+002  5.44000e+002 -4.48266e+001  1.13030e+001  4.25333e+002
           545  4.40738e+002  5.45000e+002 -4.48255e+001  1.13030e+001  4.25417e+002
           546  4.40826e+002  5.46000e+002 -4.48254e+001  1.13031e+001  4.25500e+002
           547  4.40908e+002  5.47000e+002 -4.48261e+001  1.13031e+001  4.25583e+002
           548  4.40990e+002  5.48000e+002 -4.48273e+001  1.13031e+001  4.25667e+002
           549  4.41074e+002  5.49000e+002 -4.48287e+001  1.13032e+001  4.25750e+002
           550  4.41164e+002  5.50000e+002 -4.48283e+001  1.13032e+001  4.25833e+002
           551  4.41243e+002  5.51000e+002 -4.48282e+001  1.13032e+001  4.25917e+002
           552  4.41327e+002  5.52000e+002 -4.48292e+001  1.13032e+001  4.26000e+002
           553  4.41417e+002  5.53000e+002 -4.48306e+001  1.13032e+001  4.26083e+002
           554  4.41499e+002  5.54000e+002 -4.48343e+001  1.13032e+001  4.26167e+002
           555  4.41573e+002  5.55000e+002 -4.48370e+001  1.13032e+001  4.26250e+002
           556  4.41659e+002  5.56000e+002 -4.48389e+001  1.13031e+001  4.26333e+002
           557  4.41746e+002  5.57000e+002 -4.48406e+001  1.13031e+001  4.26417e+002
           558  4.41835e+002  5.58000e+002 -4.48423e+001  1.13030e+001  4.26500e+002
           559  4.41923e+002  5.59000e+002 -4.48413e+001  1.13029e+001  4.26583e+002
           560  4.41999e+002  5.60000e+002 -4.48399e+001  1.13028e+001  4.26667e+002
           561  4.42083e+002  5.61000e+002 -4.48387e+001  1.13028e+001  4.26750e+002
           562  4.42164e+002  5.62000e+002 -4.48363e+001  1.13027e+001  4.26833e+002
           563  4.42250e+002  5.63000e+002 -4.48363e+001  1.13027e+001  4.26917e+002
           564  4.42337e+002  5.64000e+002 -4.48362e+001  1.13026e+001  4.27000e+002
           565  4.42417e+002  5.65000e+002 -4.48360e+001  1.13026e+001  4.27083e+002
           566  4.42512e+002  5.66000e+002 -4.48301e+001  1.13026e+001  4.27167e+002
           567  4.42587e+002  5.67000e+002 -4.48277e+001  1.13026e+001  4.27250e+002
           568  4.42677e+002  5.68000e+002 -4.48268e+001  1.13026e+001  4.27333e+002
           569  4.42761e+002  5.69000e+002 -4.48266e+001  1.13026e+001  4.27417e+002
           570  4.42843e+002  5.70000e+002 -4.48277e+001  1.13026e+001  4.27500e+002
           571  4.42931e+002  5.71000e+002 -4.48280e+001  1.13026e+001  4.27583e+002
           572  4.43014e+002  5.72000e+002 -4.48264e+001  1.13026e+001  4.27667e+002
           573  4.43095e+002  5.73000e+002 -4.48229e+001  1.13026e+001  4.27750e+002
           574  4.43179e+002  5.74000e+002 -4.48186e+001  1.13026e+001  4.27833e+002
           575  4.43263e+002  5.75000e+002 -4.48152e+001  1.13026e+001  4.27917e+002
           576  4.43344e+002  5.76000e+002 -4.48126e+001  1.13026e+001  4.28000e+002
           577  4.43433e+002  5.77000e+002 -4.48106e+001  1.13026e+001  4.28083e+002
           578  4.43522e+002  5.78000e+002 -4.48096e+001  1.13026e+001  4.28167e+002
           579  4.43601e+002  5.79000e+002 -4.48082e+001  1.13026e+001  4.28250e+002
           580  4.43689e+002  5.80000e+002 -4.48087e+001  1.13026e+001  4.28333e+002
           581  4.43772e+002  5.81000e+002 -4.48100e+001  1.13026e+001  4.28417e+002
           582  4.43852e+002  5.82000e+002 -4.48118e+001  1.13026e+001  4.28500e+002
           583  4.43942e+002  5.83000e+002 -4.48131e+001  1.13027e+001  4.28583e+002
           584  4.44024e+002  5.84000e+002 -4.48152e+001  1.13027e+001  4.28667e+002
           585  4.44103e+002  5.85000e+002 -4.48184e+001  1.13027e+001  4.28750e+002
           586  4.44187e+002  5.86000e+002 -4.48222e+001  1.13028e+001  4.28833e+002
           587  4.44270e+002  5.87000e+002 -4.48326e+001  1.13028e+001  4.28917e+002
           588  4.44353e+002  5.88000e+002 -4.48382e+001  1.13027e+001  4.29000e+002
           589  4.44440e+002  5.89000e+002 -4.48426e+001  1.13026e+001  4.29083e+002
           590  4.44525e+002  5.90000e+002 -4.48465e+001  1.13025e+001  4.29167e+002
           591  4.44606e+002  5.91000e+002 -4.48492e+001  1.13023e+001  4.29250e+002
           592  4.44693e+002  5.92000e+002 -4.48507e+001  1.13021e+001  4.29333e+002
           593  4.44772e+002  5.93000e+002 -4.48529e+001  1.13020e+001  4.29417e+002
           594  4.44858e+002  5.94000e+002 -4.48560e+001  1.13019e+001  4.29500e+002
           595  4.44945e+002  5.95000e+002 -4.48573e+001  1.13018e+001  4.29583e+002
           596  4.45030e+002  5.96000e+002 -4.48603e+001  1.13018e+001  4.29667e+002
           597  4.45110e+002  5.97000e+002 -4.48635e+001  1.13018e+001  4.29750e+002
           598  4.45192e+002  5.98000e+002 -4.48658e+001  1.13018e+001  4.29833e+002
           599  4.45276e+002  5.99000e+002 -4.48645e+001  1.13019e+001  4.29917e+002
           600  4.45363e+002  6.00000e+002 -4.48641e+001  1.13020e+001  4.30000e+002
           601  4.45447e+002  6.01000e+002 -4.48635e+001  1.13020e+001  4.30083e+002
           602  4.45533e+002  6.02000e+002 -4.48628e+001  1.13020e+001  4.30167e+002
           603  4.45615e+002  6.03000e+002 -4.48641e+001  1.13021e+001  4.30250e+002
           604  4.45693e+002  6.04000e+002 -4.48632e+001  1.13021e+001  4.30333e+002
           605  4.45777e+002  6.05000e+002 -4.48625e+001  1.13021e+001  4.30417e+002
           606  4.45866e+002  6.06000e+002 -4.48612e+001  1.13021e+001  4.30500e+002
           607  4.45948e+002  6.07000e+002 -4.48539e+001  1.13021e+001  4.30583e+002
           608  4.46026e+002  6.08000e+002 -4.48499e+001  1.13021e+001  4.30667e+002
           609  4.46110e+002  6.09000e+002 -4.48457e+001  1.13021e+001  4.30750e+002
           610  4.46198e+002  6.10000e+002 -4.48413e+001  1.13021e+001  4.30833e+002
           611  4.46284e+002  6.11000e+002 -4.48366e+001  1.13021e+001  4.30917e+002
           612  4.46368e+002  6.12000e+002 -4.48331e+001  1.13021e+001  4.31000e+002
           613  4.46451e+002  6.13000e+002 -4.48302e+001  1.13021e+001  4.31083e+002
           614  4.46541e+002  6.14000e+002 -4.48272e+001  1.13021e+001  4.31167e+002
           615  4.46625e+002  6.15000e+002 -4.48231e+001  1.13022e+001  4.31250e+002
           616  4.46706e+002  6.16000e+002 -4.48208e+001  1.13022e+001  4.31333e+002
           617  4.46789e+002  6.17000e+002 -4.48190e+001  1.13022e+001  4.31417e+002
           618  4.46865e+002  6.18000e+002 -4.48172e+001  1.13022e+001  4.31500e+002
           619  4.46954e+002  6.19000e+002 -4.48179e+001  1.13022e+001  4.31583e+002
           620  4.47037e+002  6.20000e+002 -4.48164e+001  1.13022e+001  4.31667e+002
           621  4.47123e+002  6.21000e+002 -4.48153e+001  1.13022e+001  4.31750e+002
           622  4.47209e+002  6.22000e+002 -4.48141e+001  1.13021e+001  4.31833e+002
           623  4.47296e+002  6.23000e+002 -4.48156e+001  1.13021e+001  4.31917e+002
           624  4.47379e+002  6.24000e+002 -4.48162e+001  1.13020e+001  4.32000e+002
           625  4.47458e+002  6.25000e+002 -4.48166e+001  1.13020e+001  4.32083e+002
           626  4.47539e+002  6.26000e+002 -4.48173e+001  1.13020e+001  4.32167e+002
           627  4.47626e+002  6.27000e+002 -4.48189e+001  1.13020e+001  4.32250e+002
           628  4.47702e+002  6.28000e+002 -4.48195e+001  1.13019e+001  4.32333e+002
           629  4.47788e+002  6.29000e+002 -4.48200e+001  1.13019e+001  4.32417e+002
           630  4.47876e+002  6.30000e+002 -4.48208e+001  1.13019e+001  4.32500e+002
           631  4.47958e+002  6.31000e+002 -4.48226e+001  1.13019e+001  4.32583e+002
           632  4.48042e+002  6.32000e+002 -4.48245e+001  1.13019e+001  4.32667e+002
           633  4.48127e+002  6.33000e+002 -4.48268e+001  1.13018e+001  4.32750e+002
           634  4.48214e+002  6.34000e+002 -4.48292e+001  1.13018e+001  4.32833e+002
           635  4.48299e+002  6.35000e+002 -4.48298e+001  1.13018e+001  4.32917e+002
           636  4.48385e+002  6.36000e+002 -4.48303e+001  1.13017e+001  4.33000e+002
           637  4.48471e+002  6.37000e+002 -4.48302e+001  1.13017e+001  4.33083e+002
           638  4.48548e+002  6.38000e+002 -4.48314e+001  1.13017e+001  4.33167e+002
           639  4.48624e+002  6.39000e+002 -4.48304e+001  1.13017e+001  4.33250e+002
           640  4.48711e+002  6.40000e+002 -4.48280e+001  1.13017e+001  4.33333e+002
           641  4.48792e+002  6.41000e+002 -4.48258e+001  1.13017e+001  4.33417e+002
           642  4.48878e+002  6.42000e+002 -4.48251e+001  1.13017e+001  4.33500e+002
           643  4.48967e+002  6.43000e+002 -4.48215e+001  1.13017e+001  4.33583e+002
           644  4.49055e+002  6.44000e+002 -4.48195e+001  1.13017e+001  4.33667e+002
           645  4.49137e+002  6.45000e+002 -4.48174e+001  1.13017e+001  4.33750e+002
           646  4.49224e+002  6.46000e+002 -4.48150e+001  1.13017e+001  4.33833e+002
           647  4.49303e+002  6.47000e+002 -4.48129e+001  1.13018e+001  4.33917e+002
           648  4.49389e+002  6.48000e+002 -4.48090e+001  1.13018e+001  4.34000e+002
           649  4.49477e+002  6.49000e+002 -4.48078e+001  1.13018e+001  4.34083e+002
           650  4.49561e+002  6.50000e+002 -4.48078e+001  1.13018e+001  4.34167e+002
           651  4.49639e+002  6.51000e+002 -4.48078e+001  1.13018e+001  4.34250e+002
           652  4.49719e+002  6.52000e+002 -4.48100e+001  1.13018e+001  4.34333e+002
           653  4.49807e+002  6.53000e+002 -4.48121e+001  1.13018e+001  4.34417e+002
           654  4.49892e+002  6.54000e+002 -4.48152e+001  1.13018e+001  4.34500e+002
           655  4.49980e+002  6.55000e+002 -4.48180e+001  1.13018e+001  4.34583e+002
           656  4.50062e+002  6.56000e+002 -4.48230e+001  1.13017e+001  4.34667e+002
           657  4.50151e+002  6.57000e+002 -4.48261e+001  1.13017e+001  4.34750e+002
           658  4.50230e+002  6.58000e+002 -4.48293e+001  1.13017e+001  4.34833e+002
           659  4.50308e+002  6.59000e+002 -4.48336e+001  1.13017e+001  4.34917e+002
           660  4.50394e+002  6.60000e+002 -4.48408e+001  1.13016e+001  4.35000e+002
           661  4.50487e+002  6.61000e+002 -4.48460e+001  1.13016e+001  4.35083e+002
           662  4.50570e+002  6.62000e+002 -4.48507e+001  1.13015e+001  4.35167e+002
           663  4.50646e+002  6.63000e+002 -4.48547e+001  1.13015e+001  4.35250e+002
           664  4.50731e+002  6.64000e+002 -4.48594e+001  1.13014e+001  4.35333e+002
           665  4.50817e+002  6.65000e+002 -4.48622e+001  1.13013e+001  4.35417e+002
           666  4.50896e+002  6.66000e+002 -4.48649e+001  1.13013e+001  4.35500e+002
           667  4.50990e+002  6.67000e+002 -4.48682e+001  1.13012e+001  4.35583e+002
           668  4.51066e+002  6.68000e+002 -4.48700e+001  1.13012e+001  4.35667e+002
           669  4.51142e+002  6.69000e+002 -4.48705e+001  1.13012e+001  4.35750e+002
           670  4.51230e+002  6.70000e+002 -4.48705e+001  1.13012e+001  4.35833e+002
           671  4.51318e+002  6.71000e+002 -4.48697e+001  1.13012e+001  4.35917e+002
           672  4.51405e+002  6.72000e+002 -4.48646e+001  1.13013e+001  4.36000e+002
           673  4.51482e+002  6.73000e+002 -4.48624e+001  1.13013e+001  4.36083e+002
           674  4.51565e+002  6.74000e+002 -4.48612e+001  1.13014e+001  4.36167e+002
           675  4.51653e+002  6.75000e+002 -4.48606e+001  1.13014e+001  4.36250e+002
           676  4.51728e+002  6.76000e+002 -4.48581e+001  1.13015e+001  4.36333e+002
           677  4.51815e+002  6.77000e+002 -4.48570e+001  1.13015e+001  4.36417e+002
           678  4.51902e+002  6.78000e+002 -4.48554e+001  1.13016e+001  4.36500e+002
           679  4.51988e+002  6.79000e+002 -4.48533e+001  1.13016e+001  4.36583e+002
           680  4.52075e+002  6.80000e+002 -4.48493e+001  1.13016e+001  4.36667e+002
           681  4.52160e+002  6.81000e+002 -4.48466e+001  1.13016e+001  4.36750e+002
           682  4.52240e+002  6.82000e+002 -4.48445e+001  1.13016e+001  4.36833e+002
           683  4.52328e+002  6.83000e+002 -4.48432e+001  1.13016e+001  4.36917e+002
           684  4.52410e+002  6.84000e+002 -4.48452e+001  1.13016e+001  4.37000e+002
           685  4.52494e+002  6.85000e+002 -4.48467e+001  1.13016e+001  4.37083e+002
           686  4.52581e+002  6.86000e+002 -4.48474e+001  1.13016e+001  4.37167e+002
           687  4.52660e+002  6.87000e+002 -4.48480e+001  1.13016e+001  4.37250e+002
           688  4.52744e+002  6.88000e+002 -4.48480e+001  1.13015e+001  4.37333e+002
           689  4.52832e+002  6.89000e+002 -4.48495e+001  1.13015e+001  4.37417e+002
           690  4.52911e+002  6.90000e+002 -4.48511e+001  1.13015e+001  4.37500e+002
           691  4.52992e+002  6.91000e+002 -4.48525e+001  1.13015e+001  4.37583e+002
           692  4.53080e+002  6.92000e+002 -4.48546e+001  1.13015e+001  4.37667e+002
           693  4.53158e+002  6.93000e+002 -4.48538e+001  1.13015e+001  4.37750e+002
           694  4.53245e+002  6.94000e+002 -4.48535e+001  1.13015e+001  4.37833e+002
           695  4.53325e+002  6.95000e+002 -4.48537e+001  1.13015e+001  4.37917e+002
           696  4.53412e+002  6.96000e+002 -4.48543e+001  1.13014e+001  4.38000e+002
           697  4.53497e+002  6.97000e+002 -4.48557e+001  1.13013e+001  4.38083e+002
           698  4.53577e+002  6.98000e+002 -4.48575e+001  1.13012e+001  4.38167e+002
           699  4.53660e+002  6.99000e+002 -4.48598e+001  1.13012e+001  4.38250e+002
           700  4.53753e+002  7.00000e+002 -4.48580e+001  1.13011e+001  4.38333e+002
           701  4.53833e+002  7.01000e+002 -4.48573e+001  1.13011e+001  4.38417e+002
           702  4.53919e+002  7.02000e+002 -4.48587e+001  1.13012e+001  4.38500e+002
           703  4.54001e+002  7.03000e+002 -4.48620e+001  1.13012e+001  4.38583e+002
           704  4.54090e+002  7.04000e+002 -4.48716e+001  1.13013e+001  4.38667e+002
           705  4.54172e+002  7.05000e+002 -4.48774e+001  1.13014e+001  4.38750e+002
           706  4.54256e+002  7.06000e+002 -4.48825e+001  1.13014e+001  4.38833e+002
           707  4.54339e+002  7.07000e+002 -4.48871e+001  1.13014e+001  4.38917e+002
           708  4.54418e+002  7.08000e+002 -4.48907e+001  1.13014e+001  4.39000e+002
           709  4.54504e+002  7.09000e+002 -4.48941e+001  1.13013e+001  4.39083e+002
           710  4.54591e+002  7.10000e+002 -4.48970e+001  1.13013e+001  4.39167e+002
           711  4.54676e+002  7.11000e+002 -4.49000e+001  1.13012e+001  4.39250e+002
           712  4.54761e+002  7.12000e+002 -4.49065e+001  1.13012e+001  4.39333e+002
           713  4.54838e+002  7.13000e+002 -4.49106e+001  1.13012e+001  4.39417e+002
           714  4.54929e+002  7.14000e+002 -4.49132e+001  1.13011e+001  4.39500e+002
           715  4.55015e+002  7.15000e+002 -4.49153e+001  1.13011e+001  4.39583e+002
           716  4.55095e+002  7.16000e+002 -4.49144e+001  1.13012e+001  4.39667e+002
           717  4.55174e+002  7.17000e+002 -4.49153e+001  1.13012e+001  4.39750e+002
           718  4.55262e+002  7.18000e+002 -4.49152e+001  1.13012e+001  4.39833e+002
           719  4.55350e+002  7.19000e+002 -4.49153e+001  1.13012e+001  4.39917e+002
           720  4.55436e+002  7.20000e+002 -4.49121e+001  1.13013e+001  4.40000e+002
           721  4.55529e+002  7.21000e+002 -4.49108e+001  1.13013e+001  4.40083e+002
           722  4.55597e+002  7.22000e+002 -4.49104e+001  1.13014e+001  4.40167e+002
           723  4.55675e+002  7.23000e+002 -4.49087e+001  1.13014e+001  4.40250e+002
           724  4.55766e+002  7.24000e+002 -4.49046e+001  1.13015e+001  4.40333e+002
           725  4.55855e+002  7.25000e+002 -4.49026e+001  1.13015e+001  4.40417e+002
           726  4.55932e+002  7.26000e+002 -4.49008e+001  1.13015e+001  4.40500e+002
           727  4.56023e+002  7.27000e+002 -4.48996e+001  1.13016e+001  4.40583e+002
           728  4.56101e+002  7.28000e+002 -4.48966e+001  1.13016e+001  4.40667e+002
           729  4.56195e+002  7.29000e+002 -4.48968e+001  1.13016e+001  4.40750e+002
           730  4.56283e+002  7.30000e+002 -4.48976e+001  1.13016e+001  4.40833e+002
           731  4.56358e+002  7.31000e+002 -4.48979e+001  1.13017e+001  4.40917e+002
           732  4.56453e+002  7.32000e+002 -4.49000e+001  1.13017e+001  4.41000e+002
           733  4.56538e+002  7.33000e+002 -4.49015e+001  1.13017e+001  4.41083e+002
           734  4.56614e+002  7.34000e+002 -4.49029e+001  1.13017e+001  4.41167e+002
           735  4.56698e+002  7.35000e+002 -4.49040e+001  1.13017e+001  4.41250e+002
           736  4.56782e+002  7.36000e+002 -4.49097e+001  1.13017e+001  4.41333e+002
           737  4.56870e+002  7.37000e+002 -4.49134e+001  1.13016e+001  4.41417e+002
           738  4.56950e+002  7.38000e+002 -4.49168e+001  1.13016e+001  4.41500e+002
           739  4.57045e+002  7.39000e+002 -4.49198e+001  1.13015e+001  4.41583e+002
           740  4.57125e+002  7.40000e+002 -4.49219e+001  1.13014e+001  4.41667e+002
           741  4.57205e+002  7.41000e+002 -4.49246e+001  1.13012e+001  4.41750e+002
           742  4.57288e+002  7.42000e+002 -4.49275e+001  1.13011e+001  4.41833e+002
           743  4.57375e+002  7.43000e+002 -4.49301e+001  1.13010e+001  4.41917e+002
           744  4.57462e+002  7.44000e+002 -4.49337e+001  1.13009e+001  4.42000e+002
           745  4.57544e+002  7.45000e+002 -4.49363e+001  1.13008e+001  4.42083e+002
           746  4.57626e+002  7.46000e+002 -4.49378e+001  1.13008e+001  4.42167e+002
           747  4.57715e+002  7.47000e+002 -4.49396e+001  1.13008e+001  4.42250e+002
           748  4.57797e+002  7.48000e+002 -4.49416e+001  1.13008e+001  4.42333e+002
           749  4.57883e+002  7.49000e+002 -4.49407e+001  1.13009e+001  4.42417e+002
           750  4.57973e+002  7.50000e+002 -4.49423e+001  1.13009e+001  4.42500e+002
           751  4.58049e+002  7.51000e+002 -4.49442e+001  1.13009e+001  4.42583e+002
           752  4.58132e+002  7.52000e+002 -4.49457e+001  1.13009e+001  4.42667e+002
           753  4.58219e+002  7.53000e+002 -4.49458e+001  1.13010e+001  4.42750e+002
           754  4.58308e+002  7.54000e+002 -4.49459e+001  1.13010e+001  4.42833e+002
           755  4.58385e+002  7.55000e+002 -4.49460e+001  1.13010e+001  4.42917e+002
           756  4.58467e+002  7.56000e+002 -4.49463e+001  1.13010e+001  4.43000e+002
           757  4.58553e+002  7.57000e+002 -4.49454e+001  1.13011e+001  4.43083e+002
           758  4.58644e+002  7.58000e+002 -4.49452e+001  1.13011e+001  4.43167e+002
           759  4.58727e+002  7.59000e+002 -4.49456e+001  1.13011e+001  4.43250e+002
           760  4.58806e+002  7.60000e+002 -4.49458e+001  1.13011e+001  4.43333e+002
           761  4.58887e+002  7.61000e+002 -4.49414e+001  1.13012e+001  4.43417e+002
           762  4.58975e+002  7.62000e+002 -4.49389e+001  1.13012e+001  4.43500e+002
           763  4.59059e+002  7.63000e+002 -4.49374e+001  1.13012e+001  4.43583e+002
           764  4.59139e+002  7.64000e+002 -4.49368e+001  1.13012e+001  4.43667e+002
           765  4.59224e+002  7.65000e+002 -4.49361e+001  1.13013e+001  4.43750e+002
           766  4.59312e+002  7.66000e+002 -4.49359e+001  1.13013e+001  4.43833e+002
           767  4.59399e+002  7.67000e+002 -4.49368e+001  1.13013e+001  4.43917e+002
           768  4.59483e+002  7.68000e+002 -4.49388e+001  1.13014e+001  4.44000e+002
           769  4.59567e+002  7.69000e+002 -4.49395e+001  1.13014e+001  4.44083e+002
           770  4.59650e+002  7.70000e+002 -4.49415e+001  1.13015e+001  4.44167e+002
           771  4.59727e+002  7.71000e+002 -4.49434e+001  1.13015e+001  4.44250e+002
           772  4.59814e+002  7.72000e+002 -4.49455e+001  1.13015e+001  4.44333e+002
           773  4.59901e+002  7.73000e+002 -4.49528e+001  1.13014e+001  4.44417e+002
           774  4.59980e+002  7.74000e+002 -4.49568e+001  1.13014e+001  4.44500e+002
           775  4.60068e+002  7.75000e+002 -4.49598e+001  1.13013e+001  4.44583e+002
           776  4.60149e+002  7.76000e+002 -4.49620e+001  1.13012e+001  4.44667e+002
           777  4.60237e+002  7.77000e+002 -4.49680e+001  1.13011e+001  4.44750e+002
           778  4.60321e+002  7.78000e+002 -4.49719e+001  1.13010e+001  4.44833e+002
           779  4.60403e+002  7.79000e+002 -4.49749e+001  1.13008e+001  4.44917e+002
           780  4.60489e+002  7.80000e+002 -4.49771e+001  1.13007e+001  4.45000e+002
           781  4.60574e+002  7.81000e+002 -4.49774e+001  1.13006e+001  4.45083e+002
           782  4.60657e+002  7.82000e+002 -4.49795e+001  1.13006e+001  4.45167e+002
           783  4.60746e+002  7.83000e+002 -4.49817e+001  1.13005e+001  4.45250e+002
           784  4.60831e+002  7.84000e+002 -4.49839e+001  1.13005e+001  4.45333e+002
           785  4.60916e+002  7.85000e+002 -4.49837e+001  1.13006e+001  4.45417e+002
           786  4.60999e+002  7.86000e+002 -4.49846e+001  1.13006e+001  4.45500e+002
           787  4.61085e+002  7.87000e+002 -4.49858e+001  1.13007e+001  4.45583e+002
           788  4.61166e+002  7.88000e+002 -4.49867e+001  1.13007e+001  4.45667e+002
           789  4.61250e+002  7.89000e+002 -4.49852e+001  1.13008e+001  4.45750e+002
           790  4.61333e+002  7.90000e+002 -4.49838e+001  1.13008e+001  4.45833e+002
           791  4.61421e+002  7.91000e+002 -4.49824e+001  1.13008e+001  4.45917e+002
           792  4.61509e+002  7.92000e+002 -4.49821e+001  1.13009e+001  4.46000e+002
           793  4.61584e+002  7.93000e+002 -4.49810e+001  1.13008e+001  4.46083e+002
           794  4.61665e+002  7.94000e+002 -4.49799e+001  1.13009e+001  4.46167e+002
           795  4.61752e+002  7.95000e+002 -4.49775e+001  1.13009e+001  4.46250e+002
           796  4.61837e+002  7.96000e+002 -4.49754e+001  1.13009e+001  4.46333e+002
           797  4.61925e+002  7.97000e+002 -4.49708e+001  1.13009e+001  4.46417e+002
           798  4.62006e+002  7.98000e+002 -4.49669e+001  1.13009e+001  4.46500e+002
           799  4.62090e+002  7.99000e+002 -4.49629e+001  1.13010e+001  4.46583e+002
           800  4.62177e+002  8.00000e+002 -4.49579e+001  1.13010e+001  4.46667e+002
           801  4.62261e+002  8.01000e+002 -4.49548e+001  1.13011e+001  4.46750e+002
           802  4.62342e+002  8.02000e+002 -4.49519e+001  1.13011e+001  4.46833e+002
           803  4.62430e+002  8.03000e+002 -4.49490e+001  1.13012e+001  4.46917e+002
           804  4.62519e+002  8.04000e+002 -4.49466e+001  1.13012e+001  4.47000e+002
           805  4.62601e+002  8.05000e+002 -4.49417e+001  1.13013e+001  4.47083e+002
           806  4.62683e+002  8.06000e+002 -4.49377e+001  1.13013e+001  4.47167e+002
           807  4.62766e+002  8.07000e+002 -4.49360e+001  1.13013e+001  4.47250e+002
           808  4.62847e+002  8.08000e+002 -4.49350e+001  1.13013e+001  4.47333e+002
           809  4.62934e+002  8.09000e+002 -4.49342e+001  1.13013e+001  4.47417e+002
           810  4.63023e+002  8.10000e+002 -4.49369e+001  1.13012e+001  4.47500e+002
           811  4.63101e+002  8.11000e+002 -4.49377e+001  1.13012e+001  4.47583e+002
           812  4.63187e+002  8.12000e+002 -4.49384e+001  1.13012e+001  4.47667e+002
           813  4.63269e+002  8.13000e+002 -4.49391e+001  1.13011e+001  4.47750e+002
           814  4.63351e+002  8.14000e+002 -4.49418e+001  1.13011e+001  4.47833e+002
           815  4.63439e+002  8.15000e+002 -4.49440e+001  1.13010e+001  4.47917e+002
           816  4.63520e+002  8.16000e+002 -4.49452e+001  1.13010e+001  4.48000e+002
           817  4.63607e+002  8.17000e+002 -4.49456e+001  1.13010e+001  4.48083e+002
           818  4.63690e+002  8.18000e+002 -4.49482e+001  1.13009e+001  4.48167e+002
           819  4.63776e+002  8.19000e+002 -4.49492e+001  1.13009e+001  4.48250e+002
           820  4.63853e+002  8.20000e+002 -4.49501e+001  1.13009e+001  4.48333e+002
           821  4.63938e+002  8.21000e+002 -4.49508e+001  1.13008e+001  4.48417e+002
           822  4.64019e+002  8.22000e+002 -4.49513e+001  1.13008e+001  4.48500e+002
           823  4.64101e+002  8.23000e+002 -4.49517e+001  1.13008e+001  4.48583e+002
           824  4.64194e+002  8.24000e+002 -4.49522e+001  1.13007e+001  4.48667e+002
           825  4.64285e+002  8.25000e+002 -4.49525e+001  1.13007e+001  4.48750e+002
           826  4.64371e+002  8.26000e+002 -4.49504e+001  1.13007e+001  4.48833e+002
           827  4.64450e+002  8.27000e+002 -4.49492e+001  1.13007e+001  4.48917e+002
           828  4.64531e+002  8.28000e+002 -4.49481e+001  1.13007e+001  4.49000e+002
           829  4.64616e+002  8.29000e+002 -4.49471e+001  1.13007e+001  4.49083e+002
           830  4.64698e+002  8.30000e+002 -4.49455e+001  1.13008e+001  4.49167e+002
           831  4.64786e+002  8.31000e+002 -4.49441e+001  1.13008e+001  4.49250e+002
           832  4.64864e+002  8.32000e+002 -4.49430e+001  1.13008e+001  4.49333e+002
           833  4.64950e+002  8.33000e+002 -4.49415e+001  1.13009e+001  4.49417e+002
           834  4.65030e+002  8.34000e+002 -4.49389e+001  1.13009e+001  4.49500e+002
           835  4.65118e+002  8.35000e+002 -4.49375e+001  1.13009e+001  4.49583e+002
           836  4.65206e+002  8.36000e+002 -4.49364e+001  1.13010e+001  4.49667e+002
           837  4.65288e+002  8.37000e+002 -4.49364e+001  1.13010e+001  4.49750e+002
           838  4.65369e+002  8.38000e+002 -4.49335e+001  1.13010e+001  4.49833e+002
           839  4.65457e+002  8.39000e+002 -4.49323e+001  1.13010e+001  4.49917e+002
           840  4.65535e+002  8.40000e+002 -4.49319e+001  1.13010e+001  4.50000e+002
           841  4.65618e+002  8.41000e+002 -4.49323e+001  1.13010e+001  4.50083e+002
           842  4.65704e+002  8.42000e+002 -4.49341e+001  1.13010e+001  4.50167e+002
           843  4.65792e+002  8.43000e+002 -4.49352e+001  1.13010e+001  4.50250e+002
           844  4.65873e+002  8.44000e+002 -4.49367e+001  1.13010e+001  4.50333e+002
           845  4.65959e+002  8.45000e+002 -4.49395e+001  1.13010e+001  4.50417e+002
           846  4.66041e+002  8.46000e+002 -4.49431e+001  1.13010e+001  4.50500e+002
           847  4.66130e+002  8.47000e+002 -4.49462e+001  1.13010e+001  4.50583e+002
           848  4.66210e+002  8.48000e+002 -4.49495e+001  1.13010e+001  4.50667e+002
           849  4.66296e+002  8.49000e+002 -4.49535e+001  1.13010e+001  4.50750e+002
           850  4.66370e+002  8.50000e+002 -4.49607e+001  1.13010e+001  4.50833e+002
           851  4.66461e+002  8.51000e+002 -4.49660e+001  1.13010e+001  4.50917e+002
           852  4.66549e+002  8.52000e+002 -4.49705e+001  1.13010e+001  4.51000e+002
           853  4.66630e+002  8.53000e+002 -4.49741e+001  1.13009e+001  4.51083e+002
           854  4.66713e+002  8.54000e+002 -4.49797e+001  1.13009e+001  4.51167e+002
           855  4.66800e+002  8.55000e+002 -4.49846e+001  1.13008e+001  4.51250e+002
           856  4.66887e+002  8.56000e+002 -4.49888e+001  1.13008e+001  4.51333e+002
           857  4.66967e+002  8.57000e+002 -4.49921e+001  1.13007e+001  4.51417e+002
           858  4.67053e+002  8.58000e+002 -4.49953e+001  1.13007e+001  4.51500e+002
           859  4.67135e+002  8.59000e+002 -4.49997e+001  1.13007e+001  4.51583e+002
           860  4.67219e+002  8.60000e+002 -4.50042e+001  1.13006e+001  4.51667e+002
           861  4.67309e+002  8.61000e+002 -4.50084e+001  1.13006e+001  4.51750e+002
           862  4.67396e+002  8.62000e+002 -4.50099e+001  1.13007e+001  4.51833e+002
           863  4.67471e+002  8.63000e+002 -4.50135e+001  1.13007e+001  4.51917e+002
           864  4.67557e+002  8.64000e+002 -4.50173e+001  1.13007e+001  4.52000e+002
           865  4.67646e+002  8.65000e+002 -4.50208e+001  1.13008e+001  4.52083e+002
           866  4.67733e+002  8.66000e+002 -4.50261e+001  1.13008e+001  4.52167e+002
           867  4.67815e+002  8.67000e+002 -4.50305e+001  1.13008e+001  4.52250e+002
           868  4.67903e+002  8.68000e+002 -4.50340e+001  1.13009e+001  4.52333e+002
           869  4.67983e+002  8.69000e+002 -4.50374e+001  1.13009e+001  4.52417e+002
           870  4.68070e+002  8.70000e+002 -4.50415e+001  1.13009e+001  4.52500e+002
           871  4.68154e+002  8.71000e+002 -4.50448e+001  1.13010e+001  4.52583e+002
           872  4.68238e+002  8.72000e+002 -4.50479e+001  1.13010e+001  4.52667e+002
           873  4.68323e+002  8.73000e+002 -4.50511e+001  1.13010e+001  4.52750e+002
           874  4.68402e+002  8.74000e+002 -4.50520e+001  1.13010e+001  4.52833e+002
           875  4.68493e+002  8.75000e+002 -4.50544e+001  1.13010e+001  4.52917e+002
           876  4.68583e+002  8.76000e+002 -4.50575e+001  1.13010e+001  4.53000e+002
           877  4.68658e+002  8.77000e+002 -4.50608e+001  1.13011e+001  4.53083e+002
           878  4.68739e+002  8.78000e+002 -4.50613e+001  1.13011e+001  4.53167e+002
           879  4.68828e+002  8.79000e+002 -4.50632e+001  1.13011e+001  4.53250e+002
           880  4.68909e+002  8.80000e+002 -4.50656e+001  1.13011e+001  4.53333e+002
           881  4.68994e+002  8.81000e+002 -4.50675e+001  1.13011e+001  4.53417e+002
           882  4.69082e+002  8.82000e+002 -4.50698e+001  1.13011e+001  4.53500e+002
           883  4.69165e+002  8.83000e+002 -4.50731e+001  1.13012e+001  4.53583e+002
           884  4.69248e+002  8.84000e+002 -4.50763e+001  1.13012e+001  4.53667e+002
           885  4.69331e+002  8.85000e+002 -4.50801e+001  1.13012e+001  4.53750e+002
           886  4.69414e+002  8.86000e+002 -4.50834e+001  1.13012e+001  4.53833e+002
           887  4.69498e+002  8.87000e+002 -4.50864e+001  1.13012e+001  4.53917e+002
           888  4.69582e+002  8.88000e+002 -4.50886e+001  1.13012e+001  4.54000e+002
           889  4.69666e+002  8.89000e+002 -4.50909e+001  1.13011e+001  4.54083e+002
           890  4.69750e+002  8.90000e+002 -4.50931e+001  1.13010e+001  4.54167e+002
           891  4.69835e+002  8.91000e+002 -4.50952e+001  1.13009e+001  4.54250e+002
           892  4.69924e+002  8.92000e+002 -4.50908e+001  1.13008e+001  4.54333e+002
           893  4.70004e+002  8.93000e+002 -4.50893e+001  1.13007e+001  4.54417e+002
           894  4.70088e+002  8.94000e+002 -4.50907e+001  1.13006e+001  4.54500e+002
           895  4.70174e+002  8.95000e+002 -4.50924e+001  1.13005e+001  4.54583e+002
           896  4.70259e+002  8.96000e+002 -4.50923e+001  1.13005e+001  4.54667e+002
           897  4.70339e+002  8.97000e+002 -4.50908e+001  1.13004e+001  4.54750e+002
           898  4.70422e+002  8.98000e+002 -4.50843e+001  1.13005e+001  4.54833e+002
           899  4.70507e+002  8.99000e+002 -4.50776e+001  1.13005e+001  4.54917e+002
]3[Zn RR Ar 50 ml/min total calib
